     0     0      450.67     1026.33        0.00
     0     0      453.33     1023.67        0.00
     0     0      456.00     1021.00        0.00
     0     0      458.67     1018.33        0.00
     0     0      461.33     1015.67        0.00
     0     0      462.67     1011.67        0.00
     0     0      465.33     1009.00        0.00
     0     0      466.67     1005.00        0.00
     0     0      469.33     1001.00        0.00
     0     0      470.67      997.00        0.00
     0     0      472.00      993.00        0.00
     0     0      473.33      989.00        0.00
     0     0      476.00      985.00        0.00
     0     0      477.33      981.00        0.00
     0     0      480.00      977.00        0.00
     0     0      481.33      973.00        0.00
     0     0      484.00      969.00        0.00
     0     0      486.67      963.67        0.00
     0     0      489.33      958.33        0.00
     0     0      493.33      954.33        0.00
     0     0      496.00      950.33        0.00
     0     0      498.67      946.33        0.00
     0     0      501.33      943.67        0.00
     0     0      502.67      939.67        0.00
     0     0      505.33      937.00        0.00
     0     0      508.00      933.00        0.00
     0     0      510.67      929.00        0.00
     0     0      513.33      926.33        0.00
     0     0      514.67      922.33        0.00
     0     0      517.33      919.67        0.00
     0     0      520.00      915.67        0.00
     0     0      522.67      911.67        0.00
     0     0      526.67      906.33        0.00
     0     0      529.33      902.33        0.00
     0     0      533.33      898.33        0.00
     0     0      536.00      893.00        0.00
     0     0      540.00      887.67        0.00
     0     0      544.00      881.00        0.00
     0     0      548.00      875.67        0.00
     0     0      552.00      869.00        0.00
     0     0      553.33      863.67        0.00
     0     0      557.33      857.00        0.00
     0     0      560.00      853.00        0.00
     0     0      562.67      847.67        0.00
     0     0      565.33      843.67        0.00
     0     0      568.00      838.33        0.00
     0     0      572.00      834.33        0.00
     0     0      574.67      830.33        0.00
     0     0      577.33      825.00        0.00
     0     0      580.00      821.00        0.00
     0     0      582.67      817.00        0.00
     0     0      585.33      813.00        0.00
     0     0      588.00      810.33        0.00
     0     0      589.33      806.33        0.00
     0     0      592.00      803.67        0.00
     0     0      594.67      799.67        0.00
     0     0      597.33      797.00        0.00
     0     0      601.33      791.67        0.00
     0     0      606.67      787.67        0.00
     0     0      609.33      783.67        0.00
     0     0      613.33      779.67        0.00
     0     0      618.67      774.33        0.00
     0     0      622.67      769.00        0.00
     0     0      626.67      765.00        0.00
     0     0      632.00      759.67        0.00
     0     0      636.00      757.00        0.00
     0     0      641.33      753.00        0.00
     0     0      645.33      750.33        0.00
     0     0      649.33      747.67        0.00
     0     0      656.00      743.67        0.00
     0     0      660.00      741.00        0.00
     0     0      664.00      739.67        0.00
     0     0      670.67      737.00        0.00
     0     0      677.33      733.00        0.00
     0     0      685.33      730.33        0.00
     0     0      694.67      725.00        0.00
     0     0      702.67      721.00        0.00
     0     0      708.00      717.00        0.00
     0     0      712.00      713.00        0.00
     0     0      717.33      709.00        0.00
     0     0      721.33      705.00        0.00
     0     0      726.67      701.00        0.00
     0     0      730.67      697.00        0.00
     0     0      736.00      693.00        0.00
     0     0      741.33      689.00        0.00
     0     0      745.33      685.00        0.00
     0     0      749.33      681.00        0.00
     0     0      756.00      675.67        0.00
     0     0      760.00      673.00        0.00
     0     0      762.67      669.00        0.00
     0     0      766.67      665.00        0.00
     0     0      769.33      662.33        0.00
     0     0      772.00      659.67        0.00
     0     0      774.67      655.67        0.00
     0     0      777.33      651.67        0.00
     0     0      780.00      649.00        0.00
     0     0      782.67      646.33        0.00
     0     0      784.00      642.33        0.00
     0     0      786.67      638.33        0.00
     0     0      790.67      631.67        0.00
     0     0      794.67      627.67        0.00
     0     0      798.67      623.67        0.00
     0     0      806.67      618.33        0.00
     0     0      813.33      614.33        0.00
     0     0      818.67      611.67        0.00
     0     0      825.33      607.67        0.00
     0     0      832.00      606.33        0.00
     0     0      840.00      603.67        0.00
     0     0      850.67      602.33        0.00
     0     0      858.67      602.33        0.00
     0     0      870.67      601.00        0.00
     0     0      881.33      601.00        0.00
     0     0      892.00      601.00        0.00
     0     0      900.00      602.33        0.00
     0     0      910.67      603.67        0.00
     0     0      921.33      605.00        0.00
     0     0      929.33      606.33        0.00
     0     0      938.67      609.00        0.00
     0     0      946.67      614.33        0.00
     0     0      956.00      618.33        0.00
     0     0      964.00      623.67        0.00
     0     0      970.67      629.00        0.00
     0     0      974.67      635.67        0.00
     0     0      981.33      645.00        0.00
     0     0      984.00      649.00        0.00
     0     0      986.67      657.00        0.00
     0     0      990.67      666.33        0.00
     0     0      992.00      673.00        0.00
     0     0      993.33      678.33        0.00
     0     0      993.33      686.33        0.00
     0     0      993.33      694.33        0.00
     0     0      993.33      701.00        0.00
     0     0      990.67      710.33        0.00
     0     0      988.00      718.33        0.00
     0     0      985.33      723.67        0.00
     0     0      982.67      731.67        0.00
     0     0      980.00      738.33        0.00
     0     0      976.00      746.33        0.00
     0     0      974.67      753.00        0.00
     0     0      970.67      761.00        0.00
     0     0      969.33      766.33        0.00
     0     0      968.00      773.00        0.00
     0     0      965.33      778.33        0.00
     0     0      962.67      783.67        0.00
     0     0      960.00      790.33        0.00
     0     0      956.00      794.33        0.00
     0     0      952.00      801.00        0.00
     0     0      948.00      805.00        0.00
     0     0      944.00      810.33        0.00
     0     0      940.00      814.33        0.00
     0     0      936.00      818.33        0.00
     0     0      934.67      822.33        0.00
     0     0      932.00      826.33        0.00
     0     0      928.00      830.33        0.00
     0     0      924.00      834.33        0.00
     0     0      920.00      839.67        0.00
     0     0      916.00      843.67        0.00
     0     0      910.67      847.67        0.00
     0     0      908.00      851.67        0.00
     0     0      905.33      855.67        0.00
     0     0      901.33      858.33        0.00
     0     0      898.67      862.33        0.00
     0     0      896.00      865.00        0.00
     0     0      893.33      869.00        0.00
     0     0      892.00      873.00        0.00
     0     0      889.33      875.67        0.00
     0     0      886.67      878.33        0.00
     0     0      885.33      882.33        0.00
     0     0      882.67      885.00        0.00
     0     0      880.00      887.67        0.00
     0     0      877.33      890.33        0.00
     0     0      874.67      893.00        0.00
     0     0      872.00      895.67        0.00
     0     0      868.00      898.33        0.00
     0     0      864.00      901.00        0.00
     0     0      860.00      903.67        0.00
     0     0      856.00      905.00        0.00
     0     0      853.33      907.67        0.00
     0     0      850.67      910.33        0.00
     0     0      848.00      913.00        0.00
     0     0      845.33      915.67        0.00
     0     0      841.33      918.33        0.00
     0     0      837.33      921.00        0.00
     0     0      834.67      923.67        0.00
     0     0      830.67      925.00        0.00
     0     0      828.00      927.67        0.00
     0     0      824.00      930.33        0.00
     0     0      821.33      933.00        0.00
     0     0      818.67      935.67        0.00
     0     0      816.00      938.33        0.00
     0     0      812.00      941.00        0.00
     0     0      809.33      943.67        0.00
     0     0      806.67      946.33        0.00
     0     0      804.00      949.00        0.00
     0     0      801.33      951.67        0.00
     0     0      798.67      954.33        0.00
     0     0      796.00      957.00        0.00
     0     0      793.33      959.67        0.00
     0     0      790.67      962.33        0.00
     0     0      789.33      966.33        0.00
     0     0      786.67      969.00        0.00
     0     0      784.00      971.67        0.00
     0     0      781.33      975.67        0.00
     0     0      778.67      979.67        0.00
     0     0      776.00      982.33        0.00
     0     0      774.67      986.33        0.00
     0     0      772.00      989.00        0.00
     0     0      769.33      993.00        0.00
     0     0      768.00      997.00        0.00
     0     0      765.33      999.67        0.00
     0     0      762.67     1003.67        0.00
     0     0      761.33     1007.67        0.00
     0     0      758.67     1010.33        0.00
     0     0      757.33     1014.33        0.00
     0     0      754.67     1017.00        0.00
     0     0      753.33     1021.00        0.00
     0     0      752.00     1025.00        0.00
     0     0      749.33     1027.67        0.00
     0     0      748.00     1031.67        0.00
     0     0      745.33     1034.33        0.00
     0     1     1009.33        5.33        0.00
     0     1     1004.00        8.00        0.00
     0     1     1001.33       10.67        0.00
     0     1      998.67       14.67        0.00
     0     1      997.33       18.67        0.00
     0     1      996.00       22.67        0.00
     0     1      993.33       26.67        0.00
     0     1      990.67       30.67        0.00
     0     1      988.00       34.67        0.00
     0     1      986.67       38.67        0.00
     0     1      984.00       44.00        0.00
     0     1      981.33       48.00        0.00
     0     1      978.67       52.00        0.00
     0     1      976.00       56.00        0.00
     0     1      973.33       60.00        0.00
     0     1      970.67       65.33        0.00
     0     1      968.00       70.67        0.00
     0     1      965.33       74.67        0.00
     0     1      962.67       78.67        0.00
     0     1      958.67       84.00        0.00
     0     1      954.67       86.67        0.00
     0     1      950.67       92.00        0.00
     0     1      945.33       94.67        0.00
     0     1      941.33      100.00        0.00
     0     1      938.67      105.33        0.00
     0     1      933.33      110.67        0.00
     0     1      928.00      116.00        0.00
     0     1      922.67      121.33        0.00
     0     1      913.33      126.67        0.00
     0     1      904.00      132.00        0.00
     0     1      893.33      137.33        0.00
     0     1      886.67      141.33        0.00
     0     1      882.67      145.33        0.00
     0     1      878.67      149.33        0.00
     0     1      876.00      154.67        0.00
     0     1      873.33      162.67        0.00
     0     1      872.00      170.67        0.00
     0     1      869.33      178.67        0.00
     0     1      865.33      188.00        0.00
     0     1      862.67      196.00        0.00
     0     1      862.67      201.33        0.00
     0     1      861.33      208.00        0.00
     0     1      858.67      216.00        0.00
     0     1      858.67      224.00        0.00
     0     1      857.33      229.33        0.00
     0     1      858.67      238.67        0.00
     0     1      860.00      246.67        0.00
     0     1      861.33      256.00        0.00
     0     1      862.67      264.00        0.00
     0     1      866.67      270.67        0.00
     0     1      872.00      281.33        0.00
     0     1      876.00      288.00        0.00
     0     1      880.00      294.67        0.00
     0     1      885.33      302.67        0.00
     0     1      890.67      308.00        0.00
     0     1      893.33      310.67        0.00
     0     1      900.00      316.00        0.00
     0     1      905.33      320.00        0.00
     0     1      909.33      321.33        0.00
     0     1      916.00      324.00        0.00
     0     1      922.67      325.33        0.00
     0     1      932.00      329.33        0.00
     0     1      940.00      332.00        0.00
     0     1      944.00      332.00        0.00
     0     1      949.33      332.00        0.00
     0     1      957.33      332.00        0.00
     0     1      965.33      333.33        0.00
     0     1      970.67      333.33        0.00
     0     1      976.00      333.33        0.00
     0     1      981.33      333.33        0.00
     0     1      993.33      333.33        0.00
     0     1     1001.33      333.33        0.00
     0     1     1006.67      333.33        0.00
     0     1     1010.67      333.33        0.00
     0     1     1014.67      332.00        0.00
     0     1     1018.67      330.67        0.00
     0     1     1022.67      330.67        0.00
     0     1     1026.67      329.33        0.00
     0     1     1032.00      328.00        0.00
     0     1     1038.67      325.33        0.00
     0     1     1044.00      324.00        0.00
     0     1     1052.00      324.00        0.00
     0     1     1057.33      322.67        0.00
     0     1     1062.67      321.33        0.00
     0     1     1069.33      318.67        0.00
     0     1     1074.67      316.00        0.00
     0     1     1080.00      313.33        0.00
     0     1     1084.00      309.33        0.00
     0     1     1090.67      304.00        0.00
     0     1     1094.67      300.00        0.00
     0     1     1102.67      294.67        0.00
     0     1     1108.00      290.67        0.00
     0     1     1113.33      286.67        0.00
     0     1     1118.67      281.33        0.00
     0     1     1122.67      277.33        0.00
     0     1     1128.00      272.00        0.00
     0     1     1130.67      266.67        0.00
     0     1     1136.00      260.00        0.00
     0     1     1141.33      256.00        0.00
     0     1     1145.33      249.33        0.00
     0     1     1149.33      245.33        0.00
     0     1     1153.33      240.00        0.00
     0     1     1157.33      233.33        0.00
     0     1     1161.33      228.00        0.00
     0     1     1165.33      222.67        0.00
     0     1     1168.00      217.33        0.00
     0     1     1172.00      212.00        0.00
     0     1     1174.67      208.00        0.00
     0     1     1177.33      202.67        0.00
     0     1     1180.00      200.00        0.00
     0     1     1182.67      196.00        0.00
     0     1     1186.67      190.67        0.00
     0     1     1189.33      186.67        0.00
     0     1     1193.33      181.33        0.00
     0     1     1196.00      178.67        0.00
     0     1     1200.00      174.67        0.00
     0     1     1202.67      170.67        0.00
     0     1     1206.67      165.33        0.00
     0     1     1208.00      161.33        0.00
     0     1     1212.00      154.67        0.00
     0     1     1214.67      149.33        0.00
     0     1     1217.33      145.33        0.00
     0     1     1222.67      138.67        0.00
     0     1     1224.00      134.67        0.00
     0     1     1226.67      128.00        0.00
     0     1     1229.33      124.00        0.00
     0     1     1232.00      117.33        0.00
     0     1     1233.33      113.33        0.00
     0     1     1236.00      109.33        0.00
     0     1     1236.00      105.33        0.00
     0     1     1237.33      101.33        0.00
     0     1     1238.67       96.00        0.00
     0     1     1240.00       92.00        0.00
     0     1     1242.67       89.33        0.00
     0     1     1245.33       86.67        0.00
     0     1     1248.00       82.67        0.00
     0     1     1252.00       78.67        0.00
     0     1     1257.33       73.33        0.00
     0     1     1261.33       69.33        0.00
     0     1     1265.33       65.33        0.00
     0     1     1269.33       61.33        0.00
     0     1     1272.00       56.00        0.00
     0     1     1276.00       52.00        0.00
     0     1     1278.67       49.33        0.00
     0     1     1281.33       45.33        0.00
     0     1     1282.67       41.33        0.00
     0     1     1285.33       36.00        0.00
     0     1     1286.67       32.00        0.00
     0     1     1288.00       28.00        0.00
     0     1     1290.67       21.33        0.00
     0     1     1293.33       16.00        0.00
     0     1     1296.00       12.00        0.00
     0     1     1298.67        9.33        0.00
     0     1     1301.33        6.67        0.00
     0     1     1304.00        4.00        0.00
     0     1     1308.00        2.67        0.00
     0     1     1310.67        0.00        0.00
