     0     0      680.00        8.00        0.00
     0     0      676.00       14.00        0.00
     0     0      672.00       20.00        0.00
     0     0      670.00       26.00        0.00
     0     0      666.00       32.00        0.00
     0     0      664.00       38.00        0.00
     0     0      662.00       44.00        0.00
     0     0      662.00       50.00        0.00
     0     0      660.00       56.00        0.00
     0     0      658.00       62.00        0.00
     0     0      658.00       70.00        0.00
     0     0      656.00       76.00        0.00
     0     0      656.00       86.00        0.00
     0     0      654.00       94.00        0.00
     0     0      654.00      102.00        0.00
     0     0      654.00      108.00        0.00
     0     0      654.00      114.00        0.00
     0     0      654.00      124.00        0.00
     0     0      654.00      130.00        0.00
     0     0      656.00      136.00        0.00
     0     0      656.00      142.00        0.00
     0     0      656.00      148.00        0.00
     0     0      658.00      154.00        0.00
     0     0      660.00      160.00        0.00
     0     0      664.00      166.00        0.00
     0     0      666.00      172.00        0.00
     0     0      668.00      178.00        0.00
     0     0      670.00      184.00        0.00
     0     0      672.00      190.00        0.00
     0     0      672.00      196.00        0.00
     0     0      672.00      202.00        0.00
     0     0      672.00      208.00        0.00
     0     0      672.00      214.00        0.00
     0     0      672.00      220.00        0.00
     0     0      672.00      226.00        0.00
     0     0      672.00      232.00        0.00
     0     0      672.00      238.00        0.00
     0     0      674.00      244.00        0.00
     0     0      676.00      250.00        0.00
     0     0      680.00      260.00        0.00
     0     0      682.00      268.00        0.00
     0     0      686.00      276.00        0.00
     0     0      692.00      286.00        0.00
     0     0      696.00      294.00        0.00
     0     0      702.00      304.00        0.00
     0     0      710.00      316.00        0.00
     0     0      716.00      326.00        0.00
     0     0      724.00      338.00        0.00
     0     0      730.00      350.00        0.00
     0     0      734.00      356.00        0.00
     0     0      738.00      360.00        0.00
     0     0      748.00      374.00        0.00
     0     0      756.00      382.00        0.00
     0     0      760.00      388.00        0.00
     0     0      766.00      396.00        0.00
     0     0      770.00      400.00        0.00
     0     0      776.00      406.00        0.00
     0     0      786.00      414.00        0.00
     0     0      792.00      418.00        0.00
     0     0      798.00      422.00        0.00
     0     0      804.00      428.00        0.00
     0     0      810.00      434.00        0.00
     0     0      820.00      438.00        0.00
     0     0      824.00      442.00        0.00
     0     0      830.00      446.00        0.00
     0     0      836.00      450.00        0.00
     0     0      842.00      454.00        0.00
     0     0      848.00      458.00        0.00
     0     0      854.00      460.00        0.00
     0     0      860.00      464.00        0.00
     0     0      866.00      466.00        0.00
     0     0      872.00      468.00        0.00
     0     0      878.00      470.00        0.00
     0     0      884.00      470.00        0.00
     0     0      890.00      470.00        0.00
     0     0      896.00      470.00        0.00
     0     0      902.00      470.00        0.00
     0     0      908.00      468.00        0.00
     0     0      914.00      466.00        0.00
     0     0      918.00      462.00        0.00
     0     0      924.00      458.00        0.00
     0     0      928.00      454.00        0.00
     0     0      932.00      450.00        0.00
     0     0      936.00      446.00        0.00
     0     0      938.00      440.00        0.00
     0     0      942.00      436.00        0.00
     0     0      944.00      430.00        0.00
     0     0      946.00      424.00        0.00
     0     0      948.00      418.00        0.00
     0     0      948.00      412.00        0.00
     0     0      950.00      406.00        0.00
     0     0      952.00      400.00        0.00
     0     0      954.00      392.00        0.00
     0     0      958.00      382.00        0.00
     0     0      958.00      374.00        0.00
     0     0      962.00      366.00        0.00
     0     0      962.00      358.00        0.00
     0     0      966.00      344.00        0.00
     0     0      968.00      332.00        0.00
     0     0      968.00      318.00        0.00
     0     0      970.00      302.00        0.00
     0     0      970.00      290.00        0.00
     0     0      970.00      280.00        0.00
     0     0      972.00      266.00        0.00
     0     0      972.00      254.00        0.00
     0     0      972.00      244.00        0.00
     0     0      974.00      228.00        0.00
     0     0      976.00      216.00        0.00
     0     0      976.00      210.00        0.00
     0     0      978.00      200.00        0.00
     0     0      978.00      194.00        0.00
     0     0      978.00      186.00        0.00
     0     0      978.00      180.00        0.00
     0     0      978.00      172.00        0.00
     0     0      978.00      166.00        0.00
     0     0      978.00      160.00        0.00
     0     0      978.00      154.00        0.00
     0     0      980.00      148.00        0.00
     0     0      980.00      142.00        0.00
     0     0      980.00      136.00        0.00
     0     0      980.00      130.00        0.00
     0     0      980.00      124.00        0.00
     0     0      980.00      118.00        0.00
     0     0      980.00      112.00        0.00
     0     0      980.00      106.00        0.00
     0     0      980.00      100.00        0.00
     0     0      980.00       94.00        0.00
     0     0      980.00       88.00        0.00
     0     0      982.00       82.00        0.00
     0     0      982.00       76.00        0.00
     0     0      982.00       70.00        0.00
     0     0      982.00       64.00        0.00
     0     0      982.00       58.00        0.00
     0     0      982.00       52.00        0.00
     0     0      984.00       46.00        0.00
     0     0      988.00       34.00        0.00
     0     0      992.00       30.00        0.00
     0     0      994.00       24.00        0.00
     0     0      994.00       18.00        0.00
     0     0      996.00       12.00        0.00
     0     0      996.00        6.00        0.00
     1     0      790.00      484.00        0.00
     1     0      786.00      490.00        0.00
     1     0      786.00      496.00        0.00
     1     0      782.00      500.00        0.00
     1     0      778.00      504.00        0.00
     1     0      774.00      508.00        0.00
     1     0      770.00      512.00        0.00
     1     0      764.00      512.00        0.00
     1     0      758.00      510.00        0.00
     1     0      752.00      506.00        0.00
     1     0      748.00      502.00        0.00
     1     0      744.00      498.00        0.00
     1     0      740.00      494.00        0.00
     1     0      738.00      488.00        0.00
     1     0      738.00      482.00        0.00
     1     0      738.00      476.00        0.00
     1     0      738.00      470.00        0.00
     1     0      738.00      464.00        0.00
     1     0      740.00      458.00        0.00
     1     0      744.00      452.00        0.00
     1     0      748.00      448.00        0.00
     1     0      754.00      446.00        0.00
     1     0      760.00      444.00        0.00
     1     0      766.00      444.00        0.00
     1     0      772.00      446.00        0.00
     1     0      778.00      448.00        0.00
     1     0      782.00      452.00        0.00
     1     0      786.00      456.00        0.00
     1     0      788.00      462.00        0.00
     1     0      792.00      466.00        0.00
