     0     0      203.00        0.00        0.00
     0     0      201.00        3.00        0.00
     0     0      201.00        7.00        0.00
     0     0      201.00       11.00        0.00
     0     0      201.00       15.00        0.00
     0     0      201.00       19.00        0.00
     0     0      201.00       23.00        0.00
     0     0      201.00       27.00        0.00
     0     0      201.00       31.00        0.00
     0     0      201.00       35.00        0.00
     0     0      201.00       39.00        0.00
     0     0      201.00       43.00        0.00
     0     0      201.00       47.00        0.00
     0     0      202.00       50.00        0.00
     0     0      202.00       54.00        0.00
     0     0      202.00       58.00        0.00
     0     0      203.00       61.00        0.00
     0     0      203.00       65.00        0.00
     0     0      203.00       69.00        0.00
     0     0      204.00       72.00        0.00
     0     0      204.00       76.00        0.00
     0     0      205.00       79.00        0.00
     0     0      205.00       83.00        0.00
     0     0      206.00       86.00        0.00
     0     0      206.00       90.00        0.00
     0     0      206.00       94.00        0.00
     0     0      207.00       97.00        0.00
     0     0      207.00      101.00        0.00
     0     0      208.00      104.00        0.00
     0     0      208.00      108.00        0.00
     0     0      209.00      111.00        0.00
     0     0      209.00      115.00        0.00
     0     0      210.00      118.00        0.00
     0     0      210.00      122.00        0.00
     0     0      211.00      126.00        0.00
     0     0      212.00      129.00        0.00
     0     0      213.00      133.00        0.00
     0     0      215.00      136.00        0.00
     0     0      217.00      139.00        0.00
     0     0      220.00      141.00        0.00
     0     0      223.00      143.00        0.00
     0     0      226.00      146.00        0.00
     0     0      229.00      149.00        0.00
     0     0      232.00      150.00        0.00
     0     0      235.00      151.00        0.00
     0     0      238.00      152.00        0.00
     0     0      241.00      153.00        0.00
     0     0      244.00      155.00        0.00
     0     0      248.00      155.00        0.00
     0     0      251.00      156.00        0.00
     0     0      255.00      156.00        0.00
     0     0      259.00      156.00        0.00
     0     0      263.00      156.00        0.00
     0     0      267.00      156.00        0.00
     0     0      270.00      155.00        0.00
     0     0      273.00      154.00        0.00
     0     0      276.00      152.00        0.00
     0     0      279.00      151.00        0.00
     0     0      282.00      148.00        0.00
     0     0      285.00      146.00        0.00
     0     0      288.00      144.00        0.00
     0     0      291.00      142.00        0.00
     0     0      294.00      140.00        0.00
     0     0      297.00      138.00        0.00
     0     0      300.00      137.00        0.00
     0     0      303.00      135.00        0.00
     0     0      306.00      132.00        0.00
     0     0      308.00      129.00        0.00
     0     0      310.00      126.00        0.00
     0     0      311.00      123.00        0.00
     0     0      312.00      120.00        0.00
     0     0      313.00      117.00        0.00
     0     0      315.00      114.00        0.00
     0     0      316.00      111.00        0.00
     0     0      317.00      108.00        0.00
     0     0      318.00      105.00        0.00
     0     0      319.00      101.00        0.00
     0     0      319.00       97.00        0.00
     0     0      319.00       93.00        0.00
     0     0      319.00       89.00        0.00
     0     0      318.00       86.00        0.00
     0     0      318.00       82.00        0.00
     0     0      318.00       78.00        0.00
     0     0      318.00       74.00        0.00
     0     0      318.00       70.00        0.00
     0     0      318.00       66.00        0.00
     0     0      318.00       62.00        0.00
     0     0      318.00       58.00        0.00
     0     0      318.00       54.00        0.00
     0     0      318.00       50.00        0.00
     0     0      318.00       46.00        0.00
     0     0      318.00       42.00        0.00
     0     0      318.00       38.00        0.00
     0     0      318.00       34.00        0.00
     0     0      317.00       31.00        0.00
     0     0      316.00       28.00        0.00
     0     0      315.00       25.00        0.00
     0     0      314.00       22.00        0.00
     0     0      313.00       19.00        0.00
     0     0      312.00       16.00        0.00
     0     0      310.00       13.00        0.00
     0     0      309.00       10.00        0.00
     0     0      308.00        7.00        0.00
     0     0      308.00        3.00        0.00
     0     1      306.00      225.00        0.00
     0     1      302.00      225.00        0.00
     0     1      298.00      225.00        0.00
     0     1      294.00      225.00        0.00
     0     1      291.00      223.00        0.00
     0     1      288.00      221.00        0.00
     0     1      285.00      220.00        0.00
     0     1      282.00      217.00        0.00
     0     1      280.00      214.00        0.00
     0     1      277.00      211.00        0.00
     0     1      275.00      208.00        0.00
     0     1      272.00      205.00        0.00
     0     1      270.00      202.00        0.00
     0     1      268.00      199.00        0.00
     0     1      266.00      196.00        0.00
     0     1      265.00      192.00        0.00
     0     1      265.00      188.00        0.00
     0     1      265.00      184.00        0.00
     0     1      266.00      181.00        0.00
     0     1      268.00      178.00        0.00
     0     1      270.00      175.00        0.00
     0     1      272.00      172.00        0.00
     0     1      274.00      169.00        0.00
     0     1      276.00      166.00        0.00
     0     1      278.00      163.00        0.00
     0     1      280.00      160.00        0.00
     0     1      282.00      157.00        0.00
     0     1      285.00      155.00        0.00
     0     1      288.00      153.00        0.00
     0     1      291.00      150.00        0.00
     0     1      294.00      148.00        0.00
     0     1      297.00      147.00        0.00
     0     1      300.00      146.00        0.00
     0     1      303.00      145.00        0.00
     0     1      306.00      144.00        0.00
     0     1      309.00      143.00        0.00
     0     1      313.00      142.00        0.00
     0     1      317.00      142.00        0.00
     0     1      320.00      143.00        0.00
     0     1      323.00      144.00        0.00
     0     1      326.00      145.00        0.00
     0     1      329.00      147.00        0.00
     0     1      332.00      149.00        0.00
     0     1      335.00      150.00        0.00
     0     1      338.00      152.00        0.00
     0     1      341.00      155.00        0.00
     0     1      344.00      157.00        0.00
     0     1      346.00      160.00        0.00
     0     1      349.00      162.00        0.00
     0     1      351.00      165.00        0.00
     0     1      352.00      168.00        0.00
     0     1      353.00      171.00        0.00
     0     1      353.00      175.00        0.00
     0     1      353.00      179.00        0.00
     0     1      352.00      182.00        0.00
     0     1      350.00      185.00        0.00
     0     1      348.00      188.00        0.00
     0     1      347.00      191.00        0.00
     0     1      345.00      194.00        0.00
     0     1      343.00      197.00        0.00
     0     1      341.00      200.00        0.00
     0     1      339.00      203.00        0.00
     0     1      337.00      206.00        0.00
     0     1      335.00      209.00        0.00
     0     1      332.00      211.00        0.00
     0     1      329.00      214.00        0.00
     0     1      326.00      216.00        0.00
     0     1      323.00      217.00        0.00
     0     1      320.00      218.00        0.00
     0     2        3.00      338.00        0.00
     0     2        5.00      343.00        0.00
     0     2        6.00      346.00        0.00
     0     2        8.00      350.00        0.00
     0     2        9.00      355.00        0.00
     0     2       10.00      360.00        0.00
     0     2       11.00      365.00        0.00
     0     2       12.00      369.00        0.00
     0     2       14.00      374.00        0.00
     0     2       15.00      379.00        0.00
     0     2       17.00      385.00        0.00
     0     2       18.00      389.00        0.00
     0     2       20.00      394.00        0.00
     0     2       21.00      397.00        0.00
     0     2       22.00      401.00        0.00
     0     2       23.00      405.00        0.00
     0     2       24.00      408.00        0.00
     0     2       25.00      411.00        0.00
     0     2       26.00      415.00        0.00
     0     2       26.00      419.00        0.00
     0     2       27.00      422.00        0.00
     0     2       27.00      426.00        0.00
     0     2       28.00      430.00        0.00
     0     2       28.00      434.00        0.00
     0     2       28.00      438.00        0.00
     0     2       28.00      442.00        0.00
     0     2       28.00      446.00        0.00
     0     2       28.00      450.00        0.00
     0     2       28.00      454.00        0.00
     0     2       29.00      459.00        0.00
     0     2       29.00      464.00        0.00
     0     2       30.00      468.00        0.00
     0     2       30.00      473.00        0.00
     0     2       30.00      477.00        0.00
     0     2       31.00      481.00        0.00
     0     2       31.00      486.00        0.00
     0     2       31.00      490.00        0.00
     0     2       31.00      494.00        0.00
     0     2       32.00      497.00        0.00
     0     2       33.00      502.00        0.00
     0     2       33.00      506.00        0.00
     0     2       34.00      509.00        0.00
     0     2       35.00      512.00        0.00
     0     2       35.00      517.00        0.00
     0     2       36.00      520.00        0.00
     0     2       36.00      524.00        0.00
     0     2       38.00      529.00        0.00
     0     2       38.00      533.00        0.00
     0     2       39.00      538.00        0.00
     0     2       39.00      543.00        0.00
     0     2       39.00      548.00        0.00
     0     2       40.00      553.00        0.00
     0     2       41.00      558.00        0.00
     0     2       42.00      564.00        0.00
     0     2       42.00      568.00        0.00
     0     2       43.00      574.00        0.00
     0     2       45.00      578.00        0.00
     0     2       47.00      584.00        0.00
     0     2       49.00      588.00        0.00
     0     2       51.00      593.00        0.00
     0     2       53.00      598.00        0.00
     0     2       55.00      601.00        0.00
     0     2       57.00      605.00        0.00
     0     2       58.00      609.00        0.00
     0     2       60.00      614.00        0.00
     0     2       62.00      618.00        0.00
     0     2       64.00      623.00        0.00
     0     2       65.00      627.00        0.00
     0     2       67.00      633.00        0.00
     0     2       68.00      638.00        0.00
     0     2       69.00      644.00        0.00
     0     2       71.00      649.00        0.00
     0     2       71.00      653.00        0.00
     0     2       72.00      659.00        0.00
     0     2       72.00      663.00        0.00
     0     2       72.00      667.00        0.00
     0     2       72.00      672.00        0.00
     0     2       73.00      676.00        0.00
     0     2       73.00      680.00        0.00
     0     2       73.00      684.00        0.00
     0     2       74.00      689.00        0.00
     0     2       74.00      694.00        0.00
     0     2       74.00      699.00        0.00
     0     2       74.00      703.00        0.00
     0     2       74.00      708.00        0.00
     0     2       73.00      713.00        0.00
     0     2       73.00      719.00        0.00
     0     2       73.00      726.00        0.00
     0     2       73.00      732.00        0.00
     0     2       73.00      737.00        0.00
     0     2       73.00      743.00        0.00
     0     2       72.00      748.00        0.00
     0     2       72.00      752.00        0.00
     0     2       72.00      757.00        0.00
     0     2       71.00      761.00        0.00
     0     2       71.00      767.00        0.00
     0     2       71.00      771.00        0.00
     0     2       71.00      776.00        0.00
     0     2       71.00      780.00        0.00
     0     2       72.00      783.00        0.00
     0     2       72.00      787.00        0.00
     0     2       73.00      791.00        0.00
     0     2       73.00      795.00        0.00
     0     2       74.00      800.00        0.00
     0     2       74.00      804.00        0.00
     0     2       74.00      809.00        0.00
     0     2       75.00      812.00        0.00
     0     2       75.00      816.00        0.00
     0     2       75.00      820.00        0.00
     0     2       75.00      824.00        0.00
     0     2       75.00      828.00        0.00
     0     2       75.00      832.00        0.00
     0     2       74.00      835.00        0.00
     0     2       73.00      839.00        0.00
     0     2       72.00      843.00        0.00
     0     2       71.00      846.00        0.00
     0     2       70.00      849.00        0.00
     0     2       69.00      852.00        0.00
     0     2       69.00      856.00        0.00
     0     2       69.00      860.00        0.00
     0     2       68.00      863.00        0.00
     0     2       66.00      880.00        0.00
     0     2       65.00      888.00        0.00
     0     2       65.00      892.00        0.00
     0     2       66.00      895.00        0.00
     0     2       66.00      899.00        0.00
     0     2       66.00      903.00        0.00
     0     2       66.00      907.00        0.00
     0     2       67.00      910.00        0.00
     0     2       67.00      914.00        0.00
     0     2       67.00      918.00        0.00
     0     2       66.00      922.00        0.00
     0     2       65.00      926.00        0.00
     0     2       64.00      929.00        0.00
     0     2       64.00      933.00        0.00
     0     2       63.00      936.00        0.00
     0     2       62.00      939.00        0.00
     0     2       62.00      943.00        0.00
     0     2       62.00      947.00        0.00
     0     2       62.00      951.00        0.00
     0     2       62.00      955.00        0.00
     0     2       62.00      959.00        0.00
     0     2       62.00      963.00        0.00
     0     2       62.00      967.00        0.00
     0     2       62.00      971.00        0.00
     0     2       62.00      975.00        0.00
     0     2       61.00      979.00        0.00
     0     2       60.00      982.00        0.00
     0     2       59.00      985.00        0.00
     0     2       58.00      988.00        0.00
     0     2       56.00      991.00        0.00
     0     2       55.00      994.00        0.00
     0     2       54.00      998.00        0.00
     0     2       54.00     1002.00        0.00
     0     2       54.00     1006.00        0.00
     0     2       54.00     1010.00        0.00
     0     2       53.00     1013.00        0.00
     0     2       53.00     1017.00        0.00
     0     2       53.00     1021.00        0.00
     0     2       53.00     1025.00        0.00
     0     2       53.00     1029.00        0.00
     0     2       53.00     1033.00        0.00
     0     2       -2.00     1032.00        0.00
     0     3      515.00      921.00        0.00
     0     3      511.00      921.00        0.00
     0     3      508.00      920.00        0.00
     0     3      505.00      919.00        0.00
     0     3      502.00      917.00        0.00
     0     3      499.00      916.00        0.00
     0     3      497.00      913.00        0.00
     0     3      494.00      911.00        0.00
     0     3      491.00      909.00        0.00
     0     3      488.00      907.00        0.00
     0     3      485.00      904.00        0.00
     0     3      483.00      901.00        0.00
     0     3      482.00      898.00        0.00
     0     3      480.00      895.00        0.00
     0     3      479.00      892.00        0.00
     0     3      478.00      889.00        0.00
     0     3      477.00      886.00        0.00
     0     3      477.00      882.00        0.00
     0     3      476.00      879.00        0.00
     0     3      476.00      875.00        0.00
     0     3      476.00      871.00        0.00
     0     3      476.00      867.00        0.00
     0     3      476.00      863.00        0.00
     0     3      476.00      859.00        0.00
     0     3      476.00      855.00        0.00
     0     3      476.00      851.00        0.00
     0     3      476.00      847.00        0.00
     0     3      476.00      843.00        0.00
     0     3      476.00      839.00        0.00
     0     3      476.00      835.00        0.00
     0     3      477.00      832.00        0.00
     0     3      477.00      828.00        0.00
     0     3      477.00      824.00        0.00
     0     3      477.00      820.00        0.00
     0     3      477.00      816.00        0.00
     0     3      477.00      812.00        0.00
     0     3      477.00      808.00        0.00
     0     3      477.00      804.00        0.00
     0     3      477.00      800.00        0.00
     0     3      477.00      796.00        0.00
     0     3      477.00      792.00        0.00
     0     3      477.00      788.00        0.00
     0     3      477.00      784.00        0.00
     0     3      476.00      781.00        0.00
     0     3      476.00      777.00        0.00
     0     3      475.00      774.00        0.00
     0     3      474.00      771.00        0.00
     0     3      474.00      767.00        0.00
     0     3      473.00      763.00        0.00
     0     3      473.00      759.00        0.00
     0     3      472.00      756.00        0.00
     0     3      471.00      753.00        0.00
     0     3      471.00      749.00        0.00
     0     3      471.00      745.00        0.00
     0     3      471.00      741.00        0.00
     0     3      471.00      737.00        0.00
     0     3      470.00      734.00        0.00
     0     3      470.00      730.00        0.00
     0     3      470.00      726.00        0.00
     0     3      470.00      722.00        0.00
     0     3      470.00      718.00        0.00
     0     3      471.00      714.00        0.00
     0     3      472.00      710.00        0.00
     0     3      473.00      706.00        0.00
     0     3      475.00      703.00        0.00
     0     3      476.00      700.00        0.00
     0     3      477.00      697.00        0.00
     0     3      477.00      693.00        0.00
     0     3      478.00      690.00        0.00
     0     3      480.00      687.00        0.00
     0     3      481.00      684.00        0.00
     0     3      482.00      680.00        0.00
     0     3      484.00      677.00        0.00
     0     3      485.00      674.00        0.00
     0     3      488.00      671.00        0.00
     0     3      490.00      668.00        0.00
     0     3      492.00      665.00        0.00
     0     3      494.00      662.00        0.00
     0     3      496.00      659.00        0.00
     0     3      497.00      656.00        0.00
     0     3      499.00      653.00        0.00
     0     3      502.00      651.00        0.00
     0     3      505.00      649.00        0.00
     0     3      508.00      648.00        0.00
     0     3      511.00      646.00        0.00
     0     3      514.00      644.00        0.00
     0     3      517.00      642.00        0.00
     0     3      520.00      641.00        0.00
     0     3      523.00      639.00        0.00
     0     3      526.00      638.00        0.00
     0     3      529.00      637.00        0.00
     0     3      532.00      636.00        0.00
     0     3      535.00      634.00        0.00
     0     3      538.00      633.00        0.00
     0     3      541.00      632.00        0.00
     0     3      544.00      631.00        0.00
     0     3      548.00      631.00        0.00
     0     3      552.00      631.00        0.00
     0     3      555.00      632.00        0.00
     0     3      558.00      633.00        0.00
     0     3      561.00      635.00        0.00
     0     3      563.00      638.00        0.00
     0     3      566.00      640.00        0.00
     0     3      569.00      642.00        0.00
     0     3      571.00      645.00        0.00
     0     3      574.00      647.00        0.00
     0     3      576.00      650.00        0.00
     0     3      578.00      653.00        0.00
     0     3      580.00      656.00        0.00
     0     3      581.00      659.00        0.00
     0     3      583.00      662.00        0.00
     0     3      584.00      665.00        0.00
     0     3      586.00      668.00        0.00
     0     3      588.00      671.00        0.00
     0     3      589.00      674.00        0.00
     0     3      591.00      677.00        0.00
     0     3      592.00      680.00        0.00
     0     3      593.00      683.00        0.00
     0     3      594.00      686.00        0.00
     0     3      595.00      689.00        0.00
     0     3      596.00      692.00        0.00
     0     3      597.00      696.00        0.00
     0     3      597.00      700.00        0.00
     0     3      597.00      704.00        0.00
     0     3      597.00      708.00        0.00
     0     3      597.00      712.00        0.00
     0     3      597.00      716.00        0.00
     0     3      596.00      720.00        0.00
     0     3      596.00      724.00        0.00
     0     3      596.00      728.00        0.00
     0     3      595.00      731.00        0.00
     0     3      595.00      735.00        0.00
     0     3      594.00      739.00        0.00
     0     3      593.00      744.00        0.00
     0     3      593.00      748.00        0.00
     0     3      592.00      753.00        0.00
     0     3      591.00      757.00        0.00
     0     3      590.00      761.00        0.00
     0     3      589.00      766.00        0.00
     0     3      588.00      769.00        0.00
     0     3      588.00      773.00        0.00
     0     3      587.00      778.00        0.00
     0     3      586.00      783.00        0.00
     0     3      586.00      787.00        0.00
     0     3      586.00      793.00        0.00
     0     3      585.00      797.00        0.00
     0     3      584.00      802.00        0.00
     0     3      584.00      806.00        0.00
     0     3      583.00      810.00        0.00
     0     3      583.00      815.00        0.00
     0     3      582.00      820.00        0.00
     0     3      582.00      826.00        0.00
     0     3      581.00      830.00        0.00
     0     3      581.00      837.00        0.00
     0     3      581.00      842.00        0.00
     0     3      581.00      847.00        0.00
     0     3      581.00      851.00        0.00
     0     3      581.00      856.00        0.00
     0     3      581.00      860.00        0.00
     0     3      580.00      863.00        0.00
     0     3      580.00      867.00        0.00
     0     3      579.00      870.00        0.00
     0     3      577.00      873.00        0.00
     0     3      576.00      876.00        0.00
     0     3      575.00      879.00        0.00
     0     3      573.00      882.00        0.00
     0     3      572.00      885.00        0.00
     0     3      570.00      888.00        0.00
     0     3      569.00      891.00        0.00
     0     3      568.00      894.00        0.00
     0     3      567.00      897.00        0.00
     0     3      566.00      900.00        0.00
     0     3      565.00      903.00        0.00
     0     3      563.00      906.00        0.00
     0     3      560.00      909.00        0.00
     0     3      557.00      911.00        0.00
     0     3      554.00      912.00        0.00
     0     3      551.00      914.00        0.00
     0     3      548.00      916.00        0.00
     0     3      545.00      917.00        0.00
     0     3      542.00      918.00        0.00
     0     3      539.00      921.00        0.00
     0     4      409.00      892.00        0.00
     0     4      401.00      889.00        0.00
     0     4      398.00      888.00        0.00
     0     4      395.00      886.00        0.00
     0     4      392.00      883.00        0.00
     0     4      390.00      880.00        0.00
     0     4      387.00      877.00        0.00
     0     4      385.00      873.00        0.00
     0     4      381.00      868.00        0.00
     0     4      379.00      863.00        0.00
     0     4      377.00      856.00        0.00
     0     4      376.00      850.00        0.00
     0     4      375.00      844.00        0.00
     0     4      374.00      838.00        0.00
     0     4      373.00      832.00        0.00
     0     4      373.00      826.00        0.00
     0     4      372.00      821.00        0.00
     0     4      372.00      817.00        0.00
     0     4      371.00      814.00        0.00
     0     4      370.00      810.00        0.00
     0     4      370.00      806.00        0.00
     0     4      369.00      803.00        0.00
     0     4      369.00      799.00        0.00
     0     4      368.00      796.00        0.00
     0     4      367.00      791.00        0.00
     0     4      366.00      788.00        0.00
     0     4      365.00      784.00        0.00
     0     4      364.00      780.00        0.00
     0     4      363.00      776.00        0.00
     0     4      362.00      772.00        0.00
     0     4      360.00      766.00        0.00
     0     4      360.00      762.00        0.00
     0     4      358.00      757.00        0.00
     0     4      358.00      753.00        0.00
     0     4      357.00      747.00        0.00
     0     4      356.00      743.00        0.00
     0     4      356.00      739.00        0.00
     0     4      355.00      734.00        0.00
     0     4      354.00      730.00        0.00
     0     4      354.00      726.00        0.00
     0     4      353.00      722.00        0.00
     0     4      353.00      718.00        0.00
     0     4      352.00      715.00        0.00
     0     4      352.00      711.00        0.00
     0     4      352.00      707.00        0.00
     0     4      351.00      704.00        0.00
     0     4      351.00      700.00        0.00
     0     4      350.00      697.00        0.00
     0     4      349.00      693.00        0.00
     0     4      348.00      690.00        0.00
     0     4      347.00      686.00        0.00
     0     4      346.00      682.00        0.00
     0     4      345.00      678.00        0.00
     0     4      345.00      673.00        0.00
     0     4      344.00      667.00        0.00
     0     4      344.00      663.00        0.00
     0     4      344.00      657.00        0.00
     0     4      344.00      653.00        0.00
     0     4      344.00      648.00        0.00
     0     4      344.00      643.00        0.00
     0     4      344.00      639.00        0.00
     0     4      346.00      633.00        0.00
     0     4      347.00      628.00        0.00
     0     4      349.00      623.00        0.00
     0     4      351.00      618.00        0.00
     0     4      353.00      613.00        0.00
     0     4      355.00      609.00        0.00
     0     4      357.00      606.00        0.00
     0     4      358.00      601.00        0.00
     0     4      359.00      597.00        0.00
     0     4      360.00      593.00        0.00
     0     4      361.00      589.00        0.00
     0     4      362.00      585.00        0.00
     0     4      363.00      581.00        0.00
     0     4      363.00      577.00        0.00
     0     4      363.00      573.00        0.00
     0     4      363.00      568.00        0.00
     0     4      363.00      564.00        0.00
     0     4      362.00      560.00        0.00
     0     4      362.00      555.00        0.00
     0     4      361.00      550.00        0.00
     0     4      360.00      544.00        0.00
     0     4      360.00      540.00        0.00
     0     4      359.00      535.00        0.00
     0     4      359.00      531.00        0.00
     0     4      358.00      527.00        0.00
     0     4      355.00      522.00        0.00
     0     4      354.00      519.00        0.00
     0     4      353.00      515.00        0.00
     0     4      351.00      511.00        0.00
     0     4      350.00      508.00        0.00
     0     4      348.00      503.00        0.00
     0     4      345.00      496.00        0.00
     0     4      344.00      493.00        0.00
     0     4      343.00      489.00        0.00
     0     4      342.00      484.00        0.00
     0     4      340.00      480.00        0.00
     0     4      337.00      473.00        0.00
     0     4      335.00      469.00        0.00
     0     4      333.00      460.00        0.00
     0     4      333.00      456.00        0.00
     0     4      332.00      453.00        0.00
     0     4      332.00      448.00        0.00
     0     4      332.00      444.00        0.00
     0     4      334.00      441.00        0.00
     0     4      335.00      438.00        0.00
     0     4      336.00      435.00        0.00
     0     4      336.00      431.00        0.00
     0     4      338.00      427.00        0.00
     0     4      339.00      423.00        0.00
     0     4      340.00      420.00        0.00
     0     4      341.00      417.00        0.00
     0     4      343.00      413.00        0.00
     0     4      344.00      410.00        0.00
     0     4      345.00      406.00        0.00
     0     4      348.00      401.00        0.00
     0     4      349.00      398.00        0.00
     0     4      350.00      395.00        0.00
     0     4      352.00      392.00        0.00
     0     4      354.00      389.00        0.00
     0     4      357.00      386.00        0.00
     0     4      360.00      384.00        0.00
     0     4      364.00      381.00        0.00
     0     4      367.00      380.00        0.00
     0     4      370.00      378.00        0.00
     0     4      373.00      377.00        0.00
     0     4      376.00      376.00        0.00
     0     4      379.00      375.00        0.00
     0     4      382.00      374.00        0.00
     0     4      386.00      373.00        0.00
     0     4      390.00      373.00        0.00
     0     4      394.00      373.00        0.00
     0     4      397.00      372.00        0.00
     0     4      401.00      372.00        0.00
     0     4      405.00      372.00        0.00
     0     4      409.00      372.00        0.00
     0     4      412.00      373.00        0.00
     0     4      416.00      373.00        0.00
     0     4      419.00      374.00        0.00
     0     4      422.00      375.00        0.00
     0     4      425.00      376.00        0.00
     0     4      428.00      377.00        0.00
     0     4      431.00      379.00        0.00
     0     4      434.00      381.00        0.00
     0     4      436.00      384.00        0.00
     0     4      439.00      386.00        0.00
     0     4      441.00      389.00        0.00
     0     4      443.00      392.00        0.00
     0     4      445.00      395.00        0.00
     0     4      448.00      397.00        0.00
     0     4      458.00      415.00        0.00
     0     4      457.00      418.00        0.00
     0     4      458.00      421.00        0.00
     0     4      458.00      425.00        0.00
     0     4      459.00      428.00        0.00
     0     4      460.00      432.00        0.00
     0     4      461.00      436.00        0.00
     0     4      462.00      440.00        0.00
     0     4      462.00      444.00        0.00
     0     4      463.00      447.00        0.00
     0     4      463.00      451.00        0.00
     0     4      463.00      455.00        0.00
     0     4      463.00      459.00        0.00
     0     4      463.00      463.00        0.00
     0     4      463.00      467.00        0.00
     0     4      462.00      470.00        0.00
     0     4      461.00      473.00        0.00
     0     4      460.00      476.00        0.00
     0     4      460.00      480.00        0.00
     0     4      458.00      484.00        0.00
     0     4      457.00      488.00        0.00
     0     4      456.00      492.00        0.00
     0     4      455.00      496.00        0.00
     0     4      455.00      500.00        0.00
     0     4      454.00      503.00        0.00
     0     4      454.00      507.00        0.00
     0     4      454.00      511.00        0.00
     0     4      453.00      514.00        0.00
     0     4      453.00      518.00        0.00
     0     4      452.00      521.00        0.00
     0     4      452.00      525.00        0.00
     0     4      451.00      529.00        0.00
     0     4      450.00      533.00        0.00
     0     4      450.00      538.00        0.00
     0     4      449.00      542.00        0.00
     0     4      449.00      546.00        0.00
     0     4      448.00      550.00        0.00
     0     4      448.00      555.00        0.00
     0     4      448.00      559.00        0.00
     0     4      448.00      563.00        0.00
     0     4      448.00      567.00        0.00
     0     4      448.00      571.00        0.00
     0     4      449.00      574.00        0.00
     0     4      449.00      578.00        0.00
     0     4      449.00      582.00        0.00
     0     4      449.00      586.00        0.00
     0     4      449.00      590.00        0.00
     0     4      449.00      594.00        0.00
     0     4      450.00      599.00        0.00
     0     4      451.00      604.00        0.00
     0     4      451.00      609.00        0.00
     0     4      451.00      613.00        0.00
     0     4      452.00      618.00        0.00
     0     4      452.00      622.00        0.00
     0     4      453.00      626.00        0.00
     0     4      454.00      631.00        0.00
     0     4      454.00      635.00        0.00
     0     4      455.00      641.00        0.00
     0     4      456.00      645.00        0.00
     0     4      457.00      649.00        0.00
     0     4      457.00      653.00        0.00
     0     4      458.00      656.00        0.00
     0     4      458.00      660.00        0.00
     0     4      458.00      664.00        0.00
     0     4      458.00      668.00        0.00
     0     4      458.00      672.00        0.00
     0     4      458.00      676.00        0.00
     0     4      457.00      679.00        0.00
     0     4      457.00      683.00        0.00
     0     4      456.00      687.00        0.00
     0     4      456.00      691.00        0.00
     0     4      455.00      694.00        0.00
     0     4      455.00      698.00        0.00
     0     4      454.00      702.00        0.00
     0     4      454.00      706.00        0.00
     0     4      454.00      710.00        0.00
     0     4      453.00      713.00        0.00
     0     4      449.00      732.00        0.00
     0     4      449.00      739.00        0.00
     0     4      449.00      743.00        0.00
     0     4      450.00      746.00        0.00
     0     4      450.00      750.00        0.00
     0     4      450.00      754.00        0.00
     0     4      451.00      758.00        0.00
     0     4      451.00      762.00        0.00
     0     4      452.00      765.00        0.00
     0     4      452.00      769.00        0.00
     0     4      452.00      773.00        0.00
     0     4      453.00      776.00        0.00
     0     4      453.00      780.00        0.00
     0     4      453.00      784.00        0.00
     0     4      454.00      787.00        0.00
     0     4      454.00      791.00        0.00
     0     4      454.00      795.00        0.00
     0     4      455.00      798.00        0.00
     0     4      455.00      802.00        0.00
     0     4      455.00      806.00        0.00
     0     4      455.00      810.00        0.00
     0     4      455.00      814.00        0.00
     0     4      455.00      818.00        0.00
     0     4      454.00      821.00        0.00
     0     4      454.00      825.00        0.00
     0     4      454.00      829.00        0.00
     0     4      453.00      832.00        0.00
     0     4      452.00      835.00        0.00
     0     4      451.00      838.00        0.00
     0     4      451.00      842.00        0.00
     0     4      450.00      845.00        0.00
     0     4      449.00      848.00        0.00
     0     4      448.00      851.00        0.00
     0     4      446.00      854.00        0.00
     0     4      444.00      857.00        0.00
     0     4      442.00      860.00        0.00
     0     4      440.00      863.00        0.00
     0     4      438.00      866.00        0.00
     0     4      437.00      869.00        0.00
     0     4      436.00      872.00        0.00
     0     4      434.00      875.00        0.00
     0     4      432.00      878.00        0.00
     0     4      429.00      881.00        0.00
     0     4      427.00      884.00        0.00
     0     5      432.00     1030.00        0.00
     0     5      434.00     1027.00        0.00
     0     5      435.00     1024.00        0.00
     0     5      437.00     1021.00        0.00
     0     5      439.00     1018.00        0.00
     0     5      441.00     1015.00        0.00
     0     5      444.00     1013.00        0.00
     0     5      446.00     1010.00        0.00
     0     5      449.00     1008.00        0.00
     0     5      452.00     1006.00        0.00
     0     5      455.00     1004.00        0.00
     0     5      458.00     1002.00        0.00
     0     5      461.00     1001.00        0.00
     0     5      464.00     1000.00        0.00
     0     5      467.00      998.00        0.00
     0     5      470.00      997.00        0.00
     0     5      473.00      996.00        0.00
     0     5      476.00      995.00        0.00
     0     5      480.00      995.00        0.00
     0     5      484.00      995.00        0.00
     0     5      488.00      995.00        0.00
     0     5      491.00      996.00        0.00
     0     5      494.00      998.00        0.00
     0     5      497.00     1000.00        0.00
     0     5      500.00     1002.00        0.00
     0     5      503.00     1004.00        0.00
     0     5      506.00     1006.00        0.00
     0     5      508.00     1009.00        0.00
     0     5      511.00     1011.00        0.00
     0     5      513.00     1014.00        0.00
     0     5      515.00     1017.00        0.00
     0     5      516.00     1020.00        0.00
     0     5      517.00     1023.00        0.00
     0     5      518.00     1026.00        0.00
     0     5      518.00     1030.00        0.00
     0     6      997.00      675.00        0.00
     0     6      994.00      676.00        0.00
     0     6      991.00      678.00        0.00
     0     6      988.00      679.00        0.00
     0     6      985.00      681.00        0.00
     0     6      982.00      682.00        0.00
     0     6      979.00      683.00        0.00
     0     6      976.00      684.00        0.00
     0     6      972.00      684.00        0.00
     0     6      969.00      685.00        0.00
     0     6      965.00      685.00        0.00
     0     6      961.00      685.00        0.00
     0     6      957.00      685.00        0.00
     0     6      953.00      685.00        0.00
     0     6      949.00      685.00        0.00
     0     6      946.00      684.00        0.00
     0     6      943.00      683.00        0.00
     0     6      940.00      682.00        0.00
     0     6      937.00      680.00        0.00
     0     6      934.00      679.00        0.00
     0     6      931.00      677.00        0.00
     0     6      928.00      676.00        0.00
     0     6      925.00      673.00        0.00
     0     6      922.00      670.00        0.00
     0     6      920.00      667.00        0.00
     0     6      919.00      664.00        0.00
     0     6      918.00      661.00        0.00
     0     6      917.00      658.00        0.00
     0     6      916.00      655.00        0.00
     0     6      915.00      652.00        0.00
     0     6      915.00      648.00        0.00
     0     6      915.00      644.00        0.00
     0     6      915.00      640.00        0.00
     0     6      915.00      636.00        0.00
     0     6      916.00      633.00        0.00
     0     6      917.00      630.00        0.00
     0     6      918.00      627.00        0.00
     0     6      919.00      624.00        0.00
     0     6      920.00      621.00        0.00
     0     6      922.00      618.00        0.00
     0     6      923.00      615.00        0.00
     0     6      924.00      612.00        0.00
     0     6      926.00      609.00        0.00
     0     6      927.00      606.00        0.00
     0     6      928.00      603.00        0.00
     0     6      930.00      600.00        0.00
     0     6      932.00      597.00        0.00
     0     6      934.00      594.00        0.00
     0     6      936.00      591.00        0.00
     0     6      937.00      588.00        0.00
     0     6      940.00      585.00        0.00
     0     6      941.00      582.00        0.00
     0     6      944.00      580.00        0.00
     0     6      945.00      577.00        0.00
     0     6      948.00      575.00        0.00
     0     6      949.00      572.00        0.00
     0     6      952.00      570.00        0.00
     0     6      953.00      567.00        0.00
     0     6      955.00      564.00        0.00
     0     6      958.00      562.00        0.00
     0     6      960.00      559.00        0.00
     0     6      963.00      557.00        0.00
     0     6      966.00      554.00        0.00
     0     6      969.00      552.00        0.00
     0     6      972.00      550.00        0.00
     0     6      975.00      547.00        0.00
     0     6      978.00      545.00        0.00
     0     6      981.00      544.00        0.00
     0     6      984.00      542.00        0.00
     0     6      987.00      540.00        0.00
     0     6      990.00      537.00        0.00
     0     6      993.00      535.00        0.00
     0     6      996.00      534.00        0.00
     0     6     1000.00      534.00        0.00
     0     6     1004.00      534.00        0.00
     0     6     1007.00      535.00        0.00
     0     6     1010.00      536.00        0.00
     0     6     1013.00      538.00        0.00
     0     6     1016.00      540.00        0.00
     0     6     1019.00      541.00        0.00
     0     6     1022.00      544.00        0.00
     0     6     1025.00      546.00        0.00
     0     6     1028.00      548.00        0.00
     0     6     1031.00      551.00        0.00
     0     6     1034.00      554.00        0.00
     0     6     1037.00      556.00        0.00
     0     6     1039.00      559.00        0.00
     0     6     1041.00      562.00        0.00
     0     6     1043.00      565.00        0.00
     0     6     1044.00      568.00        0.00
     0     6     1046.00      571.00        0.00
     0     6     1047.00      574.00        0.00
     0     6     1049.00      577.00        0.00
     0     6     1050.00      580.00        0.00
     0     6     1051.00      583.00        0.00
     0     6     1052.00      587.00        0.00
     0     6     1053.00      591.00        0.00
     0     6     1054.00      594.00        0.00
     0     6     1054.00      598.00        0.00
     0     6     1055.00      601.00        0.00
     0     6     1055.00      605.00        0.00
     0     6     1055.00      609.00        0.00
     0     6     1055.00      613.00        0.00
     0     6     1055.00      617.00        0.00
     0     6     1054.00      620.00        0.00
     0     6     1054.00      624.00        0.00
     0     6     1053.00      627.00        0.00
     0     6     1052.00      631.00        0.00
     0     6     1051.00      635.00        0.00
     0     6     1050.00      638.00        0.00
     0     6     1047.00      641.00        0.00
     0     6     1045.00      644.00        0.00
     0     6     1044.00      647.00        0.00
     0     6     1041.00      649.00        0.00
     0     6     1039.00      652.00        0.00
     0     6     1037.00      655.00        0.00
     0     6     1034.00      657.00        0.00
     0     6     1031.00      659.00        0.00
     0     6     1028.00      661.00        0.00
     0     7     1293.00      399.00        0.00
     0     7     1289.00      402.00        0.00
     0     7     1286.00      404.00        0.00
     0     7     1283.00      407.00        0.00
     0     7     1280.00      408.00        0.00
     0     7     1277.00      410.00        0.00
     0     7     1274.00      412.00        0.00
     0     7     1271.00      413.00        0.00
     0     7     1268.00      414.00        0.00
     0     7     1265.00      415.00        0.00
     0     7     1262.00      416.00        0.00
     0     7     1258.00      416.00        0.00
     0     7     1254.00      416.00        0.00
     0     7     1249.00      416.00        0.00
     0     7     1246.00      415.00        0.00
     0     7     1242.00      414.00        0.00
     0     7     1238.00      412.00        0.00
     0     7     1235.00      411.00        0.00
     0     7     1232.00      410.00        0.00
     0     7     1229.00      407.00        0.00
     0     7     1226.00      405.00        0.00
     0     7     1222.00      403.00        0.00
     0     7     1219.00      400.00        0.00
     0     7     1216.00      398.00        0.00
     0     7     1213.00      395.00        0.00
     0     7     1211.00      392.00        0.00
     0     7     1208.00      389.00        0.00
     0     7     1205.00      385.00        0.00
     0     7     1203.00      382.00        0.00
     0     7     1201.00      379.00        0.00
     0     7     1199.00      376.00        0.00
     0     7     1196.00      372.00        0.00
     0     7     1193.00      366.00        0.00
     0     7     1191.00      361.00        0.00
     0     7     1190.00      355.00        0.00
     0     7     1189.00      350.00        0.00
     0     7     1188.00      345.00        0.00
     0     7     1188.00      338.00        0.00
     0     7     1188.00      332.00        0.00
     0     7     1189.00      327.00        0.00
     0     7     1190.00      320.00        0.00
     0     7     1191.00      315.00        0.00
     0     7     1192.00      307.00        0.00
     0     7     1193.00      301.00        0.00
     0     7     1194.00      297.00        0.00
     0     7     1195.00      291.00        0.00
     0     7     1196.00      287.00        0.00
     0     7     1196.00      283.00        0.00
     0     7     1196.00      277.00        0.00
     0     7     1196.00      272.00        0.00
     0     7     1196.00      265.00        0.00
     0     7     1196.00      259.00        0.00
     0     7     1196.00      253.00        0.00
     0     7     1196.00      247.00        0.00
     0     7     1195.00      240.00        0.00
     0     7     1195.00      236.00        0.00
     0     7     1195.00      232.00        0.00
     0     7     1195.00      227.00        0.00
     0     7     1196.00      222.00        0.00
     0     7     1197.00      217.00        0.00
     0     7     1197.00      213.00        0.00
     0     7     1197.00      209.00        0.00
     0     7     1197.00      204.00        0.00
     0     7     1197.00      200.00        0.00
     0     7     1198.00      197.00        0.00
     0     7     1200.00      194.00        0.00
     0     7     1202.00      190.00        0.00
     0     7     1204.00      186.00        0.00
     0     7     1205.00      182.00        0.00
     0     7     1206.00      179.00        0.00
     0     7     1208.00      173.00        0.00
     0     7     1209.00      169.00        0.00
     0     7     1210.00      165.00        0.00
     0     7     1211.00      162.00        0.00
     0     7     1212.00      159.00        0.00
     0     7     1214.00      155.00        0.00
     0     7     1216.00      150.00        0.00
     0     7     1218.00      146.00        0.00
     0     7     1220.00      143.00        0.00
     0     7     1222.00      140.00        0.00
     0     7     1225.00      138.00        0.00
     0     7     1228.00      136.00        0.00
     0     7     1231.00      134.00        0.00
     0     7     1234.00      132.00        0.00
     0     7     1237.00      130.00        0.00
     0     7     1240.00      129.00        0.00
     0     7     1243.00      128.00        0.00
     0     7     1247.00      125.00        0.00
     0     7     1251.00      123.00        0.00
     0     7     1255.00      123.00        0.00
     0     7     1260.00      123.00        0.00
     0     7     1264.00      123.00        0.00
     0     7     1268.00      123.00        0.00
     0     7     1271.00      124.00        0.00
     0     7     1274.00      126.00        0.00
     0     7     1277.00      128.00        0.00
     0     7     1279.00      131.00        0.00
     0     7     1281.00      134.00        0.00
     0     7     1283.00      137.00        0.00
     0     7     1284.00      141.00        0.00
     0     7     1285.00      144.00        0.00
     0     7     1286.00      148.00        0.00
     0     7     1287.00      154.00        0.00
     0     7     1288.00      157.00        0.00
     0     7     1288.00      162.00        0.00
     0     7     1289.00      166.00        0.00
     0     7     1289.00      171.00        0.00
     0     7     1289.00      176.00        0.00
     0     7     1289.00      182.00        0.00
     0     7     1289.00      187.00        0.00
     0     7     1289.00      192.00        0.00
     0     7     1289.00      196.00        0.00
     0     7     1289.00      200.00        0.00
     0     7     1289.00      206.00        0.00
     0     7     1288.00      210.00        0.00
     0     7     1288.00      215.00        0.00
     0     7     1287.00      219.00        0.00
     0     7     1287.00      224.00        0.00
     0     7     1286.00      228.00        0.00
     0     7     1286.00      233.00        0.00
     0     7     1287.00      237.00        0.00
     0     7     1288.00      240.00        0.00
     0     7     1289.00      244.00        0.00
     0     7     1290.00      248.00        0.00
     0     7     1292.00      252.00        0.00
     0     7     1293.00      256.00        0.00
     0     7     1296.00      260.00        0.00
     0     7     1297.00      263.00        0.00
     0     7     1299.00      266.00        0.00
     0     7     1301.00      270.00        0.00
     0     7     1303.00      273.00        0.00
     0     7     1305.00      276.00        0.00
     0     7     1306.00      279.00        0.00
     0     7     1308.00      282.00        0.00
     0     7     1310.00      286.00        0.00
     0     7     1312.00      289.00        0.00
     0     7     1315.00      292.00        0.00
     0     7     1317.00      295.00        0.00
     0     7     1319.00      299.00        0.00
     0     7     1321.00      303.00        0.00
     0     7     1323.00      308.00        0.00
     0     7     1324.00      312.00        0.00
     0     7     1324.00      316.00        0.00
     0     7     1325.00      320.00        0.00
     0     7     1325.00      324.00        0.00
     0     7     1325.00      328.00        0.00
     0     7     1325.00      333.00        0.00
     0     7     1326.00      336.00        0.00
     0     7     1326.00      340.00        0.00
     0     7     1326.00      344.00        0.00
     0     7     1326.00      348.00        0.00
     0     7     1326.00      352.00        0.00
     0     7     1326.00      356.00        0.00
     0     7     1325.00      359.00        0.00
     0     7     1324.00      362.00        0.00
     0     7     1323.00      365.00        0.00
     0     7     1321.00      368.00        0.00
     0     7     1320.00      371.00        0.00
     0     7     1318.00      374.00        0.00
     0     7     1317.00      377.00        0.00
     0     7     1315.00      380.00        0.00
     0     7     1314.00      383.00        0.00
     0     7     1312.00      386.00        0.00
     0     8      833.00      722.00        0.00
     0     8      829.00      723.00        0.00
     0     8      826.00      722.00        0.00
     0     8      823.00      719.00        0.00
     0     8      820.00      716.00        0.00
     0     8      817.00      713.00        0.00
     0     8      815.00      710.00        0.00
     0     8      814.00      707.00        0.00
     0     8      812.00      704.00        0.00
     0     8      811.00      701.00        0.00
     0     8      810.00      698.00        0.00
     0     8      809.00      695.00        0.00
     0     8      809.00      691.00        0.00
     0     8      809.00      687.00        0.00
     0     8      810.00      682.00        0.00
     0     8      810.00      678.00        0.00
     0     8      811.00      674.00        0.00
     0     8      812.00      670.00        0.00
     0     8      813.00      667.00        0.00
     0     8      814.00      664.00        0.00
     0     8      815.00      661.00        0.00
     0     8      816.00      658.00        0.00
     0     8      819.00      655.00        0.00
     0     8      820.00      652.00        0.00
     0     8      822.00      649.00        0.00
     0     8      824.00      645.00        0.00
     0     8      826.00      642.00        0.00
     0     8      827.00      638.00        0.00
     0     8      829.00      635.00        0.00
     0     8      831.00      632.00        0.00
     0     8      833.00      628.00        0.00
     0     8      835.00      624.00        0.00
     0     8      837.00      621.00        0.00
     0     8      840.00      618.00        0.00
     0     8      842.00      615.00        0.00
     0     8      844.00      612.00        0.00
     0     8      846.00      609.00        0.00
     0     8      848.00      606.00        0.00
     0     8      850.00      603.00        0.00
     0     8      853.00      601.00        0.00
     0     8      855.00      598.00        0.00
     0     8      858.00      596.00        0.00
     0     8      861.00      593.00        0.00
     0     8      864.00      591.00        0.00
     0     8      866.00      588.00        0.00
     0     8      869.00      586.00        0.00
     0     8      872.00      583.00        0.00
     0     8      875.00      580.00        0.00
     0     8      878.00      577.00        0.00
     0     8      880.00      574.00        0.00
     0     8      882.00      571.00        0.00
     0     8      884.00      568.00        0.00
     0     8      886.00      565.00        0.00
     0     8      888.00      562.00        0.00
     0     8      890.00      559.00        0.00
     0     8      892.00      556.00        0.00
     0     8      894.00      553.00        0.00
     0     8      896.00      550.00        0.00
     0     8      898.00      547.00        0.00
     0     8      900.00      544.00        0.00
     0     8      902.00      541.00        0.00
     0     8      904.00      538.00        0.00
     0     8      906.00      535.00        0.00
     0     8      908.00      532.00        0.00
     0     8      910.00      529.00        0.00
     0     8      912.00      526.00        0.00
     0     8      914.00      523.00        0.00
     0     8      916.00      520.00        0.00
     0     8      918.00      517.00        0.00
     0     8      921.00      514.00        0.00
     0     8      923.00      511.00        0.00
     0     8      926.00      509.00        0.00
     0     8      929.00      507.00        0.00
     0     8      932.00      504.00        0.00
     0     8      935.00      501.00        0.00
     0     8      938.00      500.00        0.00
     0     8      941.00      498.00        0.00
     0     8      944.00      497.00        0.00
     0     8      947.00      495.00        0.00
     0     8      950.00      493.00        0.00
     0     8      952.00      490.00        0.00
     0     8      954.00      487.00        0.00
     0     8      956.00      484.00        0.00
     0     8      958.00      481.00        0.00
     0     8      960.00      478.00        0.00
     0     8      961.00      475.00        0.00
     0     8      964.00      472.00        0.00
     0     8      966.00      469.00        0.00
     0     8      969.00      454.00        0.00
     0     8      970.00      451.00        0.00
     0     8      972.00      448.00        0.00
     0     8      973.00      445.00        0.00
     0     8      975.00      442.00        0.00
     0     8      976.00      439.00        0.00
     0     8      976.00      435.00        0.00
     0     8      976.00      431.00        0.00
     0     8      974.00      428.00        0.00
     0     8      972.00      425.00        0.00
     0     8      971.00      422.00        0.00
     0     8      969.00      419.00        0.00
     0     8      967.00      416.00        0.00
     0     8      965.00      413.00        0.00
     0     8      963.00      410.00        0.00
     0     8      961.00      407.00        0.00
     0     8      960.00      404.00        0.00
     0     8      958.00      401.00        0.00
     0     8      957.00      398.00        0.00
     0     8      957.00      394.00        0.00
     0     8      956.00      391.00        0.00
     0     8      955.00      387.00        0.00
     0     8      955.00      383.00        0.00
     0     8      955.00      378.00        0.00
     0     8      955.00      374.00        0.00
     0     8      955.00      370.00        0.00
     0     8      955.00      366.00        0.00
     0     8      955.00      362.00        0.00
     0     8      955.00      358.00        0.00
     0     8      956.00      355.00        0.00
     0     8      957.00      348.00        0.00
     0     8      958.00      345.00        0.00
     0     8      959.00      340.00        0.00
     0     8      960.00      336.00        0.00
     0     8      962.00      331.00        0.00
     0     8      964.00      328.00        0.00
     0     8      965.00      324.00        0.00
     0     8      967.00      321.00        0.00
     0     8      969.00      318.00        0.00
     0     8      971.00      315.00        0.00
     0     8      973.00      312.00        0.00
     0     8      975.00      309.00        0.00
     0     8      977.00      306.00        0.00
     0     8      979.00      303.00        0.00
     0     8      981.00      300.00        0.00
     0     8      982.00      297.00        0.00
     0     8      983.00      294.00        0.00
     0     8      985.00      290.00        0.00
     0     8      987.00      286.00        0.00
     0     8      989.00      281.00        0.00
     0     8      990.00      278.00        0.00
     0     8      991.00      275.00        0.00
     0     8      993.00      271.00        0.00
     0     8      994.00      267.00        0.00
     0     8      995.00      263.00        0.00
     0     8      996.00      260.00        0.00
     0     8      998.00      256.00        0.00
     0     8      999.00      253.00        0.00
     0     8     1000.00      249.00        0.00
     0     8     1001.00      246.00        0.00
     0     8     1002.00      243.00        0.00
     0     8     1004.00      240.00        0.00
     0     8     1006.00      237.00        0.00
     0     8     1007.00      234.00        0.00
     0     8     1010.00      232.00        0.00
     0     8     1011.00      229.00        0.00
     0     8     1013.00      226.00        0.00
     0     8     1014.00      223.00        0.00
     0     8     1015.00      220.00        0.00
     0     8     1016.00      217.00        0.00
     0     8     1018.00      213.00        0.00
     0     8     1019.00      210.00        0.00
     0     8     1020.00      207.00        0.00
     0     8     1021.00      204.00        0.00
     0     8     1022.00      201.00        0.00
     0     8     1024.00      197.00        0.00
     0     8     1026.00      194.00        0.00
     0     8     1027.00      190.00        0.00
     0     8     1029.00      187.00        0.00
     0     8     1030.00      184.00        0.00
     0     8     1032.00      181.00        0.00
     0     8     1034.00      178.00        0.00
     0     8     1036.00      175.00        0.00
     0     8     1038.00      172.00        0.00
     0     8     1041.00      170.00        0.00
     0     8     1044.00      167.00        0.00
     0     8     1046.00      164.00        0.00
     0     8     1049.00      162.00        0.00
     0     8     1051.00      159.00        0.00
     0     8     1054.00      156.00        0.00
     0     8     1057.00      154.00        0.00
     0     8     1058.00      151.00        0.00
     0     8     1061.00      149.00        0.00
     0     8     1063.00      146.00        0.00
     0     8     1140.00      178.00        0.00
     0     8     1139.00      181.00        0.00
     0     8     1139.00      185.00        0.00
     0     8     1138.00      188.00        0.00
     0     8     1138.00      192.00        0.00
     0     8     1137.00      195.00        0.00
     0     8     1137.00      199.00        0.00
     0     8     1137.00      203.00        0.00
     0     8     1136.00      206.00        0.00
     0     8     1136.00      210.00        0.00
     0     8     1135.00      214.00        0.00
     0     8     1135.00      219.00        0.00
     0     8     1134.00      223.00        0.00
     0     8     1132.00      227.00        0.00
     0     8     1131.00      230.00        0.00
     0     8     1129.00      233.00        0.00
     0     8     1127.00      236.00        0.00
     0     8     1125.00      239.00        0.00
     0     8     1123.00      242.00        0.00
     0     8     1120.00      245.00        0.00
     0     8     1118.00      248.00        0.00
     0     8     1115.00      250.00        0.00
     0     8     1114.00      253.00        0.00
     0     8     1111.00      256.00        0.00
     0     8     1109.00      259.00        0.00
     0     8     1107.00      262.00        0.00
     0     8     1105.00      265.00        0.00
     0     8     1103.00      268.00        0.00
     0     8     1101.00      271.00        0.00
     0     8     1099.00      274.00        0.00
     0     8     1097.00      277.00        0.00
     0     8     1095.00      280.00        0.00
     0     8     1093.00      283.00        0.00
     0     8     1090.00      286.00        0.00
     0     8     1088.00      289.00        0.00
     0     8     1086.00      292.00        0.00
     0     8     1084.00      295.00        0.00
     0     8     1081.00      298.00        0.00
     0     8     1079.00      301.00        0.00
     0     8     1076.00      304.00        0.00
     0     8     1074.00      307.00        0.00
     0     8     1072.00      310.00        0.00
     0     8     1070.00      313.00        0.00
     0     8     1067.00      316.00        0.00
     0     8     1065.00      319.00        0.00
     0     8     1063.00      322.00        0.00
     0     8     1061.00      325.00        0.00
     0     8     1059.00      328.00        0.00
     0     8     1058.00      331.00        0.00
     0     8     1057.00      334.00        0.00
     0     8     1056.00      337.00        0.00
     0     8     1055.00      340.00        0.00
     0     8     1054.00      344.00        0.00
     0     8     1053.00      349.00        0.00
     0     8     1052.00      353.00        0.00
     0     8     1051.00      357.00        0.00
     0     8     1050.00      363.00        0.00
     0     8     1049.00      370.00        0.00
     0     8     1048.00      373.00        0.00
     0     8     1047.00      377.00        0.00
     0     8     1045.00      382.00        0.00
     0     8     1044.00      386.00        0.00
     0     8     1043.00      391.00        0.00
     0     8     1042.00      395.00        0.00
     0     8     1041.00      399.00        0.00
     0     8     1040.00      403.00        0.00
     0     8     1040.00      407.00        0.00
     0     8     1040.00      411.00        0.00
     0     8     1039.00      414.00        0.00
     0     8     1038.00      418.00        0.00
     0     8     1037.00      421.00        0.00
     0     8     1037.00      426.00        0.00
     0     8     1037.00      430.00        0.00
     0     8     1036.00      435.00        0.00
     0     8     1036.00      440.00        0.00
     0     8     1036.00      444.00        0.00
     0     8     1036.00      448.00        0.00
     0     8     1036.00      453.00        0.00
     0     8     1036.00      457.00        0.00
     0     8     1036.00      462.00        0.00
     0     8     1035.00      466.00        0.00
     0     8     1034.00      470.00        0.00
     0     8     1033.00      474.00        0.00
     0     8     1032.00      477.00        0.00
     0     8     1031.00      480.00        0.00
     0     8     1030.00      483.00        0.00
     0     8     1028.00      486.00        0.00
     0     8     1026.00      489.00        0.00
     0     8     1025.00      492.00        0.00
     0     8     1022.00      494.00        0.00
     0     8     1021.00      497.00        0.00
     0     8     1018.00      499.00        0.00
     0     8     1016.00      502.00        0.00
     0     8     1013.00      504.00        0.00
     0     8     1011.00      507.00        0.00
     0     8     1008.00      509.00        0.00
     0     8     1005.00      511.00        0.00
     0     8     1002.00      513.00        0.00
     0     8      999.00      515.00        0.00
     0     8      996.00      517.00        0.00
     0     8      993.00      518.00        0.00
     0     8      990.00      520.00        0.00
     0     8      987.00      522.00        0.00
     0     8      984.00      525.00        0.00
     0     8      981.00      528.00        0.00
     0     8      978.00      530.00        0.00
     0     8      975.00      533.00        0.00
     0     8      973.00      536.00        0.00
     0     8      971.00      539.00        0.00
     0     8      969.00      542.00        0.00
     0     8      967.00      545.00        0.00
     0     8      965.00      548.00        0.00
     0     8      965.00      552.00        0.00
     0     8      963.00      555.00        0.00
     0     8      951.00      565.00        0.00
     0     8      917.00      606.00        0.00
     0     8      916.00      609.00        0.00
     0     8      913.00      610.00        0.00
     0     8      910.00      611.00        0.00
     0     8      907.00      614.00        0.00
     0     8      904.00      616.00        0.00
     0     8      902.00      619.00        0.00
     0     8      901.00      622.00        0.00
     0     8      899.00      625.00        0.00
     0     8      898.00      628.00        0.00
     0     8      897.00      631.00        0.00
     0     8      895.00      634.00        0.00
     0     8      894.00      637.00        0.00
     0     8      893.00      640.00        0.00
     0     8      892.00      643.00        0.00
     0     8      890.00      646.00        0.00
     0     8      889.00      649.00        0.00
     0     8      887.00      652.00        0.00
     0     8      886.00      655.00        0.00
     0     8      884.00      658.00        0.00
     0     8      881.00      661.00        0.00
     0     8      880.00      664.00        0.00
     0     8      878.00      667.00        0.00
     0     8      876.00      670.00        0.00
     0     8      874.00      673.00        0.00
     0     8      872.00      676.00        0.00
     0     8      871.00      679.00        0.00
     0     8      869.00      682.00        0.00
     0     8      867.00      685.00        0.00
     0     8      866.00      688.00        0.00
     0     8      864.00      691.00        0.00
     0     8      862.00      694.00        0.00
     0     8      861.00      697.00        0.00
     0     8      860.00      700.00        0.00
     0     8      859.00      703.00        0.00
     0     8      857.00      706.00        0.00
     0     8      856.00      709.00        0.00
     0     8      855.00      712.00        0.00
     0     8      853.00      715.00        0.00
     0     8      850.00      717.00        0.00
     0     8      848.00      720.00        0.00
     0     9      675.00      434.00        0.00
     0     9      675.00      430.00        0.00
     0     9      675.00      426.00        0.00
     0     9      675.00      422.00        0.00
     0     9      675.00      418.00        0.00
     0     9      675.00      414.00        0.00
     0     9      676.00      410.00        0.00
     0     9      676.00      406.00        0.00
     0     9      677.00      402.00        0.00
     0     9      677.00      398.00        0.00
     0     9      677.00      394.00        0.00
     0     9      678.00      391.00        0.00
     0     9      678.00      387.00        0.00
     0     9      678.00      383.00        0.00
     0     9      678.00      379.00        0.00
     0     9      678.00      375.00        0.00
     0     9      678.00      371.00        0.00
     0     9      678.00      367.00        0.00
     0     9      678.00      363.00        0.00
     0     9      678.00      359.00        0.00
     0     9      678.00      355.00        0.00
     0     9      678.00      351.00        0.00
     0     9      678.00      347.00        0.00
     0     9      679.00      344.00        0.00
     0     9      679.00      340.00        0.00
     0     9      680.00      336.00        0.00
     0     9      681.00      331.00        0.00
     0     9      682.00      328.00        0.00
     0     9      683.00      324.00        0.00
     0     9      685.00      320.00        0.00
     0     9      686.00      317.00        0.00
     0     9      688.00      313.00        0.00
     0     9      689.00      310.00        0.00
     0     9      691.00      306.00        0.00
     0     9      693.00      301.00        0.00
     0     9      694.00      297.00        0.00
     0     9      696.00      293.00        0.00
     0     9      697.00      290.00        0.00
     0     9      699.00      287.00        0.00
     0     9      702.00      284.00        0.00
     0     9      704.00      281.00        0.00
     0     9      706.00      278.00        0.00
     0     9      709.00      276.00        0.00
     0     9      711.00      273.00        0.00
     0     9      714.00      271.00        0.00
     0     9      716.00      268.00        0.00
     0     9      719.00      267.00        0.00
     0     9      722.00      265.00        0.00
     0     9      725.00      264.00        0.00
     0     9      728.00      263.00        0.00
     0     9      732.00      263.00        0.00
     0     9      735.00      262.00        0.00
     0     9      739.00      262.00        0.00
     0     9      742.00      264.00        0.00
     0     9      746.00      264.00        0.00
     0     9      749.00      266.00        0.00
     0     9      752.00      267.00        0.00
     0     9      755.00      269.00        0.00
     0     9      758.00      272.00        0.00
     0     9      761.00      274.00        0.00
     0     9      762.00      277.00        0.00
     0     9      765.00      279.00        0.00
     0     9      767.00      282.00        0.00
     0     9      769.00      285.00        0.00
     0     9      772.00      288.00        0.00
     0     9      774.00      291.00        0.00
     0     9      777.00      294.00        0.00
     0     9      780.00      297.00        0.00
     0     9      782.00      300.00        0.00
     0     9      785.00      302.00        0.00
     0     9      787.00      305.00        0.00
     0     9      789.00      308.00        0.00
     0     9      790.00      311.00        0.00
     0     9      792.00      314.00        0.00
     0     9      793.00      317.00        0.00
     0     9      794.00      320.00        0.00
     0     9      795.00      323.00        0.00
     0     9      796.00      326.00        0.00
     0     9      796.00      330.00        0.00
     0     9      796.00      334.00        0.00
     0     9      796.00      338.00        0.00
     0     9      796.00      342.00        0.00
     0     9      796.00      346.00        0.00
     0     9      796.00      350.00        0.00
     0     9      796.00      354.00        0.00
     0     9      796.00      358.00        0.00
     0     9      795.00      361.00        0.00
     0     9      795.00      365.00        0.00
     0     9      794.00      371.00        0.00
     0     9      793.00      375.00        0.00
     0     9      792.00      379.00        0.00
     0     9      791.00      384.00        0.00
     0     9      790.00      388.00        0.00
     0     9      790.00      392.00        0.00
     0     9      788.00      396.00        0.00
     0     9      788.00      400.00        0.00
     0     9      787.00      403.00        0.00
     0     9      786.00      407.00        0.00
     0     9      784.00      413.00        0.00
     0     9      782.00      418.00        0.00
     0     9      782.00      422.00        0.00
     0     9      781.00      427.00        0.00
     0     9      780.00      433.00        0.00
     0     9      779.00      438.00        0.00
     0     9      778.00      444.00        0.00
     0     9      778.00      449.00        0.00
     0     9      777.00      455.00        0.00
     0     9      777.00      461.00        0.00
     0     9      776.00      467.00        0.00
     0     9      776.00      471.00        0.00
     0     9      776.00      476.00        0.00
     0     9      775.00      480.00        0.00
     0     9      774.00      484.00        0.00
     0     9      774.00      488.00        0.00
     0     9      774.00      492.00        0.00
     0     9      774.00      497.00        0.00
     0     9      774.00      501.00        0.00
     0     9      774.00      505.00        0.00
     0     9      774.00      509.00        0.00
     0     9      775.00      512.00        0.00
     0     9      775.00      516.00        0.00
     0     9      775.00      520.00        0.00
     0     9      775.00      524.00        0.00
     0     9      776.00      527.00        0.00
     0     9      777.00      532.00        0.00
     0     9      777.00      536.00        0.00
     0     9      778.00      539.00        0.00
     0     9      779.00      542.00        0.00
     0     9      780.00      546.00        0.00
     0     9      781.00      549.00        0.00
     0     9      782.00      553.00        0.00
     0     9      782.00      557.00        0.00
     0     9      782.00      561.00        0.00
     0     9      783.00      577.00        0.00
     0     9      783.00      581.00        0.00
     0     9      783.00      585.00        0.00
     0     9      782.00      588.00        0.00
     0     9      782.00      592.00        0.00
     0     9      782.00      596.00        0.00
     0     9      781.00      599.00        0.00
     0     9      780.00      603.00        0.00
     0     9      779.00      606.00        0.00
     0     9      778.00      610.00        0.00
     0     9      778.00      614.00        0.00
     0     9      776.00      617.00        0.00
     0     9      775.00      620.00        0.00
     0     9      775.00      624.00        0.00
     0     9      774.00      628.00        0.00
     0     9      773.00      632.00        0.00
     0     9      773.00      636.00        0.00
     0     9      772.00      640.00        0.00
     0     9      772.00      645.00        0.00
     0     9      772.00      649.00        0.00
     0     9      771.00      652.00        0.00
     0     9      771.00      656.00        0.00
     0     9      771.00      660.00        0.00
     0     9      771.00      664.00        0.00
     0     9      771.00      668.00        0.00
     0     9      770.00      672.00        0.00
     0     9      770.00      676.00        0.00
     0     9      769.00      679.00        0.00
     0     9      768.00      682.00        0.00
     0     9      767.00      685.00        0.00
     0     9      766.00      688.00        0.00
     0     9      765.00      691.00        0.00
     0     9      764.00      694.00        0.00
     0     9      764.00      698.00        0.00
     0     9      763.00      702.00        0.00
     0     9      761.00      706.00        0.00
     0     9      760.00      710.00        0.00
     0     9      759.00      713.00        0.00
     0     9      758.00      718.00        0.00
     0     9      757.00      721.00        0.00
     0     9      756.00      725.00        0.00
     0     9      755.00      729.00        0.00
     0     9      755.00      733.00        0.00
     0     9      754.00      736.00        0.00
     0     9      753.00      739.00        0.00
     0     9      752.00      743.00        0.00
     0     9      752.00      747.00        0.00
     0     9      751.00      750.00        0.00
     0     9      750.00      753.00        0.00
     0     9      749.00      756.00        0.00
     0     9      748.00      759.00        0.00
     0     9      747.00      762.00        0.00
     0     9      745.00      765.00        0.00
     0     9      744.00      768.00        0.00
     0     9      743.00      771.00        0.00
     0     9      741.00      774.00        0.00
     0     9      739.00      777.00        0.00
     0     9      738.00      780.00        0.00
     0     9      737.00      783.00        0.00
     0     9      735.00      786.00        0.00
     0     9      733.00      789.00        0.00
     0     9      731.00      792.00        0.00
     0     9      729.00      795.00        0.00
     0     9      727.00      798.00        0.00
     0     9      723.00      803.00        0.00
     0     9      721.00      806.00        0.00
     0     9      718.00      811.00        0.00
     0     9      715.00      814.00        0.00
     0     9      713.00      818.00        0.00
     0     9      710.00      822.00        0.00
     0     9      709.00      825.00        0.00
     0     9      706.00      829.00        0.00
     0     9      704.00      833.00        0.00
     0     9      701.00      838.00        0.00
     0     9      698.00      842.00        0.00
     0     9      693.00      846.00        0.00
     0     9      688.00      850.00        0.00
     0     9      683.00      854.00        0.00
     0     9      679.00      856.00        0.00
     0     9      676.00      858.00        0.00
     0     9      670.00      861.00        0.00
     0     9      665.00      862.00        0.00
     0     9      661.00      862.00        0.00
     0     9      657.00      862.00        0.00
     0     9      653.00      862.00        0.00
     0     9      650.00      859.00        0.00
     0     9      647.00      857.00        0.00
     0     9      645.00      854.00        0.00
     0     9      643.00      851.00        0.00
     0     9      642.00      847.00        0.00
     0     9      642.00      843.00        0.00
     0     9      642.00      838.00        0.00
     0     9      643.00      832.00        0.00
     0     9      646.00      826.00        0.00
     0     9      648.00      818.00        0.00
     0     9      650.00      813.00        0.00
     0     9      652.00      808.00        0.00
     0     9      655.00      801.00        0.00
     0     9      657.00      797.00        0.00
     0     9      659.00      793.00        0.00
     0     9      661.00      788.00        0.00
     0     9      663.00      785.00        0.00
     0     9      665.00      781.00        0.00
     0     9      667.00      778.00        0.00
     0     9      669.00      774.00        0.00
     0     9      670.00      770.00        0.00
     0     9      672.00      767.00        0.00
     0     9      673.00      761.00        0.00
     0     9      674.00      756.00        0.00
     0     9      675.00      748.00        0.00
     0     9      676.00      743.00        0.00
     0     9      676.00      737.00        0.00
     0     9      677.00      732.00        0.00
     0     9      677.00      726.00        0.00
     0     9      677.00      722.00        0.00
     0     9      678.00      718.00        0.00
     0     9      679.00      712.00        0.00
     0     9      679.00      707.00        0.00
     0     9      679.00      701.00        0.00
     0     9      680.00      695.00        0.00
     0     9      680.00      690.00        0.00
     0     9      681.00      685.00        0.00
     0     9      682.00      682.00        0.00
     0     9      682.00      677.00        0.00
     0     9      683.00      672.00        0.00
     0     9      684.00      668.00        0.00
     0     9      685.00      665.00        0.00
     0     9      685.00      661.00        0.00
     0     9      685.00      655.00        0.00
     0     9      686.00      651.00        0.00
     0     9      686.00      647.00        0.00
     0     9      686.00      643.00        0.00
     0     9      686.00      639.00        0.00
     0     9      685.00      635.00        0.00
     0     9      685.00      631.00        0.00
     0     9      684.00      628.00        0.00
     0     9      683.00      625.00        0.00
     0     9      682.00      622.00        0.00
     0     9      682.00      618.00        0.00
     0     9      681.00      615.00        0.00
     0     9      681.00      611.00        0.00
     0     9      680.00      608.00        0.00
     0     9      679.00      605.00        0.00
     0     9      678.00      602.00        0.00
     0     9      677.00      599.00        0.00
     0     9      676.00      596.00        0.00
     0     9      675.00      593.00        0.00
     0     9      674.00      590.00        0.00
     0     9      674.00      586.00        0.00
     0     9      673.00      583.00        0.00
     0     9      670.00      580.00        0.00
     0     9      669.00      577.00        0.00
     0     9      667.00      574.00        0.00
     0     9      664.00      571.00        0.00
     0     9      662.00      568.00        0.00
     0     9      661.00      565.00        0.00
     0     9      660.00      562.00        0.00
     0     9      658.00      559.00        0.00
     0     9      657.00      556.00        0.00
     0     9      657.00      552.00        0.00
     0     9      657.00      548.00        0.00
     0     9      657.00      544.00        0.00
     0     9      657.00      540.00        0.00
     0     9      656.00      537.00        0.00
     0     9      656.00      533.00        0.00
     0     9      656.00      529.00        0.00
     0     9      655.00      526.00        0.00
     0     9      655.00      522.00        0.00
     0     9      655.00      518.00        0.00
     0     9      655.00      514.00        0.00
     0     9      655.00      510.00        0.00
     0     9      655.00      506.00        0.00
     0     9      656.00      503.00        0.00
     0     9      656.00      499.00        0.00
     0     9      656.00      495.00        0.00
     0     9      657.00      492.00        0.00
     0     9      658.00      489.00        0.00
     0     9      659.00      485.00        0.00
     0     9      659.00      481.00        0.00
     0     9      659.00      477.00        0.00
     0     9      660.00      474.00        0.00
     0     9      661.00      471.00        0.00
     0     9      662.00      468.00        0.00
     0     9      663.00      465.00        0.00
     0     9      664.00      462.00        0.00
     0     9      665.00      459.00        0.00
     0     9      666.00      456.00        0.00
     0     9      668.00      453.00        0.00
     0     9      668.00      449.00        0.00
     0    10      603.00      542.00        0.00
     0    10      600.00      541.00        0.00
     0    10      598.00      538.00        0.00
     0    10      597.00      535.00        0.00
     0    10      595.00      531.00        0.00
     0    10      592.00      525.00        0.00
     0    10      589.00      519.00        0.00
     0    10      586.00      515.00        0.00
     0    10      584.00      509.00        0.00
     0    10      582.00      504.00        0.00
     0    10      580.00      498.00        0.00
     0    10      577.00      490.00        0.00
     0    10      576.00      482.00        0.00
     0    10      574.00      474.00        0.00
     0    10      572.00      467.00        0.00
     0    10      571.00      460.00        0.00
     0    10      570.00      453.00        0.00
     0    10      569.00      445.00        0.00
     0    10      569.00      439.00        0.00
     0    10      569.00      433.00        0.00
     0    10      569.00      427.00        0.00
     0    10      569.00      423.00        0.00
     0    10      568.00      417.00        0.00
     0    10      568.00      412.00        0.00
     0    10      568.00      405.00        0.00
     0    10      568.00      399.00        0.00
     0    10      568.00      392.00        0.00
     0    10      568.00      387.00        0.00
     0    10      567.00      381.00        0.00
     0    10      566.00      373.00        0.00
     0    10      565.00      366.00        0.00
     0    10      565.00      359.00        0.00
     0    10      565.00      351.00        0.00
     0    10      564.00      345.00        0.00
     0    10      564.00      339.00        0.00
     0    10      564.00      334.00        0.00
     0    10      563.00      328.00        0.00
     0    10      562.00      324.00        0.00
     0    10      561.00      317.00        0.00
     0    10      561.00      311.00        0.00
     0    10      560.00      305.00        0.00
     0    10      560.00      299.00        0.00
     0    10      560.00      294.00        0.00
     0    10      560.00      288.00        0.00
     0    10      560.00      281.00        0.00
     0    10      560.00      275.00        0.00
     0    10      560.00      270.00        0.00
     0    10      560.00      264.00        0.00
     0    10      560.00      260.00        0.00
     0    10      559.00      257.00        0.00
     0    10      558.00      254.00        0.00
     0    10      557.00      249.00        0.00
     0    10      555.00      245.00        0.00
     0    10      555.00      241.00        0.00
     0    10      555.00      236.00        0.00
     0    10      556.00      232.00        0.00
     0    10      557.00      227.00        0.00
     0    10      558.00      222.00        0.00
     0    10      559.00      216.00        0.00
     0    10      562.00      210.00        0.00
     0    10      565.00      205.00        0.00
     0    10      568.00      198.00        0.00
     0    10      571.00      192.00        0.00
     0    10      574.00      185.00        0.00
     0    10      576.00      181.00        0.00
     0    10      580.00      175.00        0.00
     0    10      584.00      170.00        0.00
     0    10      589.00      165.00        0.00
     0    10      593.00      162.00        0.00
     0    10      597.00      160.00        0.00
     0    10      602.00      157.00        0.00
     0    10      606.00      153.00        0.00
     0    10      609.00      150.00        0.00
     0    10      612.00      147.00        0.00
     0    10      615.00      143.00        0.00
     0    10      618.00      140.00        0.00
     0    10      621.00      139.00        0.00
     0    10      624.00      136.00        0.00
     0    10      628.00      136.00        0.00
     0    10      632.00      136.00        0.00
     0    10      636.00      137.00        0.00
     0    10      639.00      140.00        0.00
     0    10      641.00      143.00        0.00
     0    10      642.00      146.00        0.00
     0    10      642.00      150.00        0.00
     0    10      643.00      153.00        0.00
     0    10      643.00      157.00        0.00
     0    10      643.00      161.00        0.00
     0    10      644.00      164.00        0.00
     0    10      644.00      168.00        0.00
     0    10      644.00      172.00        0.00
     0    10      644.00      176.00        0.00
     0    10      644.00      180.00        0.00
     0    10      644.00      184.00        0.00
     0    10      644.00      188.00        0.00
     0    10      643.00      192.00        0.00
     0    10      643.00      197.00        0.00
     0    10      643.00      203.00        0.00
     0    10      642.00      207.00        0.00
     0    10      641.00      212.00        0.00
     0    10      641.00      216.00        0.00
     0    10      640.00      221.00        0.00
     0    10      639.00      226.00        0.00
     0    10      638.00      232.00        0.00
     0    10      637.00      237.00        0.00
     0    10      636.00      242.00        0.00
     0    10      635.00      246.00        0.00
     0    10      635.00      252.00        0.00
     0    10      634.00      258.00        0.00
     0    10      634.00      263.00        0.00
     0    10      633.00      270.00        0.00
     0    10      632.00      274.00        0.00
     0    10      632.00      280.00        0.00
     0    10      632.00      285.00        0.00
     0    10      632.00      292.00        0.00
     0    10      632.00      298.00        0.00
     0    10      632.00      305.00        0.00
     0    10      632.00      310.00        0.00
     0    10      633.00      317.00        0.00
     0    10      633.00      323.00        0.00
     0    10      633.00      327.00        0.00
     0    10      633.00      331.00        0.00
     0    10      633.00      335.00        0.00
     0    10      634.00      341.00        0.00
     0    10      634.00      347.00        0.00
     0    10      634.00      352.00        0.00
     0    10      635.00      358.00        0.00
     0    10      635.00      364.00        0.00
     0    10      635.00      371.00        0.00
     0    10      636.00      377.00        0.00
     0    10      636.00      385.00        0.00
     0    10      636.00      391.00        0.00
     0    10      637.00      399.00        0.00
     0    10      637.00      404.00        0.00
     0    10      637.00      412.00        0.00
     0    10      637.00      417.00        0.00
     0    10      637.00      422.00        0.00
     0    10      637.00      430.00        0.00
     0    10      636.00      435.00        0.00
     0    10      636.00      441.00        0.00
     0    10      637.00      447.00        0.00
     0    10      637.00      453.00        0.00
     0    10      638.00      458.00        0.00
     0    10      639.00      467.00        0.00
     0    10      640.00      473.00        0.00
     0    10      640.00      478.00        0.00
     0    10      640.00      483.00        0.00
     0    10      641.00      487.00        0.00
     0    10      641.00      491.00        0.00
     0    10      641.00      495.00        0.00
     0    10      641.00      499.00        0.00
     0    10      642.00      503.00        0.00
     0    10      642.00      508.00        0.00
     0    10      642.00      513.00        0.00
     0    10      642.00      517.00        0.00
     0    10      642.00      521.00        0.00
     0    10      642.00      525.00        0.00
     0    10      641.00      529.00        0.00
     0    10      639.00      532.00        0.00
     0    10      638.00      535.00        0.00
     0    10      638.00      539.00        0.00
     0    10      637.00      542.00        0.00
     0    10      637.00      546.00        0.00
     0    10      636.00      549.00        0.00
     0    10      635.00      552.00        0.00
     0    10      634.00      555.00        0.00
     0    10      632.00      558.00        0.00
     0    10      629.00      560.00        0.00
     0    10      626.00      561.00        0.00
     0    10      623.00      560.00        0.00
