     0     0     1100.33      207.67        0.00
     0     0     1097.00      209.00        0.00
     0     0     1093.67      210.33        0.00
     0     0     1090.33      211.67        0.00
     0     0     1087.00      212.33        0.00
     0     0     1083.67      213.00        0.00
     0     0     1080.33      213.67        0.00
     0     0     1077.00      214.33        0.00
     0     0     1073.67      215.00        0.00
     0     0     1070.33      215.00        0.00
     0     0     1067.00      215.67        0.00
     0     0     1063.67      215.67        0.00
     0     0     1060.33      215.67        0.00
     0     0     1057.00      215.67        0.00
     0     0     1053.67      215.67        0.00
     0     0     1050.33      215.67        0.00
     0     0     1047.00      215.67        0.00
     0     0     1043.67      215.67        0.00
     0     0     1040.33      216.33        0.00
     0     0     1037.00      217.67        0.00
     0     0     1034.33      219.67        0.00
     0     0     1031.67      221.67        0.00
     0     0     1028.33      223.00        0.00
     0     0     1025.67      225.00        0.00
     0     0     1023.00      227.00        0.00
     0     0     1019.67      229.00        0.00
     0     0     1016.33      231.00        0.00
     0     0     1013.00      232.33        0.00
     0     0     1009.67      233.67        0.00
     0     0     1006.33      235.00        0.00
     0     0     1003.00      236.33        0.00
     0     0      999.67      237.67        0.00
     0     0      996.33      239.00        0.00
     0     0      993.67      241.00        0.00
     0     0      991.00      243.00        0.00
     0     0      987.67      244.33        0.00
     0     0      985.00      246.33        0.00
     0     0      981.67      248.33        0.00
     0     0      978.33      248.33        0.00
     0     0      975.00      248.33        0.00
     0     0      971.67      247.67        0.00
     0     0      968.33      246.33        0.00
     0     0      965.67      243.67        0.00
     0     0      963.67      241.00        0.00
     0     0      961.67      237.67        0.00
     0     0      961.00      234.33        0.00
     0     0      959.67      231.00        0.00
     0     0      959.00      227.67        0.00
     0     0      959.00      224.33        0.00
     0     0      958.33      221.00        0.00
     0     0      958.33      217.67        0.00
     0     0      958.33      214.33        0.00
     0     0      958.33      211.00        0.00
     0     0      958.33      207.67        0.00
     0     0      958.33      204.33        0.00
     0     0      958.33      201.00        0.00
     0     0      959.67      197.67        0.00
     0     0      961.00      194.33        0.00
     0     0      963.00      191.67        0.00
     0     0      965.00      188.33        0.00
     0     0      967.00      185.67        0.00
     0     0      969.00      182.33        0.00
     0     0      971.00      179.67        0.00
     0     0      973.00      176.33        0.00
     0     0      974.33      173.00        0.00
     0     0      975.67      169.67        0.00
     0     0      977.67      167.00        0.00
     0     0      979.67      163.67        0.00
     0     0      981.00      160.33        0.00
     0     0      983.00      157.00        0.00
     0     0      985.00      154.33        0.00
     0     0      986.33      151.00        0.00
     0     0      989.00      148.33        0.00
     0     0      991.00      145.67        0.00
     0     0      993.67      143.00        0.00
     0     0      995.67      140.33        0.00
     0     0      997.67      137.67        0.00
     0     0      999.67      135.00        0.00
     0     0     1002.33      133.00        0.00
     0     0     1005.00      131.00        0.00
     0     0     1007.67      129.00        0.00
     0     0     1011.00      127.00        0.00
     0     0     1014.33      125.00        0.00
     0     0     1017.67      123.67        0.00
     0     0     1021.00      122.33        0.00
     0     0     1024.33      121.00        0.00
     0     0     1027.67      120.33        0.00
     0     0     1031.00      119.00        0.00
     0     0     1034.33      117.67        0.00
     0     0     1037.67      117.00        0.00
     0     0     1041.00      116.33        0.00
     0     0     1044.33      116.33        0.00
     0     0     1047.67      116.33        0.00
     0     0     1051.00      116.33        0.00
     0     0     1055.00      117.00        0.00
     0     0     1057.67      119.00        0.00
     0     0     1061.00      119.67        0.00
     0     0     1064.33      121.00        0.00
     0     0     1067.67      121.67        0.00
     0     0     1071.00      123.00        0.00
     0     0     1074.33      124.33        0.00
     0     0     1078.33      126.33        0.00
     0     0     1081.67      127.00        0.00
     0     0     1085.00      128.33        0.00
     0     0     1088.33      129.00        0.00
     0     0     1091.67      129.67        0.00
     0     0     1095.00      131.00        0.00
     0     0     1098.33      131.67        0.00
     0     0     1101.67      133.00        0.00
     0     0     1105.00      133.67        0.00
     0     0     1108.33      135.00        0.00
     0     0     1111.67      136.33        0.00
     0     0     1115.00      138.33        0.00
     0     0     1118.33      139.67        0.00
     0     0     1121.00      141.67        0.00
     0     0     1123.00      144.33        0.00
     0     0     1125.67      146.33        0.00
     0     0     1127.67      149.00        0.00
     0     0     1129.67      151.67        0.00
     0     0     1131.00      155.00        0.00
     0     0     1131.67      158.33        0.00
     0     0     1132.33      161.67        0.00
     0     0     1132.33      165.00        0.00
     0     0     1132.33      168.33        0.00
     0     0     1132.33      171.67        0.00
     0     0     1132.33      175.00        0.00
     0     0     1131.67      178.33        0.00
     0     0     1130.33      181.67        0.00
     0     0     1128.33      184.33        0.00
     0     0     1126.33      187.00        0.00
     0     0     1124.33      189.67        0.00
     0     0     1121.67      192.33        0.00
     0     0     1119.00      195.00        0.00
     0     0     1116.33      197.00        0.00
     0     0     1114.33      199.67        0.00
     0     0     1111.00      201.00        0.00
     0     0     1107.67      202.33        0.00
     0     1     1374.33      249.67        0.00
     0     1     1372.33      252.33        0.00
     0     1     1369.67      254.33        0.00
     0     1     1367.00      256.33        0.00
     0     1     1365.00      259.00        0.00
     0     1     1362.33      261.67        0.00
     0     1     1360.33      264.33        0.00
     0     1     1358.33      267.00        0.00
     0     1     1356.33      269.67        0.00
     0     1     1354.33      272.33        0.00
     0     1     1352.33      275.00        0.00
     0     1     1351.67      278.33        0.00
     0     1     1350.33      281.67        0.00
     0     1     1348.33      284.33        0.00
     0     1     1346.33      287.00        0.00
     0     1     1345.00      290.33        0.00
     0     1     1343.00      293.00        0.00
     0     1     1340.33      295.67        0.00
     0     1     1337.67      297.67        0.00
     0     1     1335.00      299.67        0.00
     0     1     1331.67      301.00        0.00
     0     1     1329.00      303.00        0.00
     0     1     1326.33      305.00        0.00
     0     1     1323.67      307.00        0.00
     0     1     1321.00      309.00        0.00
     0     1     1318.33      311.00        0.00
     0     1     1315.67      313.00        0.00
     0     1     1313.00      315.00        0.00
     0     1     1310.33      317.00        0.00
     0     1     1307.67      319.00        0.00
     0     1     1304.33      321.00        0.00
     0     1     1301.67      323.00        0.00
     0     1     1299.67      325.67        0.00
     0     1     1297.00      327.67        0.00
     0     1     1294.33      330.33        0.00
     0     1     1292.33      333.00        0.00
     0     1     1290.33      335.67        0.00
     0     1     1287.67      337.67        0.00
     0     1     1285.00      339.67        0.00
     0     1     1282.33      341.67        0.00
     0     1     1279.67      343.67        0.00
     0     1     1277.00      345.67        0.00
     0     1     1274.33      347.67        0.00
     0     1     1271.67      349.67        0.00
     0     1     1268.33      351.67        0.00
     0     1     1265.67      354.33        0.00
     0     1     1263.67      357.00        0.00
     0     1     1261.00      359.00        0.00
     0     1     1258.33      361.67        0.00
     0     1     1255.67      363.67        0.00
     0     1     1253.00      366.33        0.00
     0     1     1250.33      369.00        0.00
     0     1     1247.67      371.00        0.00
     0     1     1245.67      373.67        0.00
     0     1     1243.00      375.67        0.00
     0     1     1240.33      377.67        0.00
     0     1     1237.67      379.67        0.00
     0     1     1234.33      381.00        0.00
     0     1     1231.00      382.33        0.00
     0     1     1227.67      383.00        0.00
     0     1     1224.33      384.33        0.00
     0     1     1221.00      385.00        0.00
     0     1     1217.67      385.67        0.00
     0     1     1214.33      387.00        0.00
     0     1     1211.00      389.00        0.00
     0     1     1207.67      389.67        0.00
     0     1     1204.33      391.00        0.00
     0     1     1201.00      391.67        0.00
     0     1     1197.67      392.33        0.00
     0     1     1194.33      393.00        0.00
     0     1     1191.00      394.33        0.00
     0     1     1187.67      394.33        0.00
     0     1     1184.33      395.00        0.00
     0     1     1181.00      395.00        0.00
     0     1     1177.67      395.67        0.00
     0     1     1174.33      395.67        0.00
     0     1     1171.00      396.33        0.00
     0     1     1167.67      397.00        0.00
     0     1     1164.33      397.67        0.00
     0     1     1161.00      398.33        0.00
     0     1     1157.67      399.67        0.00
     0     1     1154.33      400.33        0.00
     0     1     1151.00      401.67        0.00
     0     1     1148.33      403.67        0.00
     0     1     1145.00      405.00        0.00
     0     1     1141.67      406.33        0.00
     0     1     1138.33      407.00        0.00
     0     1     1135.00      407.00        0.00
     0     1     1131.67      405.00        0.00
     0     1     1131.00      401.67        0.00
     0     1     1118.33      401.67        0.00
     0     1     1113.00      399.67        0.00
     0     1     1110.33      397.00        0.00
     0     1     1107.67      395.00        0.00
     0     1     1105.00      392.33        0.00
     0     1     1102.33      389.67        0.00
     0     1     1100.33      387.00        0.00
     0     1     1098.33      384.33        0.00
     0     1     1095.67      382.33        0.00
     0     1     1093.67      379.67        0.00
     0     1     1091.00      377.00        0.00
     0     1     1089.00      374.33        0.00
     0     1     1087.00      371.67        0.00
     0     1     1085.67      368.33        0.00
     0     1     1083.67      365.00        0.00
     0     1     1083.00      361.67        0.00
     0     1     1082.33      358.33        0.00
     0     1     1082.33      355.00        0.00
     0     1     1082.33      351.67        0.00
     0     1     1082.33      348.33        0.00
     0     1     1082.33      345.00        0.00
     0     1     1082.33      341.67        0.00
     0     1     1082.33      338.33        0.00
     0     1     1083.00      335.00        0.00
     0     1     1084.33      331.67        0.00
     0     1     1085.67      328.33        0.00
     0     1     1087.00      325.00        0.00
     0     1     1087.67      321.67        0.00
     0     1     1088.33      318.33        0.00
     0     1     1089.00      315.00        0.00
     0     1     1090.33      311.67        0.00
     0     1     1091.67      308.33        0.00
     0     1     1093.67      305.67        0.00
     0     1     1095.67      302.33        0.00
     0     1     1097.67      299.67        0.00
     0     1     1100.33      297.00        0.00
     0     1     1103.00      294.33        0.00
     0     1     1105.67      292.33        0.00
     0     1     1108.33      290.33        0.00
     0     1     1111.00      288.33        0.00
     0     1     1113.67      286.33        0.00
     0     1     1116.33      284.33        0.00
     0     1     1119.00      282.33        0.00
     0     1     1122.33      281.00        0.00
     0     1     1125.00      279.00        0.00
     0     1     1127.67      277.00        0.00
     0     1     1131.00      275.67        0.00
     0     1     1133.67      273.67        0.00
     0     1     1137.00      272.33        0.00
     0     1     1141.00      271.00        0.00
     0     1     1144.33      268.33        0.00
     0     1     1148.33      265.67        0.00
     0     1     1151.67      265.00        0.00
     0     1     1155.00      263.00        0.00
     0     1     1158.33      261.67        0.00
     0     1     1162.33      261.00        0.00
     0     1     1165.67      259.67        0.00
     0     1     1171.00      258.33        0.00
     0     1     1174.33      257.67        0.00
     0     1     1177.67      256.33        0.00
     0     1     1181.00      254.33        0.00
     0     1     1183.67      252.33        0.00
     0     1     1186.33      250.33        0.00
     0     1     1189.00      247.67        0.00
     0     1     1192.33      245.67        0.00
     0     1     1195.67      243.67        0.00
     0     1     1199.00      241.67        0.00
     0     1     1201.67      239.67        0.00
     0     1     1205.00      237.67        0.00
     0     1     1208.33      235.67        0.00
     0     1     1211.00      233.67        0.00
     0     1     1213.67      231.00        0.00
     0     1     1217.00      229.00        0.00
     0     1     1219.67      227.00        0.00
     0     1     1222.33      224.33        0.00
     0     1     1225.00      222.33        0.00
     0     1     1227.67      219.67        0.00
     0     1     1230.33      217.00        0.00
     0     1     1233.00      214.33        0.00
     0     1     1235.00      211.67        0.00
     0     1     1237.67      209.00        0.00
     0     1     1240.33      207.00        0.00
     0     1     1242.33      204.33        0.00
     0     1     1244.33      201.67        0.00
     0     1     1246.33      199.00        0.00
     0     1     1248.33      196.33        0.00
     0     1     1251.00      193.67        0.00
     0     1     1253.00      191.00        0.00
     0     1     1255.67      189.00        0.00
     0     1     1258.33      187.00        0.00
     0     1     1260.33      184.33        0.00
     0     1     1262.33      181.67        0.00
     0     1     1264.33      179.00        0.00
     0     1     1266.33      176.33        0.00
     0     1     1268.33      173.67        0.00
     0     1     1270.33      171.00        0.00
     0     1     1273.00      169.00        0.00
     0     1     1275.67      166.33        0.00
     0     1     1278.33      163.67        0.00
     0     1     1281.00      161.00        0.00
     0     1     1283.67      158.33        0.00
     0     1     1285.67      155.67        0.00
     0     1     1288.33      153.67        0.00
     0     1     1290.33      151.00        0.00
     0     1     1291.67      147.67        0.00
     0     1     1293.67      144.33        0.00
     0     1     1295.67      141.00        0.00
     0     1     1297.67      137.67        0.00
     0     1     1299.67      134.33        0.00
     0     1     1301.67      131.67        0.00
     0     1     1303.00      128.33        0.00
     0     1     1305.00      125.00        0.00
     0     1     1305.67      121.67        0.00
     0     1     1306.33      118.33        0.00
     0     1     1307.00      115.00        0.00
     0     1     1307.67      111.67        0.00
     0     1     1308.33      108.33        0.00
     0     1     1309.67      105.00        0.00
     0     1     1311.67      101.67        0.00
     0     1     1313.67       99.00        0.00
     0     1     1315.67       96.33        0.00
     0     1     1317.67       93.67        0.00
     0     1     1320.33       91.00        0.00
     0     1     1322.33       88.33        0.00
     0     1     1324.33       85.67        0.00
     0     1     1326.33       83.00        0.00
     0     1     1328.33       80.33        0.00
     0     1     1330.33       77.67        0.00
     0     1     1333.00       75.67        0.00
     0     1     1335.67       73.67        0.00
     0     1     1337.67       71.00        0.00
     0     1     1340.33       68.33        0.00
     0     1     1342.33       65.67        0.00
     0     1     1345.00       63.00        0.00
     0     1     1346.33       59.67        0.00
     0     1     1347.00       56.33        0.00
     0     1     1348.33       53.00        0.00
     0     1     1349.67       49.67        0.00
     0     1     1351.67       47.00        0.00
     0     1     1353.00       43.67        0.00
     0     1     1354.33       40.33        0.00
     0     1     1356.33       37.67        0.00
     0     1     1358.33       34.33        0.00
     0     1     1361.00       32.33        0.00
     0     1     1363.00       29.67        0.00
     0     1     1366.33       28.33        0.00
     0     1     1369.00       26.33        0.00
     0     1     1371.00       23.67        0.00
     0     1     1374.33       22.33        0.00
     0     2      712.33       77.33        0.00
     0     2      711.00       84.00        0.00
     0     2      709.67       87.33        0.00
     0     2      709.00       90.67        0.00
     0     2      707.00       94.00        0.00
     0     2      705.67       97.33        0.00
     0     2      704.33      100.67        0.00
     0     2      702.33      104.00        0.00
     0     2      701.00      107.33        0.00
     0     2      699.00      110.67        0.00
     0     2      697.00      113.33        0.00
     0     2      695.00      116.00        0.00
     0     2      692.33      118.67        0.00
     0     2      689.67      121.33        0.00
     0     2      687.67      124.00        0.00
     0     2      686.33      127.33        0.00
     0     2      684.33      130.00        0.00
     0     2      682.33      132.67        0.00
     0     2      680.33      136.00        0.00
     0     2      677.67      138.67        0.00
     0     2      675.67      141.33        0.00
     0     2      673.00      143.33        0.00
     0     2      670.33      146.00        0.00
     0     2      668.33      148.67        0.00
     0     2      665.67      151.33        0.00
     0     2      663.67      154.00        0.00
     0     2      661.00      156.00        0.00
     0     2      658.33      158.00        0.00
     0     2      655.67      160.00        0.00
     0     2      653.00      162.00        0.00
     0     2      650.33      164.00        0.00
     0     2      647.67      166.00        0.00
     0     2      645.00      168.00        0.00
     0     2      641.67      170.00        0.00
     0     2      638.33      171.33        0.00
     0     2      635.00      172.67        0.00
     0     2      631.67      174.00        0.00
     0     2      629.00      176.00        0.00
     0     2      627.00      178.67        0.00
     0     2      623.67      180.00        0.00
     0     2      620.33      181.33        0.00
     0     2      617.00      182.67        0.00
     0     2      613.67      184.00        0.00
     0     2      611.00      186.00        0.00
     0     2      608.33      188.00        0.00
     0     2      605.00      190.00        0.00
     0     2      602.33      192.00        0.00
     0     2      599.67      194.67        0.00
     0     2      597.67      197.33        0.00
     0     2      595.00      200.00        0.00
     0     2      592.33      202.67        0.00
     0     2      590.33      205.33        0.00
     0     2      588.33      208.00        0.00
     0     2      585.67      210.67        0.00
     0     2      583.00      212.67        0.00
     0     2      580.33      214.67        0.00
     0     2      577.00      216.67        0.00
     0     2      573.67      218.00        0.00
     0     2      570.33      219.33        0.00
     0     2      567.00      220.00        0.00
     0     2      563.67      221.33        0.00
     0     2      560.33      222.00        0.00
     0     2      557.00      222.67        0.00
     0     2      553.67      222.67        0.00
     0     2      551.00      220.67        0.00
     0     2      549.00      218.00        0.00
     0     2      547.00      215.33        0.00
     0     2      546.33      212.00        0.00
     0     2      545.00      208.67        0.00
     0     2      545.00      204.67        0.00
     0     2      545.00      200.67        0.00
     0     2      545.00      197.33        0.00
     0     2      545.67      193.33        0.00
     0     2      546.33      190.00        0.00
     0     2      546.33      186.67        0.00
     0     2      546.33      182.67        0.00
     0     2      546.33      179.33        0.00
     0     2      547.00      176.00        0.00
     0     2      547.67      172.00        0.00
     0     2      548.33      168.67        0.00
     0     2      549.00      165.33        0.00
     0     2      549.67      162.00        0.00
     0     2      550.33      158.67        0.00
     0     2      551.67      155.33        0.00
     0     2      553.00      152.00        0.00
     0     2      553.67      148.67        0.00
     0     2      555.00      145.33        0.00
     0     2      556.33      142.00        0.00
     0     2      557.67      138.67        0.00
     0     2      559.00      135.33        0.00
     0     2      561.00      130.67        0.00
     0     2      563.00      127.33        0.00
     0     2      565.00      124.00        0.00
     0     2      567.00      120.67        0.00
     0     2      569.00      118.00        0.00
     0     2      571.00      114.67        0.00
     0     2      572.33      111.33        0.00
     0     2      574.33      108.67        0.00
     0     2      575.67      105.33        0.00
     0     2      577.67      102.00        0.00
     0     2      579.00       98.67        0.00
     0     2      580.33       94.67        0.00
     0     2      582.33       91.33        0.00
     0     2      583.67       88.00        0.00
     0     2      585.00       84.67        0.00
     0     2      586.33       81.33        0.00
     0     2      587.67       78.00        0.00
     0     2      589.00       74.67        0.00
     0     2      590.33       71.33        0.00
     0     2      591.67       68.00        0.00
     0     2      593.67       65.33        0.00
     0     2      595.67       62.67        0.00
     0     2      598.33       60.00        0.00
     0     2      601.00       57.33        0.00
     0     2      603.67       55.33        0.00
     0     2      605.67       52.67        0.00
     0     2      608.33       50.67        0.00
     0     2      610.33       48.00        0.00
     0     2      613.00       46.00        0.00
     0     2      615.67       44.00        0.00
     0     2      618.33       42.00        0.00
     0     2      621.00       39.33        0.00
     0     2      623.67       37.33        0.00
     0     2      626.33       35.33        0.00
     0     2      628.33       32.67        0.00
     0     2      630.33       30.00        0.00
     0     2      632.33       26.67        0.00
     0     2      634.33       24.00        0.00
     0     2      637.00       21.33        0.00
     0     2      639.67       18.67        0.00
     0     2      641.67       16.00        0.00
     0     2      644.33       14.00        0.00
     0     2      646.33       11.33        0.00
     0     2      649.00        9.33        0.00
     0     2      652.33        7.33        0.00
     0     2      655.00        5.33        0.00
     0     2      657.67        3.33        0.00
     0     2      660.33        0.67        0.00
     0     2      770.33        2.67        0.00
     0     2      768.33        6.00        0.00
     0     2      767.00        9.33        0.00
     0     2      765.67       12.67        0.00
     0     2      763.67       15.33        0.00
     0     2      761.67       18.67        0.00
     0     2      759.67       21.33        0.00
     0     2      757.67       24.00        0.00
     0     2      755.67       26.67        0.00
     0     2      753.00       28.67        0.00
     0     2      750.33       30.67        0.00
     0     2      747.00       32.67        0.00
     0     2      743.67       34.67        0.00
     0     2      740.33       36.00        0.00
     0     2      737.00       37.33        0.00
     0     2      734.33       39.33        0.00
     0     2      731.00       40.67        0.00
     0     2      728.33       42.67        0.00
     0     2      726.33       45.33        0.00
     0     2      723.67       48.00        0.00
     0     2      721.67       50.67        0.00
     0     2      719.67       53.33        0.00
     0     2      717.67       56.00        0.00
     0     2      716.33       59.33        0.00
     0     3      373.00      628.67        0.00
     0     3      370.33      632.00        0.00
     0     3      367.67      634.00        0.00
     0     3      365.00      636.00        0.00
     0     3      361.67      636.67        0.00
     0     3      358.33      638.00        0.00
     0     3      355.00      639.33        0.00
     0     3      351.67      640.67        0.00
     0     3      348.33      641.33        0.00
     0     3      345.00      642.00        0.00
     0     3      341.67      643.33        0.00
     0     3      338.33      644.00        0.00
     0     3      335.00      645.33        0.00
     0     3      331.67      646.00        0.00
     0     3      328.33      647.33        0.00
     0     3      325.00      648.00        0.00
     0     3      321.67      648.67        0.00
     0     3      318.33      649.33        0.00
     0     3      315.00      650.00        0.00
     0     3      311.67      650.67        0.00
     0     3      308.33      651.33        0.00
     0     3      305.00      651.33        0.00
     0     3      301.67      652.00        0.00
     0     3      298.33      652.67        0.00
     0     3      295.00      652.67        0.00
     0     3      291.67      652.67        0.00
     0     3      288.33      652.67        0.00
     0     3      285.00      653.33        0.00
     0     3      281.67      653.33        0.00
     0     3      278.33      653.33        0.00
     0     3      275.00      653.33        0.00
     0     3      271.67      654.00        0.00
     0     3      268.33      654.00        0.00
     0     3      265.00      654.00        0.00
     0     3      261.67      654.00        0.00
     0     3      258.33      654.00        0.00
     0     3      255.00      654.00        0.00
     0     3      251.67      654.00        0.00
     0     3      248.33      654.00        0.00
     0     3      245.00      654.00        0.00
     0     3      241.67      654.00        0.00
     0     3      238.33      653.33        0.00
     0     3      235.00      653.33        0.00
     0     3      231.67      653.33        0.00
     0     3      228.33      652.67        0.00
     0     3      225.00      652.67        0.00
     0     3      221.67      652.67        0.00
     0     3      217.67      652.67        0.00
     0     3      214.33      652.67        0.00
     0     3      211.00      652.00        0.00
     0     3      207.67      651.33        0.00
     0     3      204.33      650.67        0.00
     0     3      201.00      650.00        0.00
     0     3      197.67      648.67        0.00
     0     3      194.33      646.67        0.00
     0     3      190.33      645.33        0.00
     0     3      187.00      644.00        0.00
     0     3      183.00      642.00        0.00
     0     3      179.67      640.00        0.00
     0     3      176.33      638.00        0.00
     0     3      173.00      636.67        0.00
     0     3      169.67      634.67        0.00
     0     3      165.67      632.67        0.00
     0     3      161.67      630.67        0.00
     0     3      158.33      628.67        0.00
     0     3      155.67      626.67        0.00
     0     3      153.00      624.67        0.00
     0     3      150.33      622.67        0.00
     0     3      147.67      620.67        0.00
     0     3      145.00      618.67        0.00
     0     3      141.67      616.67        0.00
     0     3      139.00      614.67        0.00
     0     3      136.33      612.00        0.00
     0     3      133.67      610.00        0.00
     0     3      131.00      608.00        0.00
     0     3      128.33      606.00        0.00
     0     3      125.67      604.00        0.00
     0     3      123.00      601.33        0.00
     0     3      120.33      599.33        0.00
     0     3      117.67      596.67        0.00
     0     3      115.67      594.00        0.00
     0     3      113.00      592.00        0.00
     0     3      111.00      589.33        0.00
     0     3      109.00      586.67        0.00
     0     3      107.00      584.00        0.00
     0     3      105.00      581.33        0.00
     0     3      103.00      578.67        0.00
     0     3      100.33      574.67        0.00
     0     3       98.33      572.00        0.00
     0     3       96.33      568.67        0.00
     0     3       95.00      565.33        0.00
     0     3       93.00      562.00        0.00
     0     3       91.00      559.33        0.00
     0     3       89.67      556.00        0.00
     0     3       87.67      553.33        0.00
     0     3       85.67      550.67        0.00
     0     3       85.00      547.33        0.00
     0     3       84.33      544.00        0.00
     0     3       83.67      540.67        0.00
     0     3       82.33      537.33        0.00
     0     3       82.33      534.00        0.00
     0     3       81.00      530.67        0.00
     0     3       80.33      527.33        0.00
     0     3       79.67      524.00        0.00
     0     3       79.67      520.67        0.00
     0     3       79.00      517.33        0.00
     0     3       78.33      514.00        0.00
     0     3       78.33      510.67        0.00
     0     3       78.33      507.33        0.00
     0     3       77.67      504.00        0.00
     0     3       77.67      500.67        0.00
     0     3       78.33      497.33        0.00
     0     3       79.67      494.00        0.00
     0     3       79.67      490.67        0.00
     0     3       80.33      487.33        0.00
     0     3       81.67      484.00        0.00
     0     3       81.67      480.67        0.00
     0     3       83.00      477.33        0.00
     0     3       83.67      474.00        0.00
     0     3       84.33      470.67        0.00
     0     3       85.00      467.33        0.00
     0     3       85.67      464.00        0.00
     0     3       87.00      460.67        0.00
     0     3       88.33      457.33        0.00
     0     3       89.67      454.00        0.00
     0     3       91.67      450.00        0.00
     0     3       93.67      446.67        0.00
     0     3       95.67      444.00        0.00
     0     3       97.00      440.67        0.00
     0     3       99.00      437.33        0.00
     0     3      100.33      434.00        0.00
     0     3      103.00      431.33        0.00
     0     3      105.00      428.67        0.00
     0     3      107.00      426.00        0.00
     0     3      109.67      422.67        0.00
     0     3      112.33      420.67        0.00
     0     3      114.33      418.00        0.00
     0     3      116.33      415.33        0.00
     0     3      118.33      412.67        0.00
     0     3      120.33      410.00        0.00
     0     3      123.00      407.33        0.00
     0     3      125.67      405.33        0.00
     0     3      128.33      403.33        0.00
     0     3      130.33      400.67        0.00
     0     3      133.67      399.33        0.00
     0     3      137.00      398.67        0.00
     0     3      140.33      398.00        0.00
     0     3      143.67      398.00        0.00
     0     3      147.00      397.33        0.00
     0     3      150.33      397.33        0.00
     0     3      153.67      396.67        0.00
     0     3      157.00      396.00        0.00
     0     3      160.33      395.33        0.00
     0     3      163.67      395.33        0.00
     0     3      167.00      396.67        0.00
     0     3      170.33      398.67        0.00
     0     3      173.00      400.67        0.00
     0     3      175.67      402.67        0.00
     0     3      178.33      405.33        0.00
     0     3      181.00      407.33        0.00
     0     3      183.67      409.33        0.00
     0     3      186.33      411.33        0.00
     0     3      189.00      413.33        0.00
     0     3      191.00      416.00        0.00
     0     3      193.67      418.00        0.00
     0     3      196.33      420.67        0.00
     0     3      199.00      423.33        0.00
     0     3      201.67      425.33        0.00
     0     3      203.67      428.00        0.00
     0     3      205.67      430.67        0.00
     0     3      207.67      433.33        0.00
     0     3      209.67      436.00        0.00
     0     3      211.00      439.33        0.00
     0     3      213.00      442.67        0.00
     0     3      214.33      446.00        0.00
     0     3      215.67      449.33        0.00
     0     3      217.00      452.67        0.00
     0     3      217.67      456.00        0.00
     0     3      218.33      459.33        0.00
     0     3      220.33      462.00        0.00
     0     3      222.33      464.67        0.00
     0     3      224.33      467.33        0.00
     0     3      227.00      470.00        0.00
     0     3      229.67      472.00        0.00
     0     3      232.33      474.00        0.00
     0     3      235.67      474.67        0.00
     0     3      239.00      474.67        0.00
     0     3      243.00      474.67        0.00
     0     3      247.00      474.67        0.00
     0     3      250.33      474.00        0.00
     0     3      253.67      472.67        0.00
     0     3      257.00      470.67        0.00
     0     3      260.33      470.00        0.00
     0     3      263.67      468.67        0.00
     0     3      266.33      466.67        0.00
     0     3      269.67      464.67        0.00
     0     3      273.00      462.67        0.00
     0     3      276.33      460.67        0.00
     0     3      279.00      458.67        0.00
     0     3      282.33      456.67        0.00
     0     3      285.67      454.67        0.00
     0     3      289.00      452.67        0.00
     0     3      292.33      450.67        0.00
     0     3      295.67      448.67        0.00
     0     3      301.00      446.67        0.00
     0     3      307.00      444.00        0.00
     0     3      311.67      441.33        0.00
     0     3      319.00      438.67        0.00
     0     3      325.00      436.00        0.00
     0     3      329.67      434.00        0.00
     0     3      335.00      430.67        0.00
     0     3      340.33      428.67        0.00
     0     3      345.67      426.00        0.00
     0     3      352.33      424.00        0.00
     0     3      359.00      422.00        0.00
     0     3      364.33      420.67        0.00
     0     3      369.67      419.33        0.00
     0     3      374.33      418.00        0.00
     0     3      379.00      418.00        0.00
     0     3      384.33      416.67        0.00
     0     3      388.33      416.67        0.00
     0     3      393.67      416.00        0.00
     0     3      397.67      416.00        0.00
     0     3      403.00      415.33        0.00
     0     3      407.67      415.33        0.00
     0     3      413.67      415.33        0.00
     0     3      418.33      414.67        0.00
     0     3      421.67      414.67        0.00
     0     3      425.67      414.00        0.00
     0     3      429.67      414.00        0.00
     0     3      433.67      413.33        0.00
     0     3      438.33      413.33        0.00
     0     3      443.67      412.67        0.00
     0     3      448.33      412.67        0.00
     0     3      455.00      412.00        0.00
     0     3      459.67      412.00        0.00
     0     3      463.67      411.33        0.00
     0     3      468.33      410.67        0.00
     0     3      471.67      410.00        0.00
     0     3      475.00      409.33        0.00
     0     3      478.33      408.67        0.00
     0     3      505.00      384.67        0.00
     0     3      509.67      378.67        0.00
     0     3      512.33      376.67        0.00
     0     3      514.33      374.00        0.00
     0     3      517.00      372.00        0.00
     0     3      519.67      370.00        0.00
     0     3      522.33      367.33        0.00
     0     3      524.33      364.67        0.00
     0     3      527.00      362.00        0.00
     0     3      529.67      360.00        0.00
     0     3      533.00      357.33        0.00
     0     3      537.00      354.00        0.00
     0     3      541.00      351.33        0.00
     0     3      544.33      348.67        0.00
     0     3      548.33      346.00        0.00
     0     3      551.67      343.33        0.00
     0     3      555.67      341.33        0.00
     0     3      559.00      338.67        0.00
     0     3      562.33      336.67        0.00
     0     3      565.00      334.67        0.00
     0     3      567.67      332.67        0.00
     0     3      571.00      331.33        0.00
     0     3      574.33      329.33        0.00
     0     3      578.33      327.33        0.00
     0     3      581.67      326.00        0.00
     0     3      585.00      324.00        0.00
     0     3      588.33      322.67        0.00
     0     3      592.33      321.33        0.00
     0     3      595.67      320.67        0.00
     0     3      599.00      318.67        0.00
     0     3      601.67      316.67        0.00
     0     3      604.33      314.67        0.00
     0     3      607.67      312.67        0.00
     0     3      610.33      310.67        0.00
     0     3      613.67      309.33        0.00
     0     3      617.00      307.33        0.00
     0     3      621.00      306.00        0.00
     0     3      624.33      304.67        0.00
     0     3      627.67      303.33        0.00
     0     3      631.00      302.67        0.00
     0     3      637.00      300.67        0.00
     0     3      641.67      299.33        0.00
     0     3      646.33      297.33        0.00
     0     3      650.33      296.67        0.00
     0     3      655.00      295.33        0.00
     0     3      659.00      294.00        0.00
     0     3      662.33      293.33        0.00
     0     3      665.67      292.00        0.00
     0     3      669.00      291.33        0.00
     0     3      674.33      290.00        0.00
     0     3      677.67      289.33        0.00
     0     3      682.33      288.67        0.00
     0     3      685.67      288.00        0.00
     0     3      690.33      287.33        0.00
     0     3      695.00      286.00        0.00
     0     3      698.33      285.33        0.00
     0     3      701.67      284.00        0.00
     0     3      705.00      283.33        0.00
     0     3      708.33      282.00        0.00
     0     3      711.67      280.67        0.00
     0     3      715.00      279.33        0.00
     0     3      718.33      278.67        0.00
     0     3      721.67      278.67        0.00
     0     3      725.00      278.67        0.00
     0     3      728.33      278.67        0.00
     0     3      731.67      278.67        0.00
     0     3      735.00      279.33        0.00
     0     3      738.33      280.00        0.00
     0     3      741.67      281.33        0.00
     0     3      745.00      281.33        0.00
     0     3      748.33      282.00        0.00
     0     3      751.67      282.67        0.00
     0     3      755.00      283.33        0.00
     0     3      758.33      284.67        0.00
     0     3      761.00      286.67        0.00
     0     3      764.33      288.67        0.00
     0     3      767.67      290.67        0.00
     0     3      770.33      292.67        0.00
     0     3      773.00      294.67        0.00
     0     3      775.67      296.67        0.00
     0     3      778.33      298.67        0.00
     0     3      780.33      301.33        0.00
     0     3      782.33      304.00        0.00
     0     3      783.67      307.33        0.00
     0     3      785.67      310.67        0.00
     0     3      787.00      314.00        0.00
     0     3      789.00      316.67        0.00
     0     3      791.00      320.00        0.00
     0     3      793.00      322.67        0.00
     0     3      795.00      326.00        0.00
     0     3      797.00      328.67        0.00
     0     3      799.00      332.00        0.00
     0     3      801.67      334.67        0.00
     0     3      803.67      338.00        0.00
     0     3      806.33      340.67        0.00
     0     3      809.00      342.67        0.00
     0     3      811.00      345.33        0.00
     0     3      813.67      347.33        0.00
     0     3      817.00      349.33        0.00
     0     3      820.33      351.33        0.00
     0     3      823.00      353.33        0.00
     0     3      825.67      356.00        0.00
     0     3      841.67      373.00        0.00
     0     3      847.00      378.33        0.00
     0     3      849.67      380.33        0.00
     0     3      852.33      382.33        0.00
     0     3      855.00      384.33        0.00
     0     3      858.33      386.33        0.00
     0     3      861.00      388.33        0.00
     0     3      864.33      389.67        0.00
     0     3      867.00      391.67        0.00
     0     3      869.67      393.67        0.00
     0     3      873.67      395.67        0.00
     0     3      877.00      397.00        0.00
     0     3      880.33      399.00        0.00
     0     3      883.67      400.33        0.00
     0     3      887.00      402.33        0.00
     0     3      889.67      404.33        0.00
     0     3      893.00      405.67        0.00
     0     3      895.67      407.67        0.00
     0     3      898.33      409.67        0.00
     0     3      901.00      411.67        0.00
     0     3      904.33      413.67        0.00
     0     3      907.67      415.67        0.00
     0     3      910.33      417.67        0.00
     0     3      913.67      419.67        0.00
     0     3      917.00      421.67        0.00
     0     3      920.33      423.00        0.00
     0     3      923.00      425.67        0.00
     0     3      925.67      427.67        0.00
     0     3      929.00      429.67        0.00
     0     3      932.33      431.00        0.00
     0     3      935.00      433.00        0.00
     0     3      937.67      435.00        0.00
     0     3      941.00      437.00        0.00
     0     3      943.67      439.67        0.00
     0     3      946.33      441.67        0.00
     0     3      949.00      443.67        0.00
     0     3      951.67      446.33        0.00
     0     3      954.33      448.33        0.00
     0     3      956.33      451.00        0.00
     0     3      959.00      453.00        0.00
     0     3      961.67      455.00        0.00
     0     3      964.33      457.00        0.00
     0     3      966.33      459.67        0.00
     0     3      968.33      462.33        0.00
     0     3      970.33      465.00        0.00
     0     3      972.33      467.67        0.00
     0     3      973.67      471.00        0.00
     0     3      975.00      474.33        0.00
     0     3      977.00      477.67        0.00
     0     3      977.67      481.00        0.00
     0     3      979.00      484.33        0.00
     0     3      980.33      487.67        0.00
     0     3      981.67      491.00        0.00
     0     3      983.00      494.33        0.00
     0     3      983.67      497.67        0.00
     0     3      985.00      501.00        0.00
     0     3      986.33      504.33        0.00
     0     3      987.00      507.67        0.00
     0     3      989.00      511.00        0.00
     0     3      990.33      514.33        0.00
     0     3      991.00      517.67        0.00
     0     3      991.67      521.00        0.00
     0     3      991.67      524.33        0.00
     0     3      991.67      527.67        0.00
     0     3      990.33      531.00        0.00
     0     3      989.67      534.33        0.00
     0     3      989.00      537.67        0.00
     0     3      988.33      541.00        0.00
     0     3      987.67      544.33        0.00
     0     3      986.33      547.67        0.00
     0     3      985.67      551.00        0.00
     0     3      984.33      554.33        0.00
     0     3      983.00      557.67        0.00
     0     3      981.67      561.00        0.00
     0     3      979.67      564.33        0.00
     0     3      977.67      567.00        0.00
     0     3      976.33      570.33        0.00
     0     3      974.33      573.00        0.00
     0     3      972.33      575.67        0.00
     0     3      969.67      577.67        0.00
     0     3      967.00      580.33        0.00
     0     3      964.33      582.33        0.00
     0     3      961.67      584.33        0.00
     0     3      959.00      587.00        0.00
     0     3      955.67      588.33        0.00
     0     3      952.33      589.67        0.00
     0     3      949.00      590.33        0.00
     0     3      945.67      591.00        0.00
     0     3      942.33      591.67        0.00
     0     3      939.00      592.33        0.00
     0     3      935.67      592.33        0.00
     0     3      932.33      592.33        0.00
     0     3      928.33      592.33        0.00
     0     3      924.33      592.33        0.00
     0     3      920.33      592.33        0.00
     0     3      916.33      591.67        0.00
     0     3      913.00      591.00        0.00
     0     3      909.67      590.33        0.00
     0     3      906.33      589.67        0.00
     0     3      903.00      588.33        0.00
     0     3      899.67      587.00        0.00
     0     3      896.33      586.33        0.00
     0     3      893.00      584.33        0.00
     0     3      889.67      583.67        0.00
     0     3      886.33      582.33        0.00
     0     3      882.33      581.67        0.00
     0     3      878.33      581.00        0.00
     0     3      875.00      579.67        0.00
     0     3      871.67      579.00        0.00
     0     3      868.33      578.33        0.00
     0     3      865.00      577.00        0.00
     0     3      861.67      576.33        0.00
     0     3      858.33      575.67        0.00
     0     3      855.00      575.00        0.00
     0     3      851.67      574.33        0.00
     0     3      848.33      573.67        0.00
     0     3      845.00      573.00        0.00
     0     3      841.67      571.67        0.00
     0     3      838.33      570.33        0.00
     0     3      835.00      569.67        0.00
     0     3      831.67      569.00        0.00
     0     3      828.33      568.33        0.00
     0     3      825.00      567.67        0.00
     0     3      821.67      567.67        0.00
     0     3      818.33      567.00        0.00
     0     3      815.67      565.00        0.00
     0     3      803.67      562.33        0.00
     0     3      800.33      563.00        0.00
     0     3      797.00      561.67        0.00
     0     3      794.33      559.67        0.00
     0     3      791.67      557.67        0.00
     0     3      789.00      555.67        0.00
     0     3      787.00      553.00        0.00
     0     3      785.00      550.33        0.00
     0     3      783.00      547.67        0.00
     0     3      781.00      545.00        0.00
     0     3      779.00      542.33        0.00
     0     3      777.00      539.00        0.00
     0     3      775.00      536.33        0.00
     0     3      772.33      533.67        0.00
     0     3      770.33      530.33        0.00
     0     3      769.00      527.00        0.00
     0     3      767.00      524.33        0.00
     0     3      766.33      521.00        0.00
     0     3      764.33      518.33        0.00
     0     3      762.33      515.67        0.00
     0     3      759.67      513.00        0.00
     0     3      758.33      509.67        0.00
     0     3      756.33      507.00        0.00
     0     3      755.67      503.67        0.00
     0     3      754.33      500.33        0.00
     0     3      753.67      497.00        0.00
     0     3      752.33      493.67        0.00
     0     3      751.67      490.33        0.00
     0     3      750.33      487.00        0.00
     0     3      749.67      483.67        0.00
     0     3      748.33      480.33        0.00
     0     3      746.33      477.67        0.00
     0     3      744.33      475.00        0.00
     0     3      741.00      473.00        0.00
     0     3      738.33      471.00        0.00
     0     3      735.00      469.67        0.00
     0     3      732.33      467.67        0.00
     0     3      729.00      466.33        0.00
     0     3      725.67      465.67        0.00
     0     3      722.33      465.00        0.00
     0     3      719.00      464.33        0.00
     0     3      715.67      463.67        0.00
     0     3      712.33      463.00        0.00
     0     3      709.00      462.33        0.00
     0     3      705.67      462.33        0.00
     0     3      702.33      462.33        0.00
     0     3      699.00      462.33        0.00
     0     3      695.67      462.33        0.00
     0     3      692.33      463.67        0.00
     0     3      689.67      465.67        0.00
     0     3      687.00      467.67        0.00
     0     3      685.00      470.33        0.00
     0     3      682.33      472.33        0.00
     0     3      679.67      475.00        0.00
     0     3      676.33      477.00        0.00
     0     3      673.67      479.00        0.00
     0     3      671.00      481.00        0.00
     0     3      639.67      503.67        0.00
     0     3      633.67      507.67        0.00
     0     3      631.00      510.33        0.00
     0     3      627.67      511.67        0.00
     0     3      624.33      513.67        0.00
     0     3      621.00      514.33        0.00
     0     3      617.67      515.67        0.00
     0     3      614.33      517.67        0.00
     0     3      611.00      519.00        0.00
     0     3      607.67      520.33        0.00
     0     3      605.00      522.33        0.00
     0     3      602.33      525.00        0.00
     0     3      599.67      527.00        0.00
     0     3      597.00      529.00        0.00
     0     3      593.67      531.00        0.00
     0     3      590.33      533.00        0.00
     0     3      587.00      534.33        0.00
     0     3      583.67      535.67        0.00
     0     3      580.33      537.67        0.00
     0     3      577.00      539.67        0.00
     0     3      573.00      541.67        0.00
     0     3      569.00      543.00        0.00
     0     3      565.67      543.67        0.00
     0     3      562.33      545.67        0.00
     0     3      559.00      547.00        0.00
     0     3      555.67      547.67        0.00
     0     3      553.00      549.67        0.00
     0     3      549.67      551.67        0.00
     0     3      546.33      553.00        0.00
     0     3      543.67      555.00        0.00
     0     3      540.33      557.00        0.00
     0     3      537.00      559.00        0.00
     0     3      533.67      561.00        0.00
     0     3      529.67      562.33        0.00
     0     3      525.67      564.33        0.00
     0     3      522.33      565.67        0.00
     0     3      519.00      566.33        0.00
     0     3      515.00      567.67        0.00
     0     3      511.00      569.00        0.00
     0     3      507.67      570.33        0.00
     0     3      505.00      572.33        0.00
     0     3      502.33      574.33        0.00
     0     3      499.67      576.33        0.00
     0     3      496.33      579.00        0.00
     0     3      493.00      580.33        0.00
     0     3      489.67      581.67        0.00
     0     3      487.00      583.67        0.00
     0     3      483.67      585.00        0.00
     0     3      480.33      585.67        0.00
     0     3      477.67      587.67        0.00
     0     3      473.67      588.33        0.00
     0     3      470.33      589.67        0.00
     0     3      467.00      591.00        0.00
     0     3      463.67      592.33        0.00
     0     3      460.33      593.00        0.00
     0     3      457.00      594.33        0.00
     0     3      453.67      595.67        0.00
     0     3      450.33      597.67        0.00
     0     3      447.00      598.33        0.00
     0     3      443.67      599.67        0.00
     0     3      440.33      600.33        0.00
     0     3      436.33      601.67        0.00
     0     3      433.00      601.67        0.00
     0     3      429.67      602.33        0.00
     0     3      427.00      604.33        0.00
     0     3      423.67      605.67        0.00
     0     3      421.00      607.67        0.00
     0     3      417.67      609.00        0.00
     0     3      414.33      610.33        0.00
     0     3      411.00      611.67        0.00
     0     3      407.00      613.00        0.00
     0     3      403.67      613.67        0.00
     0     3      400.33      615.00        0.00
     0     3      397.00      617.00        0.00
     0     3      394.33      619.00        0.00
     0     3      391.00      620.33        0.00
     0     3      387.67      621.67        0.00
     0     3      384.33      623.00        0.00
     0     3      381.00      624.33        0.00
     0     4      798.67      760.33        0.00
     0     4      795.33      761.00        0.00
     0     4      792.00      761.00        0.00
     0     4      788.67      761.00        0.00
     0     4      785.33      760.33        0.00
     0     4      782.00      759.67        0.00
     0     4      778.67      759.67        0.00
     0     4      775.33      759.00        0.00
     0     4      772.00      759.00        0.00
     0     4      768.67      758.33        0.00
     0     4      763.33      757.67        0.00
     0     4      759.33      757.00        0.00
     0     4      756.00      755.67        0.00
     0     4      752.67      755.00        0.00
     0     4      749.33      754.33        0.00
     0     4      746.00      753.67        0.00
     0     4      742.67      752.33        0.00
     0     4      739.33      751.00        0.00
     0     4      736.00      750.33        0.00
     0     4      733.33      748.33        0.00
     0     4      730.00      747.00        0.00
     0     4      726.67      745.67        0.00
     0     4      724.00      743.67        0.00
     0     4      720.67      741.67        0.00
     0     4      717.33      739.67        0.00
     0     4      714.00      738.33        0.00
     0     4      711.33      736.33        0.00
     0     4      708.67      734.33        0.00
     0     4      706.00      731.67        0.00
     0     4      704.00      729.00        0.00
     0     4      703.33      725.67        0.00
     0     4      702.67      722.33        0.00
     0     4      702.67      718.33        0.00
     0     4      702.00      715.00        0.00
     0     4      702.00      711.67        0.00
     0     4      702.00      708.33        0.00
     0     4      702.00      705.00        0.00
     0     4      702.00      701.67        0.00
     0     4      702.00      698.33        0.00
     0     4      702.67      695.00        0.00
     0     4      703.33      691.67        0.00
     0     4      703.33      688.33        0.00
     0     4      704.00      685.00        0.00
     0     4      704.67      681.67        0.00
     0     4      704.67      678.33        0.00
     0     4      706.00      675.00        0.00
     0     4      708.00      671.67        0.00
     0     4      710.00      668.33        0.00
     0     4      712.67      665.67        0.00
     0     4      714.67      663.00        0.00
     0     4      717.33      660.33        0.00
     0     4      720.00      658.33        0.00
     0     4      722.67      656.33        0.00
     0     4      725.33      654.33        0.00
     0     4      728.00      652.33        0.00
     0     4      731.33      650.33        0.00
     0     4      734.67      649.00        0.00
     0     4      738.00      647.67        0.00
     0     4      741.33      646.33        0.00
     0     4      744.67      645.67        0.00
     0     4      748.00      645.00        0.00
     0     4      752.00      645.00        0.00
     0     4      755.33      645.00        0.00
     0     4      758.67      645.00        0.00
     0     4      762.00      645.67        0.00
     0     4      766.00      646.33        0.00
     0     4      769.33      647.67        0.00
     0     4      772.67      648.33        0.00
     0     4      776.67      649.00        0.00
     0     4      780.00      650.33        0.00
     0     4      783.33      652.33        0.00
     0     4      786.67      653.00        0.00
     0     4      790.00      654.33        0.00
     0     4      793.33      655.67        0.00
     0     4      796.67      657.00        0.00
     0     4      800.00      659.00        0.00
     0     4      803.33      660.33        0.00
     0     4      806.67      662.33        0.00
     0     4      810.00      663.67        0.00
     0     4      813.33      665.00        0.00
     0     4      816.67      665.67        0.00
     0     4      820.00      667.00        0.00
     0     4      823.33      668.33        0.00
     0     4      826.67      669.67        0.00
     0     4      829.33      671.67        0.00
     0     4      832.67      673.00        0.00
     0     4      834.67      675.67        0.00
     0     4      837.33      677.67        0.00
     0     4      839.33      680.33        0.00
     0     4      841.33      683.00        0.00
     0     4      843.33      685.67        0.00
     0     4      845.33      689.00        0.00
     0     4      848.00      691.67        0.00
     0     4      849.33      695.00        0.00
     0     4      851.33      698.33        0.00
     0     4      853.33      701.67        0.00
     0     4      854.00      705.00        0.00
     0     4      854.00      708.33        0.00
     0     4      854.00      711.67        0.00
     0     4      854.00      715.00        0.00
     0     4      854.00      718.33        0.00
     0     4      852.00      721.67        0.00
     0     4      850.67      725.00        0.00
     0     4      848.67      727.67        0.00
     0     4      846.67      731.00        0.00
     0     4      844.67      733.67        0.00
     0     4      842.67      736.33        0.00
     0     4      840.67      739.00        0.00
     0     4      838.67      741.67        0.00
     0     4      836.00      744.33        0.00
     0     4      833.33      746.33        0.00
     0     4      830.67      748.33        0.00
     0     4      827.33      749.67        0.00
     0     4      824.00      751.67        0.00
     0     4      820.67      753.67        0.00
     0     4      817.33      755.00        0.00
     0     4      814.00      756.33        0.00
     0     5        5.33      980.00        0.00
     0     5        8.67      980.00        0.00
     0     5       12.00      978.00        0.00
     0     5       15.33      976.67        0.00
     0     5       18.00      974.67        0.00
     0     5       21.33      973.33        0.00
     0     5       24.67      972.00        0.00
     0     5       28.00      970.67        0.00
     0     5       31.33      970.00        0.00
     0     5       34.67      968.67        0.00
     0     5       38.00      968.00        0.00
     0     5       41.33      968.00        0.00
     0     5       45.33      967.33        0.00
     0     5       48.67      966.67        0.00
     0     5       52.67      966.67        0.00
     0     5       56.00      966.67        0.00
     0     5       60.00      966.00        0.00
     0     5       64.67      965.33        0.00
     0     5       68.00      965.33        0.00
     0     5       71.33      964.67        0.00
     0     5       76.67      964.00        0.00
     0     5       80.00      964.00        0.00
     0     5       84.67      964.00        0.00
     0     5       90.00      963.33        0.00
     0     5       93.33      963.33        0.00
     0     5       98.67      962.00        0.00
     0     5      103.33      962.00        0.00
     0     5      109.33      962.00        0.00
     0     5      113.33      962.00        0.00
     0     5      118.00      962.00        0.00
     0     5      122.67      962.00        0.00
     0     5      126.00      962.00        0.00
     0     5      130.00      962.67        0.00
     0     5      134.00      963.33        0.00
     0     5      137.33      964.00        0.00
     0     5      141.33      964.67        0.00
     0     5      144.67      965.33        0.00
     0     5      148.00      966.67        0.00
     0     5      151.33      967.33        0.00
     0     5      154.67      968.67        0.00
     0     5      158.00      970.00        0.00
     0     5      161.33      971.33        0.00
     0     5      164.67      972.67        0.00
     0     5      168.00      974.00        0.00
     0     5      171.33      976.00        0.00
     0     5      174.00      978.00        0.00
     0     5      176.67      980.00        0.00
     0     5      178.00      983.33        0.00
     0     5      180.00      986.00        0.00
     0     5      180.00      989.33        0.00
     0     5      180.67      992.67        0.00
     0     5      180.67      996.00        0.00
     0     5      180.67      999.33        0.00
     0     5      181.33     1002.67        0.00
     0     5      181.33     1006.00        0.00
     0     5      181.33     1009.33        0.00
     0     5      181.33     1012.67        0.00
     0     5      181.33     1016.00        0.00
     0     5      180.67     1019.33        0.00
     0     5      180.67     1022.67        0.00
     0     5      180.67     1026.00        0.00
     0     5      180.67     1029.33        0.00
     0     5       -0.67     1030.00        0.00
     0     6      265.33      917.00        0.00
     0     6      258.67      919.00        0.00
     0     6      255.33      920.33        0.00
     0     6      251.33      921.67        0.00
     0     6      248.00      923.67        0.00
     0     6      244.67      924.33        0.00
     0     6      241.33      925.67        0.00
     0     6      238.00      926.33        0.00
     0     6      234.00      927.00        0.00
     0     6      229.33      927.67        0.00
     0     6      224.67      927.67        0.00
     0     6      218.67      927.67        0.00
     0     6      213.33      927.67        0.00
     0     6      207.33      927.67        0.00
     0     6      200.00      927.00        0.00
     0     6      194.00      926.33        0.00
     0     6      190.67      926.33        0.00
     0     6      185.33      925.00        0.00
     0     6      180.00      923.67        0.00
     0     6      176.67      922.33        0.00
     0     6      172.67      920.33        0.00
     0     6      168.67      917.67        0.00
     0     6      165.33      915.00        0.00
     0     6      161.33      912.33        0.00
     0     6      158.00      909.00        0.00
     0     6      154.67      905.00        0.00
     0     6      150.00      901.00        0.00
     0     6      146.67      898.33        0.00
     0     6      142.00      895.67        0.00
     0     6      138.00      893.00        0.00
     0     6      136.00      890.33        0.00
     0     6      134.67      887.00        0.00
     0     6      132.67      884.33        0.00
     0     6      132.00      880.33        0.00
     0     6      132.00      877.00        0.00
     0     6      132.00      873.67        0.00
     0     6      132.67      870.33        0.00
     0     6      134.00      867.00        0.00
     0     6      135.33      863.67        0.00
     0     6      136.67      860.33        0.00
     0     6      138.67      857.00        0.00
     0     6      140.67      854.33        0.00
     0     6      142.00      851.00        0.00
     0     6      144.67      848.33        0.00
     0     6      146.67      845.67        0.00
     0     6      149.33      843.00        0.00
     0     6      152.00      840.33        0.00
     0     6      154.00      837.67        0.00
     0     6      156.67      835.00        0.00
     0     6      159.33      832.33        0.00
     0     6      163.33      828.33        0.00
     0     6      166.67      825.67        0.00
     0     6      170.00      822.33        0.00
     0     6      173.33      819.67        0.00
     0     6      176.67      817.67        0.00
     0     6      180.67      814.33        0.00
     0     6      184.67      812.33        0.00
     0     6      188.67      809.67        0.00
     0     6      192.67      807.67        0.00
     0     6      198.00      805.00        0.00
     0     6      203.33      803.00        0.00
     0     6      207.33      801.00        0.00
     0     6      212.00      797.67        0.00
     0     6      215.33      795.67        0.00
     0     6      220.00      792.33        0.00
     0     6      222.67      789.67        0.00
     0     6      226.00      787.67        0.00
     0     6      229.33      785.00        0.00
     0     6      232.00      782.33        0.00
     0     6      236.67      779.00        0.00
     0     6      240.00      777.00        0.00
     0     6      243.33      774.33        0.00
     0     6      246.67      773.00        0.00
     0     6      250.00      770.33        0.00
     0     6      252.00      767.67        0.00
     0     6      254.67      765.67        0.00
     0     6      258.00      762.33        0.00
     0     6      260.67      759.67        0.00
     0     6      263.33      757.67        0.00
     0     6      265.33      755.00        0.00
     0     6      268.67      752.33        0.00
     0     6      271.33      750.33        0.00
     0     6      273.33      747.67        0.00
     0     6      276.00      745.67        0.00
     0     6      278.67      743.67        0.00
     0     6      281.33      741.00        0.00
     0     6      284.00      739.00        0.00
     0     6      286.67      737.00        0.00
     0     6      289.33      735.00        0.00
     0     6      292.67      732.33        0.00
     0     6      295.33      730.33        0.00
     0     6      298.67      728.33        0.00
     0     6      302.00      727.00        0.00
     0     6      305.33      725.67        0.00
     0     6      308.67      724.33        0.00
     0     6      312.67      722.33        0.00
     0     6      319.33      720.33        0.00
     0     6      324.00      719.00        0.00
     0     6      328.00      717.00        0.00
     0     6      331.33      715.67        0.00
     0     6      334.67      713.67        0.00
     0     6      338.00      713.00        0.00
     0     6      341.33      711.67        0.00
     0     6      344.67      710.33        0.00
     0     6      348.00      709.00        0.00
     0     6      351.33      708.33        0.00
     0     6      354.67      708.33        0.00
     0     6      358.00      708.33        0.00
     0     6      362.00      708.33        0.00
     0     6      365.33      708.33        0.00
     0     6      368.67      708.33        0.00
     0     6      372.67      708.33        0.00
     0     6      376.67      708.33        0.00
     0     6      380.00      708.33        0.00
     0     6      383.33      708.33        0.00
     0     6      387.33      709.00        0.00
     0     6      390.67      709.00        0.00
     0     6      394.67      709.00        0.00
     0     6      398.00      709.00        0.00
     0     6      401.33      709.00        0.00
     0     6      407.33      708.33        0.00
     0     6      413.33      707.67        0.00
     0     6      420.00      707.00        0.00
     0     6      428.67      706.33        0.00
     0     6      435.33      706.33        0.00
     0     6      440.00      705.67        0.00
     0     6      443.33      705.67        0.00
     0     6      446.67      707.00        0.00
     0     6      450.00      707.00        0.00
     0     6      453.33      707.67        0.00
     0     6      456.67      707.67        0.00
     0     6      460.67      707.67        0.00
     0     6      465.33      709.00        0.00
     0     6      468.67      709.67        0.00
     0     6      472.00      709.67        0.00
     0     6      475.33      709.67        0.00
     0     6      478.67      709.67        0.00
     0     6      482.00      709.67        0.00
     0     6      486.00      709.67        0.00
     0     6      491.33      709.67        0.00
     0     6      496.67      710.33        0.00
     0     6      502.00      711.00        0.00
     0     6      505.33      711.00        0.00
     0     6      508.67      713.00        0.00
     0     6      511.33      715.00        0.00
     0     6      514.00      717.67        0.00
     0     6      516.00      720.33        0.00
     0     6      518.67      722.33        0.00
     0     6      521.33      725.00        0.00
     0     6      523.33      728.33        0.00
     0     6      524.67      731.67        0.00
     0     6      525.33      735.00        0.00
     0     6      526.00      738.33        0.00
     0     6      526.67      741.67        0.00
     0     6      526.67      745.00        0.00
     0     6      526.67      748.33        0.00
     0     6      526.00      751.67        0.00
     0     6      524.67      755.00        0.00
     0     6      524.00      758.33        0.00
     0     6      522.67      761.67        0.00
     0     6      520.67      765.00        0.00
     0     6      518.67      769.00        0.00
     0     6      516.00      771.67        0.00
     0     6      514.00      774.33        0.00
     0     6      512.00      777.67        0.00
     0     6      510.67      781.00        0.00
     0     6      508.67      784.33        0.00
     0     6      506.67      788.33        0.00
     0     6      505.33      791.67        0.00
     0     6      504.00      795.00        0.00
     0     6      501.33      799.00        0.00
     0     6      499.33      801.67        0.00
     0     6      497.33      804.33        0.00
     0     6      495.33      807.00        0.00
     0     6      493.33      809.67        0.00
     0     6      490.67      812.33        0.00
     0     6      488.67      815.00        0.00
     0     6      486.67      817.67        0.00
     0     6      484.67      820.33        0.00
     0     6      482.67      823.00        0.00
     0     6      480.67      825.67        0.00
     0     6      478.67      828.33        0.00
     0     6      477.33      831.67        0.00
     0     6      476.00      835.00        0.00
     0     6      474.00      838.33        0.00
     0     6      472.67      841.67        0.00
     0     6      470.67      844.33        0.00
     0     6      468.67      847.00        0.00
     0     6      467.33      850.33        0.00
     0     6      464.67      853.00        0.00
     0     6      462.67      855.67        0.00
     0     6      460.67      858.33        0.00
     0     6      458.67      861.00        0.00
     0     6      456.67      863.67        0.00
     0     6      454.67      867.00        0.00
     0     6      452.67      869.67        0.00
     0     6      450.67      872.33        0.00
     0     6      448.67      875.00        0.00
     0     6      446.00      877.67        0.00
     0     6      444.00      880.33        0.00
     0     6      441.33      883.00        0.00
     0     6      438.67      885.00        0.00
     0     6      436.00      887.00        0.00
     0     6      433.33      889.67        0.00
     0     6      430.67      892.33        0.00
     0     6      427.33      893.67        0.00
     0     6      424.00      895.67        0.00
     0     6      420.67      897.67        0.00
     0     6      416.67      899.00        0.00
     0     6      412.67      900.33        0.00
     0     6      408.67      901.00        0.00
     0     6      405.33      902.33        0.00
     0     6      402.00      903.00        0.00
     0     6      398.67      903.67        0.00
     0     6      395.33      904.33        0.00
     0     6      392.00      905.00        0.00
     0     6      388.67      906.33        0.00
     0     6      385.33      907.00        0.00
     0     6      382.00      908.33        0.00
     0     6      378.67      909.00        0.00
     0     6      375.33      909.67        0.00
     0     6      372.00      909.67        0.00
     0     6      368.67      909.67        0.00
     0     6      365.33      910.33        0.00
     0     6      362.00      910.33        0.00
     0     6      358.67      909.67        0.00
     0     6      355.33      909.00        0.00
     0     6      352.00      908.33        0.00
     0     6      348.67      907.67        0.00
     0     6      345.33      906.33        0.00
     0     6      342.00      905.67        0.00
     0     6      338.67      905.67        0.00
     0     6      335.33      905.67        0.00
     0     6      332.00      905.67        0.00
     0     6      328.67      905.00        0.00
     0     6      325.33      904.33        0.00
     0     6      322.00      904.33        0.00
     0     6      318.67      903.67        0.00
     0     6      315.33      903.67        0.00
     0     6      312.00      903.67        0.00
     0     6      308.67      903.67        0.00
     0     6      305.33      904.33        0.00
     0     6      302.00      904.33        0.00
     0     6      298.67      905.00        0.00
     0     6      295.33      905.00        0.00
     0     6      292.00      905.67        0.00
     0     6      288.67      907.00        0.00
     0     6      285.33      907.00        0.00
     0     6      282.00      907.00        0.00
     0     7      287.67      409.67        0.00
     0     7      281.00      410.33        0.00
     0     7      277.67      410.33        0.00
     0     7      274.33      409.67        0.00
     0     7      271.00      409.67        0.00
     0     7      267.67      409.00        0.00
     0     7      263.67      407.67        0.00
     0     7      260.33      407.67        0.00
     0     7      257.00      407.00        0.00
     0     7      253.67      406.33        0.00
     0     7      250.33      406.33        0.00
     0     7      247.00      405.67        0.00
     0     7      243.00      405.00        0.00
     0     7      239.67      404.33        0.00
     0     7      236.33      403.00        0.00
     0     7      233.00      401.67        0.00
     0     7      229.67      400.33        0.00
     0     7      227.00      398.33        0.00
     0     7      223.67      396.33        0.00
     0     7      220.33      394.33        0.00
     0     7      217.00      392.33        0.00
     0     7      214.33      390.33        0.00
     0     7      211.67      388.33        0.00
     0     7      209.00      385.67        0.00
     0     7      206.33      383.67        0.00
     0     7      203.67      381.00        0.00
     0     7      200.33      379.00        0.00
     0     7      198.33      376.33        0.00
     0     7      196.33      373.67        0.00
     0     7      194.33      371.00        0.00
     0     7      193.00      367.67        0.00
     0     7      190.33      364.33        0.00
     0     7      188.33      361.00        0.00
     0     7      187.00      357.67        0.00
     0     7      185.67      354.33        0.00
     0     7      184.33      351.00        0.00
     0     7      183.00      347.67        0.00
     0     7      182.33      344.33        0.00
     0     7      181.67      341.00        0.00
     0     7      181.67      337.67        0.00
     0     7      181.67      334.33        0.00
     0     7      181.67      331.00        0.00
     0     7      182.33      327.67        0.00
     0     7      183.00      324.33        0.00
     0     7      183.67      321.00        0.00
     0     7      184.33      317.00        0.00
     0     7      185.67      313.00        0.00
     0     7      187.00      309.67        0.00
     0     7      188.33      306.33        0.00
     0     7      189.67      302.33        0.00
     0     7      191.67      299.00        0.00
     0     7      193.00      295.67        0.00
     0     7      195.00      292.33        0.00
     0     7      197.00      288.33        0.00
     0     7      200.33      284.33        0.00
     0     7      203.67      281.00        0.00
     0     7      207.00      278.33        0.00
     0     7      210.33      275.00        0.00
     0     7      213.00      272.33        0.00
     0     7      217.00      269.67        0.00
     0     7      220.33      267.67        0.00
     0     7      223.67      265.67        0.00
     0     7      227.67      263.67        0.00
     0     7      231.67      262.33        0.00
     0     7      237.67      261.67        0.00
     0     7      243.00      261.67        0.00
     0     7      247.67      261.67        0.00
     0     7      253.00      261.67        0.00
     0     7      259.00      261.67        0.00
     0     7      264.33      261.67        0.00
     0     7      269.67      261.67        0.00
     0     7      275.00      261.67        0.00
     0     7      279.00      261.67        0.00
     0     7      285.00      263.00        0.00
     0     7      289.00      263.67        0.00
     0     7      293.67      265.00        0.00
     0     7      297.00      265.67        0.00
     0     7      302.33      267.00        0.00
     0     7      307.00      268.33        0.00
     0     7      311.00      269.67        0.00
     0     7      315.67      270.33        0.00
     0     7      321.67      272.33        0.00
     0     7      325.67      273.67        0.00
     0     7      329.00      275.00        0.00
     0     7      333.00      277.67        0.00
     0     7      337.00      280.33        0.00
     0     7      340.33      282.33        0.00
     0     7      343.00      284.33        0.00
     0     7      345.67      286.33        0.00
     0     7      350.33      289.00        0.00
     0     7      353.00      291.67        0.00
     0     7      356.33      293.67        0.00
     0     7      359.00      295.67        0.00
     0     7      362.33      299.00        0.00
     0     7      365.67      303.67        0.00
     0     7      367.67      307.00        0.00
     0     7      369.67      309.67        0.00
     0     7      371.67      313.67        0.00
     0     7      374.33      318.33        0.00
     0     7      376.33      321.67        0.00
     0     7      378.33      325.67        0.00
     0     7      380.33      328.33        0.00
     0     7      381.00      332.33        0.00
     0     7      382.33      335.67        0.00
     0     7      383.00      339.00        0.00
     0     7      383.00      342.33        0.00
     0     7      383.00      346.33        0.00
     0     7      383.00      349.67        0.00
     0     7      382.33      353.67        0.00
     0     7      381.67      357.00        0.00
     0     7      379.67      360.33        0.00
     0     7      378.33      363.67        0.00
     0     7      376.33      367.00        0.00
     0     7      374.33      369.67        0.00
     0     7      372.33      372.33        0.00
     0     7      369.67      375.00        0.00
     0     7      367.00      377.00        0.00
     0     7      364.33      379.00        0.00
     0     7      361.00      381.67        0.00
     0     7      357.67      383.00        0.00
     0     7      353.67      385.67        0.00
     0     7      350.33      387.67        0.00
     0     7      347.00      389.67        0.00
     0     7      344.33      391.67        0.00
     0     7      341.00      393.67        0.00
     0     7      337.67      395.00        0.00
     0     7      334.33      396.33        0.00
     0     7      331.00      397.00        0.00
     0     7      327.67      397.67        0.00
     0     7      323.67      399.00        0.00
     0     7      320.33      399.00        0.00
     0     7      317.00      399.67        0.00
     0     7      313.67      401.00        0.00
     0     7      310.33      401.67        0.00
     1     0      235.00      670.33        0.00
     1     0      231.67      671.00        0.00
     1     0      228.33      671.00        0.00
     1     0      225.67      669.00        0.00
     1     0      223.00      667.00        0.00
     1     0      221.67      663.67        0.00
     1     0      221.00      660.33        0.00
     1     0      222.33      657.00        0.00
     1     0      223.00      653.67        0.00
     1     0      225.67      651.67        0.00
     1     0      229.00      651.67        0.00
     1     0      231.67      653.67        0.00
     1     0      232.33      657.00        0.00
     1     0      235.00      659.00        0.00
     1     0      237.00      661.67        0.00
     1     0      240.33      668.33        0.00
     1     1     1094.67      124.00        0.00
     1     1     1091.33      124.67        0.00
     1     1     1088.00      124.67        0.00
     1     1     1084.67      123.33        0.00
     1     1     1082.67      120.67        0.00
     1     1     1082.00      117.33        0.00
     1     1     1082.67      114.00        0.00
     1     1     1085.33      112.00        0.00
     1     1     1088.67      110.67        0.00
     1     1     1092.00      110.67        0.00
     1     1     1095.33      112.00        0.00
     1     1     1096.67      115.33        0.00
     1     1     1098.00      118.67        0.00
     1     1     1098.00      122.00        0.00
