     0     0      190.00      519.00        0.00
     0     0      186.67      519.00        0.00
     0     0      183.33      519.00        0.00
     0     0      180.00      517.67        0.00
     0     0      177.33      515.67        0.00
     0     0      174.00      514.33        0.00
     0     0      170.67      514.33        0.00
     0     0      167.33      513.67        0.00
     0     0      164.00      513.67        0.00
     0     0      160.67      513.67        0.00
     0     0      157.33      513.00        0.00
     0     0      154.00      512.33        0.00
     0     0      150.67      511.00        0.00
     0     0      148.00      509.00        0.00
     0     0      145.33      507.00        0.00
     0     0      143.33      504.33        0.00
     0     0      141.33      501.67        0.00
     0     0      139.33      499.00        0.00
     0     0      138.00      495.67        0.00
     0     0      137.33      492.33        0.00
     0     0      136.67      489.00        0.00
     0     0      136.00      485.67        0.00
     0     0      135.33      482.33        0.00
     0     0      135.33      479.00        0.00
     0     0      135.33      475.67        0.00
     0     0      136.00      472.33        0.00
     0     0      136.00      469.00        0.00
     0     0      137.33      465.67        0.00
     0     0      138.00      462.33        0.00
     0     0      138.67      459.00        0.00
     0     0      139.33      455.67        0.00
     0     0      140.67      452.33        0.00
     0     0      141.33      449.00        0.00
     0     0      142.00      445.67        0.00
     0     0      142.67      442.33        0.00
     0     0      143.33      439.00        0.00
     0     0      144.67      435.67        0.00
     0     0      146.67      432.33        0.00
     0     0      148.67      429.67        0.00
     0     0      150.67      427.00        0.00
     0     0      153.33      425.00        0.00
     0     0      156.00      422.33        0.00
     0     0      158.67      420.33        0.00
     0     0      161.33      418.33        0.00
     0     0      164.00      416.33        0.00
     0     0      167.33      414.33        0.00
     0     0      170.67      414.33        0.00
     0     0      174.00      414.33        0.00
     0     0      177.33      415.00        0.00
     0     0      180.67      416.33        0.00
     0     0      183.33      418.33        0.00
     0     0      186.67      419.67        0.00
     0     0      189.33      421.67        0.00
     0     0      191.33      424.33        0.00
     0     0      194.00      426.33        0.00
     0     0      196.00      429.00        0.00
     0     0      198.00      432.33        0.00
     0     0      199.33      435.67        0.00
     0     0      200.00      439.00        0.00
     0     0      201.33      442.33        0.00
     0     0      202.67      445.67        0.00
     0     0      204.00      449.00        0.00
     0     0      205.33      452.33        0.00
     0     0      206.67      455.67        0.00
     0     0      208.67      459.00        0.00
     0     0      210.67      462.33        0.00
     0     0      212.67      465.00        0.00
     0     0      214.00      468.33        0.00
     0     0      214.67      471.67        0.00
     0     0      216.00      475.00        0.00
     0     0      216.00      478.33        0.00
     0     0      216.00      481.67        0.00
     0     0      216.00      485.00        0.00
     0     0      215.33      488.33        0.00
     0     0      214.67      491.67        0.00
     0     0      214.00      495.00        0.00
     0     0      212.67      498.33        0.00
     0     0      211.33      501.67        0.00
     0     0      209.33      504.33        0.00
     0     0      206.67      507.00        0.00
     0     0      204.00      509.67        0.00
     0     0      201.33      511.67        0.00
     0     0      198.67      514.33        0.00
     0     1      240.00      427.00        0.00
     0     1      235.33      424.33        0.00
     0     1      232.00      423.00        0.00
     0     1      228.67      422.33        0.00
     0     1      225.33      421.00        0.00
     0     1      222.00      419.00        0.00
     0     1      219.33      417.00        0.00
     0     1      216.00      415.00        0.00
     0     1      213.33      413.00        0.00
     0     1      211.33      410.33        0.00
     0     1      208.00      409.00        0.00
     0     1      205.33      407.00        0.00
     0     1      202.00      405.67        0.00
     0     1      199.33      403.67        0.00
     0     1      196.67      401.67        0.00
     0     1      194.00      399.67        0.00
     0     1      191.33      397.67        0.00
     0     1      188.67      395.00        0.00
     0     1      186.00      393.00        0.00
     0     1      184.00      390.33        0.00
     0     1      182.00      387.67        0.00
     0     1      180.67      384.33        0.00
     0     1      178.67      381.00        0.00
     0     1      177.33      377.67        0.00
     0     1      175.33      375.00        0.00
     0     1      173.33      372.33        0.00
     0     1      171.33      369.00        0.00
     0     1      169.33      366.33        0.00
     0     1      166.67      364.33        0.00
     0     1      163.33      362.33        0.00
     0     1      160.00      361.67        0.00
     0     1      156.00      361.00        0.00
     0     1      152.67      360.33        0.00
     0     1      149.33      359.67        0.00
     0     1      145.33      359.00        0.00
     0     1      142.00      358.33        0.00
     0     1      138.67      357.67        0.00
     0     1      135.33      357.00        0.00
     0     1      132.00      357.00        0.00
     0     1      128.67      357.00        0.00
     0     1      125.33      356.33        0.00
     0     1      122.00      355.67        0.00
     0     1      118.67      355.00        0.00
     0     1      115.33      353.67        0.00
     0     1      112.00      353.00        0.00
     0     1      108.67      351.00        0.00
     0     1      105.33      349.00        0.00
     0     1      102.67      347.00        0.00
     0     1      100.00      345.00        0.00
     0     1       98.00      342.33        0.00
     0     1       96.67      339.00        0.00
     0     1       96.00      335.67        0.00
     0     1       96.00      332.33        0.00
     0     1       95.33      329.00        0.00
     0     1       95.33      325.67        0.00
     0     1       95.33      322.33        0.00
     0     1       96.00      319.00        0.00
     0     1       96.67      315.67        0.00
     0     1       98.00      312.33        0.00
     0     1      100.00      309.67        0.00
     0     1      102.00      307.00        0.00
     0     1      104.67      304.33        0.00
     0     1      106.67      301.67        0.00
     0     1      109.33      299.67        0.00
     0     1      112.00      297.67        0.00
     0     1      115.33      295.67        0.00
     0     1      118.67      293.67        0.00
     0     1      122.00      292.33        0.00
     0     1      125.33      291.00        0.00
     0     1      128.67      289.67        0.00
     0     1      131.33      287.67        0.00
     0     1      134.00      285.67        0.00
     0     1      137.33      283.67        0.00
     0     1      140.67      282.33        0.00
     0     1      143.33      280.33        0.00
     0     1      146.67      279.67        0.00
     0     1      150.00      279.00        0.00
     0     1      153.33      277.67        0.00
     0     1      156.67      277.00        0.00
     0     1      160.00      277.00        0.00
     0     1      163.33      276.33        0.00
     0     1      166.67      276.33        0.00
     0     1      170.00      275.67        0.00
     0     1      173.33      275.67        0.00
     0     1      176.67      275.67        0.00
     0     1      180.00      275.67        0.00
     0     1      183.33      277.00        0.00
     0     1      186.67      278.33        0.00
     0     1      190.00      279.67        0.00
     0     1      193.33      281.00        0.00
     0     1      196.00      283.00        0.00
     0     1      199.33      284.33        0.00
     0     1      202.00      286.33        0.00
     0     1      205.33      288.33        0.00
     0     1      208.67      290.33        0.00
     0     1      211.33      292.33        0.00
     0     1      214.67      294.33        0.00
     0     1      217.33      296.33        0.00
     0     1      220.00      298.33        0.00
     0     1      222.67      300.33        0.00
     0     1      225.33      302.33        0.00
     0     1      228.00      304.33        0.00
     0     1      230.00      307.00        0.00
     0     1      232.67      309.00        0.00
     0     1      234.67      311.67        0.00
     0     1      236.67      315.00        0.00
     0     1      238.67      318.33        0.00
     0     1      240.00      321.67        0.00
     0     1      241.33      325.00        0.00
     0     1      242.67      328.33        0.00
     0     1      244.00      331.67        0.00
     0     1      246.00      334.33        0.00
     0     1      248.00      337.00        0.00
     0     1      250.00      339.67        0.00
     0     1      252.00      342.33        0.00
     0     1      254.00      345.00        0.00
     0     1      256.00      347.67        0.00
     0     1      258.00      351.00        0.00
     0     1      259.33      354.33        0.00
     0     1      260.67      357.67        0.00
     0     1      262.67      360.33        0.00
     0     1      264.67      363.67        0.00
     0     1      267.33      366.33        0.00
     0     1      270.00      369.00        0.00
     0     1      272.00      371.67        0.00
     0     1      274.67      374.33        0.00
     0     1      276.67      377.00        0.00
     0     1      278.67      380.33        0.00
     0     1      280.00      383.67        0.00
     0     1      282.00      386.33        0.00
     0     1      284.00      389.00        0.00
     0     1      286.00      391.67        0.00
     0     1      288.00      394.33        0.00
     0     1      288.67      397.67        0.00
     0     1      288.67      401.00        0.00
     0     1      289.33      404.33        0.00
     0     1      289.33      407.67        0.00
     0     1      289.33      411.00        0.00
     0     1      288.67      414.33        0.00
     0     1      287.33      417.67        0.00
     0     1      285.33      420.33        0.00
     0     1      283.33      423.00        0.00
     0     1      281.33      425.67        0.00
     0     1      278.67      427.67        0.00
     0     1      276.00      429.67        0.00
     0     1      272.67      431.00        0.00
     0     1      269.33      432.33        0.00
     0     1      266.00      433.00        0.00
     0     1      262.67      433.00        0.00
     0     1      259.33      433.00        0.00
     0     1      256.00      432.33        0.00
     0     2      501.33        2.67        0.00
     0     2      499.33        5.33        0.00
     0     2      498.67        8.67        0.00
     0     2      497.33       12.00        0.00
     0     2      496.67       15.33        0.00
     0     2      496.00       18.67        0.00
     0     2      494.67       22.00        0.00
     0     2      493.33       25.33        0.00
     0     2      490.00       37.33        0.00
     0     2      489.33       44.00        0.00
     0     2      488.67       47.33        0.00
     0     2      488.00       50.67        0.00
     0     2      487.33       54.00        0.00
     0     2      486.67       57.33        0.00
     0     2      486.00       60.67        0.00
     0     2      486.00       64.00        0.00
     0     2      485.33       67.33        0.00
     0     2      485.33       70.67        0.00
     0     2      485.33       74.67        0.00
     0     2      485.33       78.00        0.00
     0     2      485.33       81.33        0.00
     0     2      485.33       85.33        0.00
     0     2      485.33       88.67        0.00
     0     2      486.67       92.00        0.00
     0     2      486.67       95.33        0.00
     0     2      487.33       98.67        0.00
     0     2      488.67      102.00        0.00
     0     2      489.33      105.33        0.00
     0     2      490.67      108.67        0.00
     0     2      492.00      112.00        0.00
     0     2      493.33      115.33        0.00
     0     2      494.67      118.67        0.00
     0     2      496.67      122.00        0.00
     0     2      498.67      125.33        0.00
     0     2      500.67      128.67        0.00
     0     2      502.67      131.33        0.00
     0     2      504.67      134.00        0.00
     0     2      505.33      137.33        0.00
     0     2      507.33      140.67        0.00
     0     2      508.67      144.00        0.00
     0     2      510.67      146.67        0.00
     0     2      512.67      150.00        0.00
     0     2      514.67      153.33        0.00
     0     2      516.67      156.00        0.00
     0     2      519.33      158.00        0.00
     0     2      522.00      160.67        0.00
     0     2      524.67      162.67        0.00
     0     2      526.67      165.33        0.00
     0     2      529.33      168.00        0.00
     0     2      532.67      170.00        0.00
     0     2      536.00      172.00        0.00
     0     2      539.33      174.00        0.00
     0     2      542.00      176.00        0.00
     0     2      544.67      178.00        0.00
     0     2      547.33      180.00        0.00
     0     2      550.67      181.33        0.00
     0     2      554.00      182.67        0.00
     0     2      557.33      183.33        0.00
     0     2      560.67      184.67        0.00
     0     2      564.00      185.33        0.00
     0     2      567.33      186.00        0.00
     0     2      570.67      186.00        0.00
     0     2      574.00      184.67        0.00
     0     2      576.67      182.67        0.00
     0     2      578.67      180.00        0.00
     0     2      580.67      177.33        0.00
     0     2      582.00      174.00        0.00
     0     2      582.67      170.67        0.00
     0     2      583.33      167.33        0.00
     0     2      583.33      164.00        0.00
     0     2      584.00      160.67        0.00
     0     2      584.67      157.33        0.00
     0     2      584.67      153.33        0.00
     0     2      585.33      149.33        0.00
     0     2      585.33      145.33        0.00
     0     2      586.00      141.33        0.00
     0     2      586.67      137.33        0.00
     0     2      587.33      133.33        0.00
     0     2      588.00      129.33        0.00
     0     2      588.00      124.67        0.00
     0     2      588.67      120.67        0.00
     0     2      588.67      116.00        0.00
     0     2      588.67      112.00        0.00
     0     2      589.33      107.33        0.00
     0     2      589.33      104.00        0.00
     0     2      590.00      100.67        0.00
     0     2      590.67       96.67        0.00
     0     2      590.67       92.00        0.00
     0     2      591.33       88.00        0.00
     0     2      591.33       82.67        0.00
     0     2      592.00       78.67        0.00
     0     2      593.33       73.33        0.00
     0     2      594.67       69.33        0.00
     0     2      595.33       64.00        0.00
     0     2      596.00       60.67        0.00
     0     2      596.00       57.33        0.00
     0     2      596.67       54.00        0.00
     0     2      597.33       50.00        0.00
     0     2      597.33       46.67        0.00
     0     2      597.33       42.67        0.00
     0     2      597.33       39.33        0.00
     0     2      598.00       36.00        0.00
     0     2      598.00       32.67        0.00
     0     2      598.67       29.33        0.00
     0     2      598.67       26.00        0.00
     0     2      598.00       22.67        0.00
     0     2      598.00       19.33        0.00
     0     2      597.33       16.00        0.00
     0     2      596.67       12.67        0.00
     0     2      595.33        9.33        0.00
     0     2      594.00        6.00        0.00
     0     2      593.33        2.67        0.00
     0     3     1005.67       -2.00        0.00
     0     3     1005.00        1.33        0.00
     0     3     1005.00        4.67        0.00
     0     3     1003.67        8.00        0.00
     0     3     1002.33       11.33        0.00
     0     3     1001.00       14.67        0.00
     0     3      999.67       18.00        0.00
     0     3      998.33       21.33        0.00
     0     3      997.00       24.67        0.00
     0     3      995.67       28.00        0.00
     0     3      994.33       31.33        0.00
     0     3      992.33       34.67        0.00
     0     3      991.00       38.00        0.00
     0     3      989.67       41.33        0.00
     0     3      989.00       44.67        0.00
     0     3      988.33       48.00        0.00
     0     3      987.00       51.33        0.00
     0     3      985.67       54.67        0.00
     0     3      984.33       58.00        0.00
     0     3      983.67       61.33        0.00
     0     3      983.00       64.67        0.00
     0     3      982.33       68.00        0.00
     0     3      982.33       71.33        0.00
     0     3      982.33       74.67        0.00
     0     3      982.33       78.00        0.00
     0     3      982.33       81.33        0.00
     0     3      983.00       84.67        0.00
     0     3      983.00       88.00        0.00
     0     3      983.67       91.33        0.00
     0     3      984.33       94.67        0.00
     0     3      985.00       98.00        0.00
     0     3      986.33      101.33        0.00
     0     3      987.67      104.67        0.00
     0     3      989.00      108.00        0.00
     0     3      989.00      111.33        0.00
     0     3      989.00      114.67        0.00
     0     3      990.33      118.00        0.00
     0     3      991.00      121.33        0.00
     0     3      991.67      124.67        0.00
     0     3      992.33      128.00        0.00
     0     3      992.33      131.33        0.00
     0     3      992.33      134.67        0.00
     0     3      992.33      138.00        0.00
     0     3      992.33      141.33        0.00
     0     3      992.33      144.67        0.00
     0     3      991.67      148.00        0.00
     0     3      991.67      151.33        0.00
     0     3      991.67      154.67        0.00
     0     3      991.67      158.00        0.00
     0     3      993.00      161.33        0.00
     0     3      994.33      164.67        0.00
     0     3      995.67      168.00        0.00
     0     3      997.00      171.33        0.00
     0     3      998.33      174.67        0.00
     0     3      999.67      178.00        0.00
     0     3     1001.67      180.67        0.00
     0     3     1004.33      182.67        0.00
     0     3     1007.00      184.67        0.00
     0     3     1009.67      186.67        0.00
     0     3     1013.00      188.00        0.00
     0     3     1016.33      189.33        0.00
     0     3     1019.67      190.67        0.00
     0     3     1023.00      190.67        0.00
     0     3     1026.33      190.67        0.00
     0     3     1029.67      190.67        0.00
     0     3     1033.00      190.67        0.00
     0     3     1037.00      190.67        0.00
     0     3     1040.33      191.33        0.00
     0     3     1043.67      191.33        0.00
     0     3     1047.00      191.33        0.00
     0     3     1050.33      191.33        0.00
     0     3     1053.67      189.33        0.00
     0     3     1057.00      188.00        0.00
     0     3     1059.00      185.33        0.00
     0     3     1061.00      182.00        0.00
     0     3     1063.00      179.33        0.00
     0     3     1065.00      176.67        0.00
     0     3     1066.33      173.33        0.00
     0     3     1067.67      170.00        0.00
     0     3     1069.00      166.67        0.00
     0     3     1071.00      163.33        0.00
     0     3     1072.33      160.00        0.00
     0     3     1073.67      156.67        0.00
     0     3     1075.00      153.33        0.00
     0     3     1075.67      150.00        0.00
     0     3     1077.00      146.67        0.00
     0     3     1078.33      143.33        0.00
     0     3     1079.67      140.00        0.00
     0     3     1080.33      136.67        0.00
     0     3     1081.00      133.33        0.00
     0     3     1082.33      130.00        0.00
     0     3     1083.67      126.67        0.00
     0     3     1084.33      123.33        0.00
     0     3     1085.00      120.00        0.00
     0     3     1085.67      116.67        0.00
     0     3     1086.33      112.67        0.00
     0     3     1086.33      109.33        0.00
     0     3     1087.00      106.00        0.00
     0     3     1087.00      102.67        0.00
     0     3     1087.00       99.33        0.00
     0     3     1087.00       96.00        0.00
     0     3     1087.67       92.67        0.00
     0     3     1087.67       89.33        0.00
     0     3     1087.67       86.00        0.00
     0     3     1087.67       82.67        0.00
     0     3     1088.33       79.33        0.00
     0     3     1088.33       76.00        0.00
     0     3     1088.33       72.67        0.00
     0     3     1088.33       69.33        0.00
     0     3     1088.33       66.00        0.00
     0     3     1088.33       62.67        0.00
     0     3     1089.00       59.33        0.00
     0     3     1089.67       56.00        0.00
     0     3     1090.33       52.67        0.00
     0     3     1091.00       49.33        0.00
     0     3     1091.67       46.00        0.00
     0     3     1092.33       42.67        0.00
     0     3     1093.00       39.33        0.00
     0     3     1093.00       35.33        0.00
     0     3     1093.00       32.00        0.00
     0     3     1093.00       28.67        0.00
     0     3     1093.00       25.33        0.00
     0     3     1093.67       22.00        0.00
     0     3     1094.33       18.67        0.00
     0     3     1095.00       15.33        0.00
     0     3     1095.67       12.00        0.00
     0     3     1096.33        8.67        0.00
     0     3     1096.33        5.33        0.00
     0     3     1095.00        2.00        0.00
     0     4     1109.50        5.00        0.00
     0     4     1109.00        7.50        0.00
     0     4     1108.00       10.00        0.00
     0     4     1107.00       12.50        0.00
     0     4     1106.00       15.00        0.00
     0     4     1105.00       17.50        0.00
     0     4     1104.50       20.00        0.00
     0     4     1104.50       22.50        0.00
     0     4     1104.50       25.00        0.00
     0     4     1104.50       27.50        0.00
     0     4     1104.50       30.00        0.00
     0     4     1104.50       32.50        0.00
     0     4     1104.50       35.00        0.00
     0     4     1104.50       37.50        0.00
     0     4     1104.50       40.00        0.00
     0     4     1105.00       42.50        0.00
     0     4     1105.00       45.00        0.00
     0     4     1105.50       47.50        0.00
     0     4     1105.50       50.00        0.00
     0     4     1105.50       52.50        0.00
     0     4     1105.50       55.00        0.00
     0     4     1105.50       57.50        0.00
     0     4     1105.50       60.00        0.00
     0     4     1105.00       62.50        0.00
     0     4     1105.00       65.00        0.00
     0     4     1104.50       67.50        0.00
     0     4     1104.50       70.00        0.00
     0     4     1104.50       72.50        0.00
     0     4     1104.00       75.00        0.00
     0     4     1104.00       77.50        0.00
     0     4     1104.00       80.00        0.00
     0     4     1104.00       82.50        0.00
     0     4     1104.00       85.00        0.00
     0     4     1104.00       87.50        0.00
     0     4     1104.00       90.00        0.00
     0     4     1104.00       92.50        0.00
     0     4     1104.00       95.00        0.00
     0     4     1103.50       97.50        0.00
     0     4     1103.50      100.00        0.00
     0     4     1103.00      102.50        0.00
     0     4     1103.00      105.00        0.00
     0     4     1102.50      107.50        0.00
     0     4     1102.00      110.00        0.00
     0     4     1102.00      112.50        0.00
     0     4     1101.50      115.00        0.00
     0     4     1101.00      117.50        0.00
     0     4     1100.50      120.00        0.00
     0     4     1100.00      122.50        0.00
     0     4     1099.50      125.00        0.00
     0     4     1099.00      127.50        0.00
     0     4     1098.50      130.00        0.00
     0     4     1098.50      132.50        0.00
     0     4     1098.00      135.00        0.00
     0     4     1097.50      137.50        0.00
     0     4     1096.50      140.00        0.00
     0     4     1095.50      142.50        0.00
     0     4     1094.00      144.50        0.00
     0     4     1093.00      147.00        0.00
     0     4     1092.50      149.50        0.00
     0     4     1092.00      152.00        0.00
     0     4     1091.50      154.50        0.00
     0     4     1091.50      157.00        0.00
     0     4     1091.50      159.50        0.00
     0     4     1091.50      162.00        0.00
     0     4     1091.00      164.50        0.00
     0     4     1090.50      167.00        0.00
     0     4     1089.50      170.00        0.00
     0     4     1089.00      172.50        0.00
     0     4     1088.50      175.00        0.00
     0     4     1087.00      178.00        0.00
     0     4     1086.50      180.50        0.00
     0     4     1085.50      183.00        0.00
     0     4     1085.00      185.50        0.00
     0     4     1085.00      188.00        0.00
     0     4     1084.50      190.50        0.00
     0     4     1084.50      193.00        0.00
     0     4     1078.50      217.50        0.00
     0     4     1075.50      219.00        0.00
     0     4     1074.00      221.00        0.00
     0     4     1072.50      223.50        0.00
     0     4     1072.50      226.00        0.00
     0     4     1072.00      228.50        0.00
     0     4     1072.00      231.00        0.00
     0     4     1072.00      233.50        0.00
     0     4     1072.00      236.00        0.00
     0     4     1072.00      238.50        0.00
     0     4     1072.50      241.00        0.00
     0     4     1073.00      243.50        0.00
     0     4     1074.00      246.00        0.00
     0     4     1075.50      248.00        0.00
     0     4     1076.50      250.50        0.00
     0     4     1078.00      252.50        0.00
     0     4     1079.00      255.00        0.00
     0     4     1080.50      257.50        0.00
     0     4     1081.50      260.00        0.00
     0     4     1082.50      262.50        0.00
     0     4     1083.50      265.00        0.00
     0     4     1084.50      267.50        0.00
     0     4     1085.00      270.00        0.00
     0     4     1086.00      272.50        0.00
     0     4     1086.00      275.00        0.00
     0     4     1086.50      277.50        0.00
     0     4     1087.00      280.00        0.00
     0     4     1088.00      282.50        0.00
     0     4     1089.50      284.50        0.00
     0     4     1091.00      287.00        0.00
     0     4     1092.50      289.00        0.00
     0     4     1094.00      291.00        0.00
     0     4     1096.00      293.00        0.00
     0     4     1097.50      295.00        0.00
     0     4     1099.50      297.00        0.00
     0     4     1101.50      299.00        0.00
     0     4     1103.50      300.50        0.00
     0     4     1106.00      301.50        0.00
     0     4     1108.50      302.00        0.00
     0     4     1111.00      302.50        0.00
     0     4     1113.50      302.50        0.00
     0     4     1116.00      303.00        0.00
     0     4     1118.50      303.00        0.00
     0     4     1121.50      304.00        0.00
     0     4     1124.00      304.00        0.00
     0     4     1127.00      305.00        0.00
     0     4     1129.50      306.00        0.00
     0     4     1132.00      307.00        0.00
     0     4     1134.50      308.00        0.00
     0     4     1137.00      309.50        0.00
     0     4     1139.50      310.50        0.00
     0     4     1142.00      311.00        0.00
     0     4     1144.50      311.00        0.00
     0     4     1147.00      311.00        0.00
     0     4     1149.50      309.50        0.00
     0     4     1152.00      308.00        0.00
     0     4     1154.00      306.50        0.00
     0     4     1156.00      305.00        0.00
     0     4     1157.50      303.00        0.00
     0     4     1159.50      301.50        0.00
     0     4     1161.00      299.50        0.00
     0     4     1162.50      297.50        0.00
     0     4     1164.00      295.50        0.00
     0     4     1166.00      293.50        0.00
     0     4     1167.00      291.00        0.00
     0     4     1168.50      288.50        0.00
     0     4     1169.50      286.00        0.00
     0     4     1171.00      284.00        0.00
     0     4     1172.00      281.50        0.00
     0     4     1173.50      279.50        0.00
     0     4     1174.50      277.00        0.00
     0     4     1176.00      275.00        0.00
     0     4     1177.50      272.50        0.00
     0     4     1178.50      270.00        0.00
     0     4     1179.50      267.50        0.00
     0     4     1180.50      265.00        0.00
     0     4     1182.00      262.50        0.00
     0     4     1182.50      260.00        0.00
     0     4     1183.50      257.50        0.00
     0     4     1184.50      255.00        0.00
     0     4     1185.00      252.50        0.00
     0     4     1185.50      250.00        0.00
     0     4     1185.50      247.50        0.00
     0     4     1186.00      245.00        0.00
     0     4     1189.50      234.00        0.00
     0     4     1189.00      229.50        0.00
     0     4     1189.00      227.00        0.00
     0     4     1189.50      224.50        0.00
     0     4     1189.00      222.00        0.00
     0     4     1189.00      219.50        0.00
     0     4     1188.50      217.00        0.00
     0     4     1187.50      214.50        0.00
     0     4     1187.50      212.00        0.00
     0     4     1187.50      209.50        0.00
     0     4     1188.00      207.00        0.00
     0     4     1188.50      204.50        0.00
     0     4     1189.00      202.00        0.00
     0     4     1189.50      199.50        0.00
     0     4     1190.00      197.00        0.00
     0     4     1190.50      194.50        0.00
     0     4     1191.00      192.00        0.00
     0     4     1191.00      189.50        0.00
     0     4     1191.50      187.00        0.00
     0     4     1191.50      184.50        0.00
     0     4     1191.50      182.00        0.00
     0     4     1191.50      179.50        0.00
     0     4     1191.00      177.00        0.00
     0     4     1191.00      174.50        0.00
     0     4     1190.50      171.50        0.00
     0     4     1190.50      168.50        0.00
     0     4     1190.00      166.00        0.00
     0     4     1189.50      163.50        0.00
     0     4     1189.50      161.00        0.00
     0     4     1189.00      158.50        0.00
     0     4     1188.50      156.00        0.00
     0     4     1188.00      153.50        0.00
     0     4     1187.50      151.00        0.00
     0     4     1187.00      148.50        0.00
     0     4     1186.50      145.50        0.00
     0     4     1186.00      142.50        0.00
     0     4     1185.50      140.00        0.00
     0     4     1185.50      137.50        0.00
     0     4     1186.00      135.00        0.00
     0     4     1186.00      132.50        0.00
     0     4     1186.50      130.00        0.00
     0     4     1187.00      127.50        0.00
     0     4     1187.50      123.00        0.00
     0     4     1188.50      120.50        0.00
     0     4     1189.00      118.00        0.00
     0     4     1189.00      115.50        0.00
     0     4     1190.00      113.00        0.00
     0     4     1190.00      110.50        0.00
     0     4     1190.00      108.00        0.00
     0     4     1190.00      105.50        0.00
     0     4     1190.50      103.00        0.00
     0     4     1191.00      100.50        0.00
     0     4     1192.00       98.00        0.00
     0     4     1192.50       95.50        0.00
     0     4     1193.50       93.00        0.00
     0     4     1194.00       90.50        0.00
     0     4     1195.00       88.00        0.00
     0     4     1195.50       85.50        0.00
     0     4     1196.50       83.00        0.00
     0     4     1197.50       80.50        0.00
     0     4     1198.00       78.00        0.00
     0     4     1198.50       75.50        0.00
     0     4     1199.50       73.00        0.00
     0     4     1200.00       70.50        0.00
     0     4     1200.50       68.00        0.00
     0     4     1201.50       65.50        0.00
     0     4     1202.50       63.00        0.00
     0     4     1204.00       60.50        0.00
     0     4     1204.50       58.00        0.00
     0     4     1205.50       55.50        0.00
     0     4     1206.00       53.00        0.00
     0     4     1206.50       50.50        0.00
     0     4     1207.50       48.00        0.00
     0     4     1207.50       45.50        0.00
     0     4     1207.50       43.00        0.00
     0     4     1207.50       40.50        0.00
     0     4     1207.50       38.00        0.00
     0     4     1207.00       35.50        0.00
     0     4     1207.00       33.00        0.00
     0     4     1206.50       30.50        0.00
     0     4     1206.50       28.00        0.00
     0     4     1207.50       25.50        0.00
     0     4     1208.50       23.00        0.00
     0     4     1209.50       20.50        0.00
     0     4     1211.00       18.50        0.00
     0     4     1212.50       16.00        0.00
     0     4     1213.50       13.50        0.00
     0     4     1215.00       11.50        0.00
     0     4     1215.00        9.00        0.00
     0     4     1215.50        6.50        0.00
     0     4     1215.00        4.00        0.00
     0     4     1215.00        1.50        0.00
     0     5     1361.50        1.50        0.00
     0     5     1359.50        5.50        0.00
     0     5     1358.50        8.00        0.00
     0     5     1358.00       10.50        0.00
     0     5     1357.50       13.00        0.00
     0     5     1356.50       15.50        0.00
     0     5     1355.50       18.00        0.00
     0     5     1354.50       21.00        0.00
     0     5     1353.50       23.50        0.00
     0     5     1352.50       26.00        0.00
     0     5     1352.00       28.50        0.00
     0     5     1351.00       31.00        0.00
     0     5     1350.00       33.50        0.00
     0     5     1349.00       37.00        0.00
     0     5     1348.00       40.50        0.00
     0     5     1347.50       43.00        0.00
     0     5     1346.50       45.50        0.00
     0     5     1346.00       48.00        0.00
     0     5     1345.00       50.50        0.00
     0     5     1344.00       53.00        0.00
     0     5     1343.00       55.50        0.00
     0     5     1342.00       58.00        0.00
     0     5     1340.50       60.50        0.00
     0     5     1339.50       63.00        0.00
     0     5     1338.50       65.50        0.00
     0     5     1337.50       68.00        0.00
     0     5     1336.50       70.50        0.00
     0     5     1335.00       73.50        0.00
     0     5     1334.00       76.00        0.00
     0     5     1333.50       78.50        0.00
     0     5     1332.00       81.00        0.00
     0     5     1330.50       83.50        0.00
     0     5     1329.00       86.00        0.00
     0     5     1327.50       88.00        0.00
     0     5     1326.00       90.50        0.00
     0     5     1324.00       92.50        0.00
     0     5     1322.50       94.50        0.00
     0     5     1321.00       96.50        0.00
     0     5     1319.00       98.00        0.00
     0     5     1317.00      100.00        0.00
     0     5     1315.00      102.00        0.00
     0     5     1313.00      103.50        0.00
     0     5     1311.00      105.50        0.00
     0     5     1309.50      107.50        0.00
     0     5     1308.00      109.50        0.00
     0     5     1306.50      111.50        0.00
     0     5     1305.00      114.00        0.00
     0     5     1303.50      116.00        0.00
     0     5     1302.00      118.50        0.00
     0     5     1301.50      121.50        0.00
     0     5     1301.00      124.00        0.00
     0     5     1300.00      126.50        0.00
     0     5     1299.50      129.00        0.00
     0     5     1298.50      131.50        0.00
     0     5     1297.50      134.00        0.00
     0     5     1297.00      136.50        0.00
     0     5     1296.00      139.00        0.00
     0     5     1295.50      141.50        0.00
     0     5     1295.00      144.00        0.00
     0     5     1294.00      146.50        0.00
     0     5     1293.00      149.00        0.00
     0     5     1292.50      151.50        0.00
     0     5     1292.00      154.00        0.00
     0     5     1291.50      156.50        0.00
     0     5     1291.00      159.00        0.00
     0     5     1290.50      162.00        0.00
     0     5     1290.50      164.50        0.00
     0     5     1290.00      167.00        0.00
     0     5     1289.00      169.50        0.00
     0     5     1288.00      172.00        0.00
     0     5     1287.50      174.50        0.00
     0     5     1286.50      177.00        0.00
     0     5     1285.00      179.50        0.00
     0     5     1283.50      182.00        0.00
     0     5     1282.00      184.00        0.00
     0     5     1281.50      186.50        0.00
     0     5     1281.00      189.00        0.00
     0     5     1280.50      191.50        0.00
     0     5     1280.00      194.00        0.00
     0     5     1280.00      196.50        0.00
     0     5     1280.00      199.00        0.00
     0     5     1280.00      201.50        0.00
     0     5     1280.50      205.00        0.00
     0     5     1281.00      208.00        0.00
     0     5     1281.00      211.50        0.00
     0     5     1281.00      214.00        0.00
     0     5     1281.50      217.00        0.00
     0     5     1282.50      219.50        0.00
     0     5     1283.50      222.00        0.00
     0     5     1285.00      224.50        0.00
     0     5     1286.50      226.50        0.00
     0     5     1288.50      228.50        0.00
     0     5     1290.50      230.50        0.00
     0     5     1293.00      232.00        0.00
     0     5     1295.50      233.50        0.00
     0     5     1298.00      234.50        0.00
     0     5     1300.50      236.00        0.00
     0     5     1303.00      237.00        0.00
     0     5     1305.50      238.00        0.00
     0     5     1308.00      238.50        0.00
     0     5     1312.50      240.00        0.00
     0     5     1315.00      240.50        0.00
     0     5     1317.50      240.50        0.00
     0     5     1320.50      240.50        0.00
     0     5     1323.00      240.50        0.00
     0     5     1325.50      240.00        0.00
     0     5     1328.00      239.50        0.00
     0     5     1330.50      239.00        0.00
     0     5     1332.50      237.50        0.00
     0     5     1334.50      236.00        0.00
     0     5     1336.00      234.00        0.00
     0     5     1338.00      232.00        0.00
     0     5     1340.00      230.50        0.00
     0     5     1342.00      229.00        0.00
     0     5     1344.00      227.50        0.00
     0     5     1346.00      225.50        0.00
     0     5     1348.50      223.50        0.00
     0     5     1351.00      222.00        0.00
     0     5     1353.00      220.00        0.00
     0     5     1355.00      218.50        0.00
     0     5     1357.00      217.00        0.00
     0     5     1358.50      214.50        0.00
     0     5     1360.50      212.50        0.00
     0     5     1362.00      210.50        0.00
     0     5     1363.50      208.50        0.00
     0     5     1364.50      206.00        0.00
     0     5     1366.00      204.00        0.00
     0     5     1367.00      201.50        0.00
     0     5     1368.50      199.00        0.00
     0     5     1370.00      196.50        0.00
     0     5     1371.50      194.50        0.00
     0     5     1373.00      192.50        0.00
     0     5     1374.00      190.00        0.00
     0     5     1375.00      187.50        0.00
     0     5     1376.00       -0.50        0.00
     0     6     1295.00      432.00        0.00
     0     6     1292.50      434.00        0.00
     0     6     1290.00      434.50        0.00
     0     6     1287.50      435.00        0.00
     0     6     1285.00      435.00        0.00
     0     6     1282.50      434.50        0.00
     0     6     1280.00      433.50        0.00
     0     6     1277.50      433.00        0.00
     0     6     1275.00      432.00        0.00
     0     6     1272.50      431.50        0.00
     0     6     1270.00      430.50        0.00
     0     6     1268.00      429.00        0.00
     0     6     1266.00      427.50        0.00
     0     6     1264.00      426.00        0.00
     0     6     1262.00      424.00        0.00
     0     6     1260.50      422.00        0.00
     0     6     1259.00      420.00        0.00
     0     6     1257.00      418.00        0.00
     0     6     1255.50      415.00        0.00
     0     6     1253.50      413.00        0.00
     0     6     1252.00      410.00        0.00
     0     6     1251.00      407.50        0.00
     0     6     1249.50      405.00        0.00
     0     6     1248.00      403.00        0.00
     0     6     1247.00      400.50        0.00
     0     6     1245.50      398.50        0.00
     0     6     1244.00      396.50        0.00
     0     6     1243.00      394.00        0.00
     0     6     1241.00      392.00        0.00
     0     6     1239.00      389.50        0.00
     0     6     1237.50      387.50        0.00
     0     6     1236.00      385.00        0.00
     0     6     1234.50      383.00        0.00
     0     6     1233.50      380.50        0.00
     0     6     1232.00      378.50        0.00
     0     6     1230.50      376.00        0.00
     0     6     1229.00      373.50        0.00
     0     6     1227.50      371.00        0.00
     0     6     1226.00      369.00        0.00
     0     6     1225.00      366.00        0.00
     0     6     1224.00      363.50        0.00
     0     6     1223.00      361.00        0.00
     0     6     1222.50      358.50        0.00
     0     6     1222.00      356.00        0.00
     0     6     1221.50      353.50        0.00
     0     6     1221.50      351.00        0.00
     0     6     1221.00      348.50        0.00
     0     6     1220.50      346.00        0.00
     0     6     1220.00      343.50        0.00
     0     6     1219.50      341.00        0.00
     0     6     1219.00      338.50        0.00
     0     6     1218.50      336.00        0.00
     0     6     1218.50      333.00        0.00
     0     6     1218.00      330.00        0.00
     0     6     1218.00      327.50        0.00
     0     6     1218.50      325.00        0.00
     0     6     1219.00      322.50        0.00
     0     6     1220.00      319.00        0.00
     0     6     1221.50      317.00        0.00
     0     6     1222.50      314.50        0.00
     0     6     1224.00      312.00        0.00
     0     6     1225.50      309.50        0.00
     0     6     1226.50      307.00        0.00
     0     6     1228.00      304.50        0.00
     0     6     1230.00      301.00        0.00
     0     6     1232.00      298.50        0.00
     0     6     1233.50      296.50        0.00
     0     6     1235.00      294.00        0.00
     0     6     1236.50      292.00        0.00
     0     6     1238.50      289.00        0.00
     0     6     1240.00      287.00        0.00
     0     6     1241.50      285.00        0.00
     0     6     1244.00      283.50        0.00
     0     6     1246.50      282.00        0.00
     0     6     1249.00      281.00        0.00
     0     6     1251.50      279.50        0.00
     0     6     1253.50      278.00        0.00
     0     6     1256.00      277.00        0.00
     0     6     1258.00      275.50        0.00
     0     6     1260.00      274.00        0.00
     0     6     1262.00      272.50        0.00
     0     6     1264.50      270.50        0.00
     0     6     1268.00      269.00        0.00
     0     6     1271.00      267.00        0.00
     0     6     1274.00      265.00        0.00
     0     6     1276.50      263.50        0.00
     0     6     1278.50      262.00        0.00
     0     6     1281.00      261.00        0.00
     0     6     1283.50      260.50        0.00
     0     6     1286.00      260.50        0.00
     0     6     1288.50      261.00        0.00
     0     6     1290.50      262.50        0.00
     0     6     1292.50      264.00        0.00
     0     6     1294.50      265.50        0.00
     0     6     1296.50      267.50        0.00
     0     6     1298.50      269.50        0.00
     0     6     1300.50      271.50        0.00
     0     6     1302.50      273.50        0.00
     0     6     1304.00      276.00        0.00
     0     6     1305.00      278.50        0.00
     0     6     1305.50      281.00        0.00
     0     6     1306.00      283.50        0.00
     0     6     1306.50      286.00        0.00
     0     6     1307.00      288.50        0.00
     0     6     1308.00      291.00        0.00
     0     6     1308.50      293.50        0.00
     0     6     1309.00      296.00        0.00
     0     6     1309.50      298.50        0.00
     0     6     1310.00      301.00        0.00
     0     6     1310.50      303.50        0.00
     0     6     1310.50      306.00        0.00
     0     6     1310.50      308.50        0.00
     0     6     1310.50      311.00        0.00
     0     6     1310.50      313.50        0.00
     0     6     1310.50      316.00        0.00
     0     6     1310.00      318.50        0.00
     0     6     1309.50      321.00        0.00
     0     6     1309.00      323.50        0.00
     0     6     1309.00      326.00        0.00
     0     6     1308.50      328.50        0.00
     0     6     1308.00      331.00        0.00
     0     6     1307.50      333.50        0.00
     0     6     1307.50      336.00        0.00
     0     6     1307.50      338.50        0.00
     0     6     1307.50      341.00        0.00
     0     6     1307.50      343.50        0.00
     0     6     1307.50      346.00        0.00
     0     6     1307.50      348.50        0.00
     0     6     1308.00      351.00        0.00
     0     6     1308.50      353.50        0.00
     0     6     1309.00      356.00        0.00
     0     6     1309.50      358.50        0.00
     0     6     1310.00      361.00        0.00
     0     6     1310.50      363.50        0.00
     0     6     1311.00      366.00        0.00
     0     6     1311.50      368.50        0.00
     0     6     1312.00      371.00        0.00
     0     6     1312.50      373.50        0.00
     0     6     1313.00      376.00        0.00
     0     6     1313.00      378.50        0.00
     0     6     1313.00      381.00        0.00
     0     6     1313.00      383.50        0.00
     0     6     1313.00      386.00        0.00
     0     6     1313.50      388.50        0.00
     0     6     1313.50      391.00        0.00
     0     6     1313.50      393.50        0.00
     0     6     1313.50      396.00        0.00
     0     6     1313.50      398.50        0.00
     0     6     1313.50      401.00        0.00
     0     6     1313.50      403.50        0.00
     0     6     1312.50      406.00        0.00
     0     6     1311.00      408.00        0.00
     0     6     1309.50      410.00        0.00
     0     6     1308.50      412.50        0.00
     0     6     1307.00      414.50        0.00
     0     6     1305.50      417.00        0.00
     0     6     1304.50      419.50        0.00
     0     6     1303.00      421.50        0.00
     0     6     1301.50      423.50        0.00
     0     6     1300.00      425.50        0.00
     0     7      765.00     1011.00        0.00
     0     7      763.00     1012.50        0.00
     0     7      761.00     1014.00        0.00
     0     7      759.00     1016.00        0.00
     0     7      757.00     1017.50        0.00
     0     7      754.50     1019.00        0.00
     0     7      752.00     1020.00        0.00
     0     7      749.50     1021.00        0.00
     0     7      747.00     1022.00        0.00
     0     7      744.50     1023.00        0.00
     0     7      742.00     1024.00        0.00
     0     7      739.50     1025.00        0.00
     0     7      737.00     1025.50        0.00
     0     7      734.50     1026.00        0.00
     0     7      732.00     1026.50        0.00
     0     7      729.50     1027.50        0.00
     0     7      727.00     1028.50        0.00
     0     7      724.50     1029.50        0.00
     0     7      722.00     1030.50        0.00
     0     7      719.50     1031.00        0.00
     0     7      717.00     1030.50        0.00
     0     7      714.50     1029.50        0.00
     0     7      712.00     1028.00        0.00
     0     7      709.50     1026.50        0.00
     0     7      707.50     1025.00        0.00
     0     7      705.50     1023.50        0.00
     0     7      703.50     1022.00        0.00
     0     7      701.50     1020.50        0.00
     0     7      700.00     1018.50        0.00
     0     7      699.00     1016.00        0.00
     0     7      698.00     1013.50        0.00
     0     7      697.50     1011.00        0.00
     0     7      697.50     1008.50        0.00
     0     7      697.50     1005.50        0.00
     0     7      697.50     1003.00        0.00
     0     7      697.50     1000.50        0.00
     0     7      697.50      998.00        0.00
     0     7      697.50      995.50        0.00
     0     7      697.50      992.00        0.00
     0     7      697.50      989.00        0.00
     0     7      698.00      986.00        0.00
     0     7      698.50      983.50        0.00
     0     7      699.00      981.00        0.00
     0     7      699.00      978.50        0.00
     0     7      699.50      976.00        0.00
     0     7      700.00      973.50        0.00
     0     7      701.00      971.00        0.00
     0     7      701.50      968.50        0.00
     0     7      702.50      966.00        0.00
     0     7      704.00      963.50        0.00
     0     7      705.00      961.00        0.00
     0     7      706.50      958.50        0.00
     0     7      708.00      956.50        0.00
     0     7      709.50      954.50        0.00
     0     7      711.50      952.50        0.00
     0     7      713.00      950.00        0.00
     0     7      714.00      947.50        0.00
     0     7      715.00      945.00        0.00
     0     7      715.50      942.50        0.00
     0     7      716.50      940.00        0.00
     0     7      717.50      937.50        0.00
     0     7      718.50      935.00        0.00
     0     7      719.50      932.50        0.00
     0     7      721.00      930.50        0.00
     0     7      722.00      928.00        0.00
     0     7      723.00      925.50        0.00
     0     7      724.00      923.00        0.00
     0     7      725.00      920.50        0.00
     0     7      725.50      918.00        0.00
     0     7      726.50      915.50        0.00
     0     7      727.50      913.00        0.00
     0     7      729.00      911.00        0.00
     0     7      731.00      909.50        0.00
     0     7      733.00      907.50        0.00
     0     7      734.50      905.50        0.00
     0     7      736.00      903.50        0.00
     0     7      738.00      901.50        0.00
     0     7      739.50      899.50        0.00
     0     7      741.00      897.50        0.00
     0     7      743.00      896.00        0.00
     0     7      744.50      894.00        0.00
     0     7      747.00      892.50        0.00
     0     7      749.00      891.00        0.00
     0     7      751.50      889.50        0.00
     0     7      754.00      888.50        0.00
     0     7      756.00      887.00        0.00
     0     7      758.50      885.50        0.00
     0     7      760.50      884.00        0.00
     0     7      763.00      882.50        0.00
     0     7      765.00      881.00        0.00
     0     7      767.00      879.50        0.00
     0     7      769.50      878.00        0.00
     0     7      772.00      876.50        0.00
     0     7      774.50      875.50        0.00
     0     7      776.50      874.00        0.00
     0     7      779.00      872.50        0.00
     0     7      782.00      870.50        0.00
     0     7      785.00      869.00        0.00
     0     7      788.50      867.00        0.00
     0     7      792.50      865.50        0.00
     0     7      796.50      864.50        0.00
     0     7      799.00      864.00        0.00
     0     7      801.50      863.50        0.00
     0     7      804.00      863.50        0.00
     0     7      806.50      864.00        0.00
     0     7      809.00      864.00        0.00
     0     7      811.50      864.00        0.00
     0     7      814.50      864.50        0.00
     0     7      817.50      865.00        0.00
     0     7      820.00      866.00        0.00
     0     7      822.50      866.50        0.00
     0     7      826.50      868.00        0.00
     0     7      829.50      869.00        0.00
     0     7      832.00      870.50        0.00
     0     7      836.00      871.50        0.00
     0     7      840.00      873.50        0.00
     0     7      842.50      874.50        0.00
     0     7      844.50      876.00        0.00
     0     7      848.00      879.50        0.00
     0     7      850.00      881.50        0.00
     0     7      851.50      884.00        0.00
     0     7      852.50      886.50        0.00
     0     7      853.50      889.00        0.00
     0     7      854.00      892.00        0.00
     0     7      854.50      894.50        0.00
     0     7      855.00      898.00        0.00
     0     7      855.00      901.00        0.00
     0     7      855.00      904.00        0.00
     0     7      855.00      906.50        0.00
     0     7      855.50      910.00        0.00
     0     7      855.50      912.50        0.00
     0     7      855.50      915.50        0.00
     0     7      855.00      918.00        0.00
     0     7      854.50      921.00        0.00
     0     7      854.00      923.50        0.00
     0     7      853.00      926.00        0.00
     0     7      851.50      928.00        0.00
     0     7      849.50      930.00        0.00
     0     7      847.50      931.50        0.00
     0     7      845.50      933.00        0.00
     0     7      843.50      935.00        0.00
     0     7      841.50      936.50        0.00
     0     7      839.50      938.00        0.00
     0     7      837.50      939.50        0.00
     0     7      835.50      942.00        0.00
     0     7      833.50      944.00        0.00
     0     7      831.50      946.00        0.00
     0     7      829.50      947.50        0.00
     0     7      827.50      949.50        0.00
     0     7      825.00      953.00        0.00
     0     7      822.50      955.50        0.00
     0     7      821.00      957.50        0.00
     0     7      819.50      960.00        0.00
     0     7      817.50      962.50        0.00
     0     7      816.00      964.50        0.00
     0     7      814.00      966.00        0.00
     0     7      812.00      968.00        0.00
     0     7      810.00      969.50        0.00
     0     7      808.00      971.00        0.00
     0     7      806.00      972.50        0.00
     0     7      804.00      974.50        0.00
     0     7      802.00      976.00        0.00
     0     7      799.50      977.50        0.00
     0     7      797.50      979.00        0.00
     0     7      795.00      980.50        0.00
     0     7      792.50      981.50        0.00
     0     7      790.00      982.50        0.00
     0     7      787.50      983.50        0.00
     0     7      785.50      985.00        0.00
     0     7      783.50      986.50        0.00
     0     7      781.50      988.50        0.00
     0     7      779.50      990.00        0.00
     0     7      777.50      992.00        0.00
     0     7      776.00      994.00        0.00
     0     7      774.50      996.00        0.00
     0     7      773.00      998.00        0.00
     0     7      771.00      999.50        0.00
     0     8     1244.00      992.50        0.00
     0     8     1242.00      994.00        0.00
     0     8     1239.50      995.00        0.00
     0     8     1237.00      995.00        0.00
     0     8     1234.50      995.00        0.00
     0     8     1232.00      994.50        0.00
     0     8     1229.50      993.50        0.00
     0     8     1227.00      992.00        0.00
     0     8     1224.50      991.00        0.00
     0     8     1222.00      989.50        0.00
     0     8     1220.00      988.00        0.00
     0     8     1218.50      986.00        0.00
     0     8     1216.50      984.00        0.00
     0     8     1215.00      981.50        0.00
     0     8     1214.00      979.00        0.00
     0     8     1213.00      976.50        0.00
     0     8     1212.00      974.00        0.00
     0     8     1211.50      971.50        0.00
     0     8     1210.50      969.00        0.00
     0     8     1210.00      966.00        0.00
     0     8     1209.50      963.50        0.00
     0     8     1208.50      961.00        0.00
     0     8     1207.50      958.50        0.00
     0     8     1207.00      956.00        0.00
     0     8     1206.50      953.50        0.00
     0     8     1205.50      951.00        0.00
     0     8     1205.00      948.50        0.00
     0     8     1204.50      946.00        0.00
     0     8     1204.00      943.00        0.00
     0     8     1203.50      939.00        0.00
     0     8     1203.50      936.00        0.00
     0     8     1203.50      931.50        0.00
     0     8     1203.50      929.00        0.00
     0     8     1203.50      926.00        0.00
     0     8     1203.00      922.50        0.00
     0     8     1203.00      918.50        0.00
     0     8     1203.00      915.50        0.00
     0     8     1203.00      912.50        0.00
     0     8     1203.50      909.00        0.00
     0     8     1204.00      906.00        0.00
     0     8     1204.00      903.00        0.00
     0     8     1204.50      900.00        0.00
     0     8     1205.00      897.50        0.00
     0     8     1205.50      894.50        0.00
     0     8     1205.50      892.00        0.00
     0     8     1206.50      889.00        0.00
     0     8     1207.00      886.00        0.00
     0     8     1207.50      883.50        0.00
     0     8     1208.50      881.00        0.00
     0     8     1209.50      878.00        0.00
     0     8     1210.00      875.50        0.00
     0     8     1211.00      872.50        0.00
     0     8     1211.50      869.50        0.00
     0     8     1212.50      867.00        0.00
     0     8     1213.50      864.50        0.00
     0     8     1215.00      861.50        0.00
     0     8     1216.50      857.50        0.00
     0     8     1218.00      855.50        0.00
     0     8     1220.00      853.50        0.00
     0     8     1222.50      852.00        0.00
     0     8     1225.00      851.00        0.00
     0     8     1227.50      850.50        0.00
     0     8     1230.00      849.50        0.00
     0     8     1232.50      848.50        0.00
     0     8     1235.50      848.00        0.00
     0     8     1237.50      846.50        0.00
     0     8     1240.00      845.00        0.00
     0     8     1242.50      844.50        0.00
     0     8     1245.00      844.50        0.00
     0     8     1247.50      844.50        0.00
     0     8     1250.00      845.50        0.00
     0     8     1252.50      847.00        0.00
     0     8     1255.00      848.00        0.00
     0     8     1257.50      849.00        0.00
     0     8     1260.00      850.50        0.00
     0     8     1262.50      851.50        0.00
     0     8     1264.50      853.00        0.00
     0     8     1267.00      854.00        0.00
     0     8     1269.50      855.00        0.00
     0     8     1272.00      856.50        0.00
     0     8     1274.50      858.00        0.00
     0     8     1276.50      859.50        0.00
     0     8     1278.50      861.50        0.00
     0     8     1280.50      863.00        0.00
     0     8     1282.50      865.00        0.00
     0     8     1284.00      867.00        0.00
     0     8     1285.50      869.00        0.00
     0     8     1287.00      871.00        0.00
     0     8     1288.50      873.00        0.00
     0     8     1289.50      875.50        0.00
     0     8     1290.50      878.00        0.00
     0     8     1291.00      880.50        0.00
     0     8     1292.00      883.00        0.00
     0     8     1292.50      885.50        0.00
     0     8     1293.50      888.00        0.00
     0     8     1294.50      890.50        0.00
     0     8     1295.00      893.00        0.00
     0     8     1295.00      895.50        0.00
     0     8     1295.00      898.00        0.00
     0     8     1295.50      900.50        0.00
     0     8     1295.50      903.00        0.00
     0     8     1296.00      905.50        0.00
     0     8     1296.50      908.00        0.00
     0     8     1296.50      910.50        0.00
     0     8     1297.00      913.00        0.00
     0     8     1297.00      915.50        0.00
     0     8     1297.00      918.00        0.00
     0     8     1297.00      920.50        0.00
     0     8     1296.50      923.00        0.00
     0     8     1296.00      925.50        0.00
     0     8     1295.00      928.00        0.00
     0     8     1294.00      930.50        0.00
     0     8     1292.50      933.00        0.00
     0     8     1291.50      935.50        0.00
     0     8     1290.00      938.00        0.00
     0     8     1288.50      940.50        0.00
     0     8     1287.50      943.00        0.00
     0     8     1286.50      945.50        0.00
     0     8     1285.50      948.00        0.00
     0     8     1284.00      950.00        0.00
     0     8     1282.50      952.00        0.00
     0     8     1281.00      954.00        0.00
     0     8     1279.50      956.00        0.00
     0     8     1277.50      957.50        0.00
     0     8     1276.00      959.50        0.00
     0     8     1274.50      961.50        0.00
     0     8     1272.50      963.00        0.00
     0     8     1271.00      965.00        0.00
     0     8     1269.00      966.50        0.00
     0     8     1267.00      968.00        0.00
     0     8     1265.00      969.50        0.00
     0     8     1263.00      971.00        0.00
     0     8     1261.00      972.50        0.00
     0     8     1259.00      974.00        0.00
     0     8     1257.00      975.50        0.00
     0     8     1255.00      977.50        0.00
     0     8     1253.00      979.00        0.00
     0     8     1251.00      980.50        0.00
     0     8     1246.00      987.00        0.00
     0     9     1128.00      346.50        0.00
     0     9     1129.50      344.50        0.00
     0     9     1131.50      343.00        0.00
     0     9     1133.00      341.00        0.00
     0     9     1134.50      339.00        0.00
     0     9     1136.00      337.00        0.00
     0     9     1137.50      335.00        0.00
     0     9     1139.00      333.00        0.00
     0     9     1140.50      331.00        0.00
     0     9     1142.00      329.00        0.00
     0     9     1144.00      327.50        0.00
     0     9     1145.50      325.50        0.00
     0     9     1147.50      324.00        0.00
     0     9     1149.00      322.00        0.00
     0     9     1151.00      320.50        0.00
     0     9     1152.50      318.00        0.00
     0     9     1154.00      315.50        0.00
     0     9     1155.00      313.00        0.00
     0     9     1156.50      311.00        0.00
     0     9     1157.00      308.50        0.00
     0     9     1158.50      306.50        0.00
     0     9     1159.50      304.00        0.00
     0     9     1161.00      302.00        0.00
     0     9     1162.50      299.50        0.00
     0     9     1164.50      297.50        0.00
     0     9     1166.00      295.00        0.00
     0     9     1167.50      293.00        0.00
     0     9     1169.00      290.50        0.00
     0     9     1170.50      288.50        0.00
     0     9     1172.00      286.50        0.00
     0     9     1173.50      284.50        0.00
     0     9     1175.50      283.00        0.00
     0     9     1177.00      280.50        0.00
     0     9     1178.00      278.00        0.00
     0     9     1179.50      275.50        0.00
     0     9     1180.00      273.00        0.00
     0     9     1180.50      270.50        0.00
     0     9     1181.00      268.00        0.00
     0     9     1181.00      265.50        0.00
     0     9     1181.50      263.00        0.00
     0     9     1181.50      260.50        0.00
     0     9     1182.00      258.00        0.00
     0     9     1182.50      255.50        0.00
     0     9     1183.50      253.00        0.00
     0     9     1184.50      250.50        0.00
     0     9     1186.00      248.50        0.00
     0     9     1187.50      246.00        0.00
     0     9     1189.00      244.00        0.00
     0     9     1190.00      241.50        0.00
     0     9     1191.50      239.00        0.00
     0     9     1193.00      236.50        0.00
     0     9     1194.00      234.00        0.00
     0     9     1194.50      231.50        0.00
     0     9     1195.00      229.00        0.00
     0     9     1195.00      226.50        0.00
     0     9     1194.50      224.00        0.00
     0     9     1195.00      221.50        0.00
     0     9     1196.00      219.00        0.00
     0     9     1197.50      217.00        0.00
     0     9     1199.50      215.50        0.00
     0     9     1201.50      213.50        0.00
     0     9     1203.50      212.00        0.00
     0     9     1206.00      210.50        0.00
     0     9     1208.00      209.00        0.00
     0     9     1209.50      207.00        0.00
     0     9     1211.50      205.50        0.00
     0     9     1213.50      204.00        0.00
     0     9     1215.00      202.00        0.00
     0     9     1216.50      200.00        0.00
     0     9     1218.00      197.50        0.00
     0     9     1219.00      195.00        0.00
     0     9     1220.00      192.50        0.00
     0     9     1221.50      190.50        0.00
     0     9     1223.00      188.00        0.00
     0     9     1224.00      185.50        0.00
     0     9     1224.50      183.00        0.00
     0     9     1225.00      180.50        0.00
     0     9     1226.00      178.00        0.00
     0     9     1227.00      175.50        0.00
     0     9     1229.00      174.00        0.00
     0     9     1231.00      172.50        0.00
     0     9     1233.50      171.00        0.00
     0     9     1236.00      171.00        0.00
     0     9     1238.50      171.00        0.00
     0     9     1241.00      171.00        0.00
     0     9     1243.50      171.50        0.00
     0     9     1246.00      172.00        0.00
     0     9     1248.50      172.00        0.00
     0     9     1251.00      173.00        0.00
     0     9     1253.50      174.00        0.00
     0     9     1255.50      175.50        0.00
     0     9     1257.50      177.50        0.00
     0     9     1259.00      179.50        0.00
     0     9     1261.00      181.00        0.00
     0     9     1262.50      183.50        0.00
     0     9     1263.50      186.00        0.00
     0     9     1264.50      188.50        0.00
     0     9     1265.50      191.00        0.00
     0     9     1266.00      193.50        0.00
     0     9     1266.50      196.00        0.00
     0     9     1266.50      198.50        0.00
     0     9     1267.00      201.00        0.00
     0     9     1267.50      203.50        0.00
     0     9     1267.50      206.00        0.00
     0     9     1268.00      208.50        0.00
     0     9     1268.00      211.00        0.00
     0     9     1268.00      214.00        0.00
     0     9     1268.00      216.50        0.00
     0     9     1268.00      219.00        0.00
     0     9     1268.00      221.50        0.00
     0     9     1268.00      224.00        0.00
     0     9     1267.00      226.50        0.00
     0     9     1266.50      229.00        0.00
     0     9     1265.00      231.00        0.00
     0     9     1264.00      233.50        0.00
     0     9     1262.50      235.50        0.00
     0     9     1260.50      237.50        0.00
     0     9     1259.00      239.50        0.00
     0     9     1257.50      241.50        0.00
     0     9     1256.00      244.00        0.00
     0     9     1255.00      246.50        0.00
     0     9     1253.50      248.50        0.00
     0     9     1252.00      250.50        0.00
     0     9     1251.00      253.00        0.00
     0     9     1250.00      255.50        0.00
     0     9     1249.50      258.00        0.00
     0     9     1249.00      260.50        0.00
     0     9     1249.00      263.00        0.00
     0     9     1249.00      265.50        0.00
     0     9     1248.50      268.00        0.00
     0     9     1248.50      270.50        0.00
     0     9     1247.50      273.00        0.00
     0     9     1246.50      275.50        0.00
     0     9     1245.00      277.50        0.00
     0     9     1243.00      279.50        0.00
     0     9     1241.50      281.50        0.00
     0     9     1240.00      283.50        0.00
     0     9     1238.50      285.50        0.00
     0     9     1237.00      288.00        0.00
     0     9     1236.00      290.50        0.00
     0     9     1234.50      292.50        0.00
     0     9     1233.50      295.00        0.00
     0     9     1232.00      297.00        0.00
     0     9     1230.50      299.00        0.00
     0     9     1229.00      301.50        0.00
     0     9     1227.50      303.50        0.00
     0     9     1226.50      306.00        0.00
     0     9     1225.00      308.00        0.00
     0     9     1224.00      310.50        0.00
     0     9     1223.50      313.00        0.00
     0     9     1222.00      315.50        0.00
     0     9     1221.50      318.00        0.00
     0     9     1220.50      320.50        0.00
     0     9     1220.00      323.00        0.00
     0     9     1219.50      325.50        0.00
     0     9     1219.00      328.00        0.00
     0     9     1219.00      330.50        0.00
     0     9     1218.00      333.00        0.00
     0     9     1217.50      335.50        0.00
     0     9     1216.50      338.00        0.00
     0     9     1216.00      340.50        0.00
     0     9     1215.00      343.00        0.00
     0     9     1214.00      345.50        0.00
     0     9     1213.00      348.00        0.00
     0     9     1212.00      350.50        0.00
     0     9     1211.50      353.00        0.00
     0     9     1210.50      355.50        0.00
     0     9     1209.50      358.00        0.00
     0     9     1208.50      360.50        0.00
     0     9     1208.00      363.00        0.00
     0     9     1206.50      365.50        0.00
     0     9     1205.50      368.00        0.00
     0     9     1204.50      370.50        0.00
     0     9     1202.50      372.50        0.00
     0     9     1201.00      375.00        0.00
     0     9     1199.50      377.00        0.00
     0     9     1198.00      379.00        0.00
     0     9     1197.00      381.50        0.00
     0     9     1196.00      384.00        0.00
     0     9     1195.00      386.50        0.00
     0     9     1192.50      394.50        0.00
     0     9     1190.50      398.50        0.00
     0     9     1189.50      401.00        0.00
     0     9     1189.00      403.50        0.00
     0     9     1188.50      406.00        0.00
     0     9     1187.50      408.50        0.00
     0     9     1187.00      411.00        0.00
     0     9     1186.50      413.50        0.00
     0     9     1185.50      416.00        0.00
     0     9     1184.50      418.50        0.00
     0     9     1184.00      421.00        0.00
     0     9     1183.50      423.50        0.00
     0     9     1182.50      426.00        0.00
     0     9     1182.50      428.50        0.00
     0     9     1182.00      431.00        0.00
     0     9     1181.50      433.50        0.00
     0     9     1180.50      436.00        0.00
     0     9     1180.00      438.50        0.00
     0     9     1178.50      440.50        0.00
     0     9     1177.00      442.50        0.00
     0     9     1175.50      444.50        0.00
     0     9     1174.50      447.00        0.00
     0     9     1173.50      449.50        0.00
     0     9     1172.00      452.00        0.00
     0     9     1171.00      454.50        0.00
     0     9     1169.50      456.50        0.00
     0     9     1168.00      458.50        0.00
     0     9     1166.50      460.50        0.00
     0     9     1165.50      463.00        0.00
     0     9     1164.00      465.00        0.00
     0     9     1163.00      467.50        0.00
     0     9     1162.00      470.00        0.00
     0     9     1160.50      472.50        0.00
     0     9     1159.00      475.00        0.00
     0     9     1157.50      477.00        0.00
     0     9     1156.00      479.00        0.00
     0     9     1154.50      481.00        0.00
     0     9     1152.50      483.00        0.00
     0     9     1150.50      484.50        0.00
     0     9     1148.50      486.00        0.00
     0     9     1146.00      487.00        0.00
     0     9     1143.50      488.00        0.00
     0     9     1141.00      488.50        0.00
     0     9     1138.50      489.00        0.00
     0     9     1136.00      489.00        0.00
     0     9     1133.50      489.00        0.00
     0     9     1131.00      489.00        0.00
     0     9     1128.50      488.50        0.00
     0     9     1124.50      488.00        0.00
     0     9     1121.00      487.00        0.00
     0     9     1118.50      486.00        0.00
     0     9     1115.50      485.50        0.00
     0     9     1113.00      484.50        0.00
     0     9     1110.50      483.00        0.00
     0     9     1108.50      481.50        0.00
     0     9     1106.50      480.00        0.00
     0     9     1104.50      478.50        0.00
     0     9     1102.50      476.50        0.00
     0     9     1101.00      474.50        0.00
     0     9     1099.50      472.50        0.00
     0     9     1098.50      470.00        0.00
     0     9     1098.00      467.00        0.00
     0     9     1097.50      464.50        0.00
     0     9     1097.00      461.50        0.00
     0     9     1096.50      459.00        0.00
     0     9     1096.50      456.50        0.00
     0     9     1096.50      454.00        0.00
     0     9     1096.50      451.50        0.00
     0     9     1096.50      449.00        0.00
     0     9     1097.00      446.50        0.00
     0     9     1098.00      444.00        0.00
     0     9     1098.50      441.50        0.00
     0     9     1099.00      439.00        0.00
     0     9     1100.00      436.50        0.00
     0     9     1100.50      433.50        0.00
     0     9     1101.50      431.00        0.00
     0     9     1102.00      428.50        0.00
     0     9     1103.00      426.00        0.00
     0     9     1104.00      423.50        0.00
     0     9     1105.00      421.00        0.00
     0     9     1105.50      418.50        0.00
     0     9     1106.00      416.00        0.00
     0     9     1106.50      413.50        0.00
     0     9     1106.50      411.00        0.00
     0     9     1107.00      408.50        0.00
     0     9     1107.00      406.00        0.00
     0     9     1107.50      403.50        0.00
     0     9     1107.50      400.50        0.00
     0     9     1108.00      398.00        0.00
     0     9     1108.50      395.50        0.00
     0     9     1109.50      393.00        0.00
     0     9     1109.50      390.50        0.00
     0     9     1110.50      388.00        0.00
     0     9     1110.50      385.50        0.00
     0     9     1111.00      383.00        0.00
     0     9     1111.50      380.50        0.00
     0     9     1112.00      378.00        0.00
     0     9     1113.00      375.50        0.00
     0     9     1113.50      373.00        0.00
     0     9     1114.50      370.50        0.00
     0     9     1115.50      368.00        0.00
     0     9     1116.50      365.50        0.00
     0     9     1117.50      363.00        0.00
     0     9     1119.00      361.00        0.00
     0     9     1120.50      359.00        0.00
     0     9     1122.00      356.50        0.00
     1     0      816.00      992.00        0.00
     1     0      815.00      994.50        0.00
     1     0      813.50      996.50        0.00
     1     0      811.00      997.00        0.00
     1     0      808.50      997.50        0.00
     1     0      806.00      997.00        0.00
     1     0      804.50      995.00        0.00
     1     0      804.00      992.50        0.00
     1     0      804.00      990.00        0.00
     1     0      805.00      987.50        0.00
     1     0      806.50      985.50        0.00
     1     0      808.50      984.00        0.00
     1     0      810.50      982.00        0.00
     1     0      813.00      981.00        0.00
     1     0      815.50      981.50        0.00
     1     0      817.00      983.50        0.00
     1     0      817.50      986.00        0.00
     1     1      775.00      861.00        0.00
     1     1      772.50      862.00        0.00
     1     1      770.00      862.00        0.00
     1     1      767.50      862.00        0.00
     1     1      765.00      861.50        0.00
     1     1      763.50      859.50        0.00
     1     1      763.50      857.00        0.00
     1     1      764.00      854.50        0.00
     1     1      765.00      852.00        0.00
     1     1      766.50      850.00        0.00
     1     1      768.50      848.50        0.00
     1     1      771.00      847.50        0.00
     1     1      773.50      847.50        0.00
     1     1      776.00      848.50        0.00
     1     1      778.00      850.00        0.00
     1     1      779.50      852.50        0.00
     1     1      779.50      855.00        0.00
     1     1      778.00      857.00        0.00
     1     2      794.50      861.00        0.00
     1     2      789.50      862.00        0.00
     1     2      787.00      861.50        0.00
     1     2      785.00      859.50        0.00
     1     2      784.50      857.00        0.00
     1     2      784.50      854.50        0.00
     1     2      785.00      852.00        0.00
     1     2      786.00      849.50        0.00
     1     2      788.50      848.00        0.00
     1     2      791.00      847.50        0.00
     1     2      793.50      848.00        0.00
     1     2      795.50      849.50        0.00
     1     2      797.00      851.50        0.00
     1     2      797.00      854.00        0.00
     1     2      797.00      856.50        0.00
     1     3     1322.00      395.50        0.00
     1     3     1320.50      397.50        0.00
     1     3     1318.00      398.50        0.00
     1     3     1315.50      399.00        0.00
     1     3     1314.00      397.00        0.00
     1     3     1313.50      394.50        0.00
     1     3     1313.50      392.00        0.00
     1     3     1314.50      389.50        0.00
     1     3     1317.00      388.50        0.00
     1     3     1319.50      388.50        0.00
     1     3     1320.00      391.00        0.00
     1     4     1191.50      453.00        0.00
     1     4     1190.00      455.00        0.00
     1     4     1187.50      455.00        0.00
     1     4     1185.00      454.00        0.00
     1     4     1183.00      452.50        0.00
     1     4     1182.00      450.00        0.00
     1     4     1182.50      447.50        0.00
     1     4     1183.50      445.00        0.00
     1     4     1185.00      443.00        0.00
     1     4     1187.50      442.50        0.00
     1     4     1190.00      442.00        0.00
     1     4     1192.50      442.50        0.00
     1     4     1194.00      444.50        0.00
     1     4     1194.50      447.00        0.00
