     0     0      250.00      707.33        0.00
     0     0      245.33      708.67        0.00
     0     0      242.00      708.67        0.00
     0     0      238.67      708.67        0.00
     0     0      235.33      708.67        0.00
     0     0      232.00      708.67        0.00
     0     0      228.67      709.33        0.00
     0     0      225.33      709.33        0.00
     0     0      222.00      709.33        0.00
     0     0      218.67      710.00        0.00
     0     0      215.33      710.67        0.00
     0     0      212.00      712.00        0.00
     0     0      208.67      713.33        0.00
     0     0      205.33      715.33        0.00
     0     0      202.00      716.67        0.00
     0     0      199.33      718.67        0.00
     0     0      196.67      720.67        0.00
     0     0      193.33      722.00        0.00
     0     0      190.67      724.00        0.00
     0     0      187.33      725.33        0.00
     0     0      184.67      727.33        0.00
     0     0      181.33      729.33        0.00
     0     0      178.00      730.00        0.00
     0     0      174.67      731.33        0.00
     0     0      171.33      732.00        0.00
     0     0      168.00      732.67        0.00
     0     0      164.67      733.33        0.00
     0     0      161.33      734.00        0.00
     0     0      158.00      734.00        0.00
     0     0      154.67      734.00        0.00
     0     0      151.33      734.00        0.00
     0     0      148.00      734.00        0.00
     0     0      144.67      734.00        0.00
     0     0      141.33      733.33        0.00
     0     0      138.00      733.33        0.00
     0     0      134.67      732.67        0.00
     0     0      131.33      732.00        0.00
     0     0      128.00      731.33        0.00
     0     0      124.67      731.33        0.00
     0     0      121.33      731.33        0.00
     0     0      118.00      730.67        0.00
     0     0      114.67      730.00        0.00
     0     0      111.33      729.33        0.00
     0     0      108.67      727.33        0.00
     0     0      105.33      726.00        0.00
     0     0      102.67      723.33        0.00
     0     0      100.00      721.33        0.00
     0     0       98.00      718.67        0.00
     0     0       96.00      716.00        0.00
     0     0       94.00      713.33        0.00
     0     0       92.67      710.00        0.00
     0     0       90.67      706.67        0.00
     0     0       89.33      703.33        0.00
     0     0       88.67      700.00        0.00
     0     0       88.00      696.67        0.00
     0     0       88.00      693.33        0.00
     0     0       87.33      690.00        0.00
     0     0       87.33      686.67        0.00
     0     0       86.67      683.33        0.00
     0     0       86.67      680.00        0.00
     0     0       86.67      676.67        0.00
     0     0       86.67      673.33        0.00
     0     0       87.33      670.00        0.00
     0     0       88.67      666.67        0.00
     0     0       90.00      663.33        0.00
     0     0       92.00      660.00        0.00
     0     0       94.67      657.33        0.00
     0     0       97.33      655.33        0.00
     0     0      100.00      653.33        0.00
     0     0      103.33      652.00        0.00
     0     0      106.67      650.67        0.00
     0     0      110.00      648.67        0.00
     0     0      113.33      647.33        0.00
     0     0      116.67      645.33        0.00
     0     0      120.00      644.00        0.00
     0     0      123.33      642.67        0.00
     0     0      126.67      642.00        0.00
     0     0      130.00      640.67        0.00
     0     0      132.67      638.67        0.00
     0     0      135.33      636.67        0.00
     0     0      138.00      634.00        0.00
     0     0      140.00      631.33        0.00
     0     0      142.67      629.33        0.00
     0     0      145.33      627.33        0.00
     0     0      148.00      625.33        0.00
     0     0      151.33      624.00        0.00
     0     0      154.67      623.33        0.00
     0     0      158.67      622.67        0.00
     0     0      162.00      622.67        0.00
     0     0      165.33      622.67        0.00
     0     0      168.67      622.67        0.00
     0     0      172.00      622.00        0.00
     0     0      175.33      622.00        0.00
     0     0      178.67      621.33        0.00
     0     0      182.00      620.67        0.00
     0     0      185.33      619.33        0.00
     0     0      188.67      618.00        0.00
     0     0      191.33      616.00        0.00
     0     0      194.67      614.00        0.00
     0     0      197.33      612.00        0.00
     0     0      200.67      610.00        0.00
     0     0      203.33      608.00        0.00
     0     0      206.00      606.00        0.00
     0     0      208.67      604.00        0.00
     0     0      211.33      602.00        0.00
     0     0      214.67      600.67        0.00
     0     0      217.33      598.67        0.00
     0     0      220.67      596.67        0.00
     0     0      224.00      594.67        0.00
     0     0      226.67      592.00        0.00
     0     0      228.67      589.33        0.00
     0     0      231.33      587.33        0.00
     0     0      234.00      585.33        0.00
     0     0      238.00      584.00        0.00
     0     0      240.67      581.33        0.00
     0     0      243.33      579.33        0.00
     0     0      245.33      576.67        0.00
     0     0      248.00      574.67        0.00
     0     0      250.00      572.00        0.00
     0     0      252.00      569.33        0.00
     0     0      254.67      566.67        0.00
     0     0      256.67      564.00        0.00
     0     0      259.33      561.33        0.00
     0     0      261.33      558.67        0.00
     0     0      263.33      556.00        0.00
     0     0      265.33      553.33        0.00
     0     0      267.33      550.67        0.00
     0     0      269.33      548.00        0.00
     0     0      272.00      546.00        0.00
     0     0      274.00      543.33        0.00
     0     0      276.67      540.67        0.00
     0     0      278.67      538.00        0.00
     0     0      280.67      535.33        0.00
     0     0      282.67      532.67        0.00
     0     0      284.00      529.33        0.00
     0     0      286.00      526.67        0.00
     0     0      288.00      524.00        0.00
     0     0      290.67      522.00        0.00
     0     0      292.67      519.33        0.00
     0     0      295.33      516.67        0.00
     0     0      298.00      514.67        0.00
     0     0      300.67      512.00        0.00
     0     0      302.67      509.33        0.00
     0     0      304.67      506.67        0.00
     0     0      307.33      504.67        0.00
     0     0      310.00      502.67        0.00
     0     0      312.67      500.67        0.00
     0     0      315.33      498.67        0.00
     0     0      318.67      497.33        0.00
     0     0      322.67      495.33        0.00
     0     0      326.00      494.67        0.00
     0     0      329.33      493.33        0.00
     0     0      332.67      492.00        0.00
     0     0      335.33      490.00        0.00
     0     0      338.00      487.33        0.00
     0     0      340.67      485.33        0.00
     0     0      343.33      483.33        0.00
     0     0      346.67      482.67        0.00
     0     0      350.00      481.33        0.00
     0     0      353.33      480.00        0.00
     0     0      356.67      479.33        0.00
     0     0      360.00      478.67        0.00
     0     0      363.33      477.33        0.00
     0     0      367.33      476.67        0.00
     0     0      370.67      475.33        0.00
     0     0      374.00      474.00        0.00
     0     0      376.67      472.00        0.00
     0     0      379.33      469.33        0.00
     0     0      382.00      467.33        0.00
     0     0      384.67      465.33        0.00
     0     0      405.33      463.00        0.00
     0     0      412.00      463.67        0.00
     0     0      415.33      463.67        0.00
     0     0      418.67      463.00        0.00
     0     0      422.00      462.33        0.00
     0     0      425.33      461.67        0.00
     0     0      428.67      461.00        0.00
     0     0      432.67      461.00        0.00
     0     0      436.00      460.33        0.00
     0     0      439.33      459.67        0.00
     0     0      443.33      459.00        0.00
     0     0      446.67      457.67        0.00
     0     0      450.00      457.00        0.00
     0     0      453.33      455.67        0.00
     0     0      456.67      454.33        0.00
     0     0      460.00      453.67        0.00
     0     0      463.33      452.33        0.00
     0     0      466.67      451.00        0.00
     0     0      470.00      449.00        0.00
     0     0      474.00      447.67        0.00
     0     0      476.67      445.67        0.00
     0     0      480.00      444.33        0.00
     0     0      483.33      442.33        0.00
     0     0      486.67      441.67        0.00
     0     0      490.00      441.00        0.00
     0     0      493.33      440.33        0.00
     0     0      496.67      440.33        0.00
     0     0      500.00      439.67        0.00
     0     0      503.33      439.67        0.00
     0     0      506.67      439.00        0.00
     0     0      510.00      439.00        0.00
     0     0      513.33      438.33        0.00
     0     0      516.67      437.67        0.00
     0     0      520.00      437.00        0.00
     0     0      523.33      437.00        0.00
     0     0      526.67      436.33        0.00
     0     0      530.00      435.67        0.00
     0     0      533.33      434.33        0.00
     0     0      536.67      433.67        0.00
     0     0      540.00      433.67        0.00
     0     0      543.33      433.00        0.00
     0     0      546.67      431.67        0.00
     0     0      550.00      431.00        0.00
     0     0      553.33      429.67        0.00
     0     0      556.67      429.00        0.00
     0     0      560.67      428.33        0.00
     0     0      564.67      427.67        0.00
     0     0      568.67      426.33        0.00
     0     0      573.33      425.67        0.00
     0     0      577.33      424.33        0.00
     0     0      583.33      423.00        0.00
     0     0      588.67      421.67        0.00
     0     0      592.67      419.67        0.00
     0     0      596.67      418.33        0.00
     0     0      602.00      415.67        0.00
     0     0      606.00      414.33        0.00
     0     0      610.00      413.00        0.00
     0     0      614.67      411.67        0.00
     0     0      618.00      411.00        0.00
     0     0      622.00      409.67        0.00
     0     0      625.33      408.33        0.00
     0     0      628.67      407.00        0.00
     0     0      632.00      405.67        0.00
     0     0      635.33      403.67        0.00
     0     0      638.67      402.33        0.00
     0     0      641.33      400.33        0.00
     0     0      644.67      399.00        0.00
     0     0      648.00      397.00        0.00
     0     0      651.33      395.67        0.00
     0     0      654.67      394.33        0.00
     0     0      658.00      393.67        0.00
     0     0      661.33      393.00        0.00
     0     0      664.67      393.00        0.00
     0     0      668.67      391.67        0.00
     0     0      672.67      391.00        0.00
     0     0      676.67      389.67        0.00
     0     0      680.00      389.00        0.00
     0     0      682.67      387.00        0.00
     0     0      686.00      385.67        0.00
     0     0      689.33      383.67        0.00
     0     0      692.67      383.00        0.00
     0     0      696.00      381.67        0.00
     0     0      699.33      380.33        0.00
     0     0      702.67      379.67        0.00
     0     0      706.00      379.00        0.00
     0     0      709.33      377.67        0.00
     0     0      712.67      376.33        0.00
     0     0      716.00      374.33        0.00
     0     0      719.33      373.00        0.00
     0     0      723.33      371.67        0.00
     0     0      726.67      371.00        0.00
     0     0      730.00      370.33        0.00
     0     0      733.33      369.00        0.00
     0     0      736.67      368.33        0.00
     0     0      740.00      367.67        0.00
     0     0      743.33      366.33        0.00
     0     0      746.67      365.67        0.00
     0     0      750.00      364.33        0.00
     0     0      753.33      363.67        0.00
     0     0      756.67      362.33        0.00
     0     0      760.00      361.00        0.00
     0     0      763.33      359.67        0.00
     0     0      766.67      359.00        0.00
     0     0      770.00      358.33        0.00
     0     0      773.33      357.00        0.00
     0     0      776.67      357.00        0.00
     0     0      780.67      356.33        0.00
     0     0      784.00      355.67        0.00
     0     0      787.33      355.00        0.00
     0     0      790.67      355.00        0.00
     0     0      794.00      354.33        0.00
     0     0      797.33      353.67        0.00
     0     0      800.67      353.67        0.00
     0     0      804.00      353.67        0.00
     0     0      808.00      353.67        0.00
     0     0      811.33      355.00        0.00
     0     0      814.67      355.67        0.00
     0     0      818.00      357.00        0.00
     0     0      820.67      359.00        0.00
     0     0      822.67      361.67        0.00
     0     0      825.33      363.67        0.00
     0     0      828.00      366.33        0.00
     0     0      830.00      369.00        0.00
     0     0      832.00      371.67        0.00
     0     0      834.67      373.67        0.00
     0     0      836.67      377.00        0.00
     0     0      837.33      380.33        0.00
     0     0      838.00      383.67        0.00
     0     0      838.00      387.00        0.00
     0     0      838.00      390.33        0.00
     0     0      838.00      393.67        0.00
     0     0      838.00      397.00        0.00
     0     0      838.00      400.33        0.00
     0     0      838.00      403.67        0.00
     0     0      837.33      407.00        0.00
     0     0      837.33      411.00        0.00
     0     0      836.67      414.33        0.00
     0     0      836.00      417.67        0.00
     0     0      834.67      421.00        0.00
     0     0      833.33      424.33        0.00
     0     0      832.00      427.67        0.00
     0     0      830.00      431.00        0.00
     0     0      828.67      434.33        0.00
     0     0      827.33      437.67        0.00
     0     0      825.33      440.33        0.00
     0     0      823.33      443.67        0.00
     0     0      820.67      446.33        0.00
     0     0      818.00      449.00        0.00
     0     0      816.00      451.67        0.00
     0     0      814.00      454.33        0.00
     0     0      811.33      457.00        0.00
     0     0      809.33      459.67        0.00
     0     0      806.67      463.00        0.00
     0     0      804.00      465.67        0.00
     0     0      801.33      468.33        0.00
     0     0      798.67      471.00        0.00
     0     0      796.00      473.67        0.00
     0     0      792.67      476.33        0.00
     0     0      789.33      478.33        0.00
     0     0      786.00      481.00        0.00
     0     0      783.33      483.00        0.00
     0     0      780.67      485.00        0.00
     0     0      778.00      487.67        0.00
     0     0      775.33      489.67        0.00
     0     0      772.67      491.67        0.00
     0     0      770.00      493.67        0.00
     0     0      767.33      495.67        0.00
     0     0      764.67      497.67        0.00
     0     0      762.00      500.33        0.00
     0     0      758.67      501.67        0.00
     0     0      756.00      503.67        0.00
     0     0      752.67      505.00        0.00
     0     0      749.33      506.33        0.00
     0     0      746.00      507.67        0.00
     0     0      742.67      509.00        0.00
     0     0      739.33      511.00        0.00
     0     0      736.00      512.33        0.00
     0     0      733.33      514.33        0.00
     0     0      730.00      515.67        0.00
     0     0      727.33      517.67        0.00
     0     0      724.00      519.67        0.00
     0     0      721.33      521.67        0.00
     0     0      718.00      523.00        0.00
     0     0      714.67      524.33        0.00
     0     0      711.33      526.33        0.00
     0     0      708.00      528.33        0.00
     0     0      704.67      529.67        0.00
     0     0      701.33      531.00        0.00
     0     0      698.00      531.67        0.00
     0     0      694.67      533.00        0.00
     0     0      691.33      533.67        0.00
     0     0      688.00      535.00        0.00
     0     0      684.67      536.33        0.00
     0     0      682.00      538.33        0.00
     0     0      678.67      539.67        0.00
     0     0      675.33      541.00        0.00
     0     0      672.00      541.67        0.00
     0     0      668.67      543.00        0.00
     0     0      665.33      543.67        0.00
     0     0      662.00      544.33        0.00
     0     0      658.67      545.00        0.00
     0     0      655.33      546.33        0.00
     0     0      652.67      548.33        0.00
     0     0      649.33      549.67        0.00
     0     0      646.00      551.67        0.00
     0     0      642.67      553.00        0.00
     0     0      640.00      555.00        0.00
     0     0      637.33      557.00        0.00
     0     0      634.00      557.67        0.00
     0     0      623.33      562.00        0.00
     0     0      620.67      564.00        0.00
     0     0      618.00      566.67        0.00
     0     0      614.67      568.67        0.00
     0     0      611.33      570.00        0.00
     0     0      608.67      572.00        0.00
     0     0      606.00      574.00        0.00
     0     0      602.67      574.67        0.00
     0     0      599.33      575.33        0.00
     0     0      596.00      576.00        0.00
     0     0      592.67      576.67        0.00
     0     0      589.33      576.67        0.00
     0     0      586.00      577.33        0.00
     0     0      582.00      578.00        0.00
     0     0      578.67      578.67        0.00
     0     0      575.33      580.00        0.00
     0     0      572.00      580.67        0.00
     0     0      568.67      581.33        0.00
     0     0      564.67      582.00        0.00
     0     0      558.67      582.67        0.00
     0     0      554.67      584.00        0.00
     0     0      549.33      584.67        0.00
     0     0      542.67      585.33        0.00
     0     0      537.33      586.00        0.00
     0     0      531.33      586.67        0.00
     0     0      524.67      587.33        0.00
     0     0      520.67      588.00        0.00
     0     0      516.67      588.67        0.00
     0     0      513.33      589.33        0.00
     0     0      510.00      590.00        0.00
     0     0      505.33      591.33        0.00
     0     0      500.67      592.67        0.00
     0     0      496.67      594.00        0.00
     0     0      490.67      596.00        0.00
     0     0      485.33      598.00        0.00
     0     0      482.00      600.00        0.00
     0     0      478.67      601.33        0.00
     0     0      476.00      603.33        0.00
     0     0      472.67      604.67        0.00
     0     0      470.00      606.67        0.00
     0     0      466.67      608.67        0.00
     0     0      463.33      610.00        0.00
     0     0      460.00      611.33        0.00
     0     0      456.67      612.67        0.00
     0     0      453.33      614.67        0.00
     0     0      450.00      616.00        0.00
     0     0      446.67      617.33        0.00
     0     0      443.33      618.00        0.00
     0     0      440.00      619.33        0.00
     0     0      436.67      619.33        0.00
     0     0      433.33      620.00        0.00
     0     0      430.00      620.67        0.00
     0     0      426.67      621.33        0.00
     0     0      423.33      622.00        0.00
     0     0      420.00      622.67        0.00
     0     0      416.67      623.33        0.00
     0     0      412.67      624.00        0.00
     0     0      409.33      625.33        0.00
     0     0      406.00      626.67        0.00
     0     0      402.67      628.00        0.00
     0     0      399.33      628.67        0.00
     0     0      396.00      630.00        0.00
     0     0      392.67      632.00        0.00
     0     0      390.00      634.00        0.00
     0     0      386.67      636.00        0.00
     0     0      384.67      638.67        0.00
     0     0      382.00      641.33        0.00
     0     0      379.33      644.00        0.00
     0     0      376.67      646.00        0.00
     0     0      374.00      648.00        0.00
     0     0      371.33      650.00        0.00
     0     0      368.67      652.00        0.00
     0     0      365.33      652.67        0.00
     0     0      362.00      653.33        0.00
     0     0      358.67      653.33        0.00
     0     0      355.33      653.33        0.00
     0     0      352.00      653.33        0.00
     0     0      348.67      653.33        0.00
     0     0      345.33      654.00        0.00
     0     0      342.00      653.33        0.00
     0     0      334.67      659.33        0.00
     0     0      330.67      661.33        0.00
     0     0      327.33      662.67        0.00
     0     0      324.00      664.00        0.00
     0     0      320.67      665.33        0.00
     0     0      317.33      666.67        0.00
     0     0      314.67      668.67        0.00
     0     0      312.00      670.67        0.00
     0     0      309.33      672.67        0.00
     0     0      306.67      674.67        0.00
     0     0      304.00      676.67        0.00
     0     0      301.33      678.67        0.00
     0     0      298.67      680.67        0.00
     0     0      296.00      683.33        0.00
     0     0      292.67      684.67        0.00
     0     0      290.00      686.67        0.00
     0     0      286.67      687.33        0.00
     0     0      283.33      688.00        0.00
     0     0      280.00      688.67        0.00
     0     0      276.67      690.00        0.00
     0     0      273.33      691.33        0.00
     0     0      270.67      693.33        0.00
     0     0      268.00      695.33        0.00
     0     0      265.33      697.33        0.00
     0     0      263.33      700.00        0.00
     0     0      260.67      702.00        0.00
     0     1      830.67     1031.67        0.00
     0     1      830.67     1028.33        0.00
     0     1      832.00     1025.00        0.00
     0     1      833.33     1021.67        0.00
     0     1      835.33     1018.33        0.00
     0     1      837.33     1015.00        0.00
     0     1      839.33     1011.00        0.00
     0     1      842.00     1008.33        0.00
     0     1      844.67     1005.67        0.00
     0     1      847.33     1003.67        0.00
     0     1      850.00     1001.00        0.00
     0     1      853.33      998.33        0.00
     0     1      857.33      995.00        0.00
     0     1      861.33      991.67        0.00
     0     1      864.00      989.00        0.00
     0     1      866.67      986.33        0.00
     0     1      869.33      983.67        0.00
     0     1      872.00      981.67        0.00
     0     1      874.67      979.00        0.00
     0     1      878.67      975.67        0.00
     0     1      882.00      973.00        0.00
     0     1      886.67      969.67        0.00
     0     1      890.67      966.33        0.00
     0     1      895.33      963.67        0.00
     0     1      900.00      961.00        0.00
     0     1      904.00      958.33        0.00
     0     1      908.00      955.67        0.00
     0     1      913.33      952.33        0.00
     0     1      916.67      950.33        0.00
     0     1      920.67      947.67        0.00
     0     1      924.67      945.67        0.00
     0     1      929.33      943.67        0.00
     0     1      934.00      941.67        0.00
     0     1      938.00      940.33        0.00
     0     1      942.67      937.67        0.00
     0     1      946.67      935.67        0.00
     0     1      951.33      933.67        0.00
     0     1      956.67      931.00        0.00
     0     1      960.00      929.00        0.00
     0     1      964.67      927.00        0.00
     0     1      968.67      924.33        0.00
     0     1      972.00      923.00        0.00
     0     1      974.67      921.00        0.00
     0     1      978.00      918.33        0.00
     0     1      980.67      916.33        0.00
     0     1      983.33      913.00        0.00
     0     1      986.00      910.33        0.00
     0     1      988.67      907.67        0.00
     0     1      991.33      905.67        0.00
     0     1      994.00      903.67        0.00
     0     1      996.67      901.67        0.00
     0     1      999.33      899.67        0.00
     0     1     1002.67      897.67        0.00
     0     1     1006.00      896.33        0.00
     0     1     1009.33      895.67        0.00
     0     1     1012.67      894.33        0.00
     0     1     1016.00      893.00        0.00
     0     1     1020.00      891.67        0.00
     0     1     1023.33      890.33        0.00
     0     1     1028.00      888.33        0.00
     0     1     1032.00      887.00        0.00
     0     1     1036.00      885.67        0.00
     0     1     1039.33      883.67        0.00
     0     1     1043.33      882.33        0.00
     0     1     1047.33      881.00        0.00
     0     1     1052.67      879.00        0.00
     0     1     1058.00      877.67        0.00
     0     1     1066.67      876.33        0.00
     0     1     1074.00      874.33        0.00
     0     1     1080.67      872.33        0.00
     0     1     1089.33      869.67        0.00
     0     1     1096.00      867.67        0.00
     0     1     1103.33      866.33        0.00
     0     1     1108.67      865.00        0.00
     0     1     1112.67      864.33        0.00
     0     1     1116.67      863.67        0.00
     0     1     1120.00      863.67        0.00
     0     1     1123.33      863.67        0.00
     0     1     1126.67      863.67        0.00
     0     1     1130.00      863.67        0.00
     0     1     1134.00      864.33        0.00
     0     1     1138.00      865.00        0.00
     0     1     1141.33      866.33        0.00
     0     1     1144.67      868.33        0.00
     0     1     1147.33      870.33        0.00
     0     1     1149.33      873.00        0.00
     0     1     1152.00      875.00        0.00
     0     1     1154.67      877.00        0.00
     0     1     1157.33      879.67        0.00
     0     1     1158.00      883.00        0.00
     0     1     1158.00      886.33        0.00
     0     1     1158.00      889.67        0.00
     0     1     1158.67      893.00        0.00
     0     1     1158.67      896.33        0.00
     0     1     1158.67      900.33        0.00
     0     1     1159.33      903.67        0.00
     0     1     1160.00      907.00        0.00
     0     1     1160.67      910.33        0.00
     0     1     1162.00      913.67        0.00
     0     1     1163.33      917.00        0.00
     0     1     1164.67      920.33        0.00
     0     1     1166.00      923.67        0.00
     0     1     1168.00      927.00        0.00
     0     1     1170.00      930.33        0.00
     0     1     1172.00      933.00        0.00
     0     1     1174.67      935.00        0.00
     0     1     1178.00      937.00        0.00
     0     1     1181.33      937.67        0.00
     0     1     1184.67      939.00        0.00
     0     1     1188.00      939.00        0.00
     0     1     1191.33      939.00        0.00
     0     1     1194.67      939.00        0.00
     0     1     1198.00      938.33        0.00
     0     1     1201.33      937.67        0.00
     0     1     1204.67      936.33        0.00
     0     1     1208.00      935.00        0.00
     0     1     1211.33      933.67        0.00
     0     1     1215.33      932.33        0.00
     0     1     1218.67      931.00        0.00
     0     1     1222.00      929.67        0.00
     0     1     1225.33      929.00        0.00
     0     1     1229.33      927.67        0.00
     0     1     1232.67      927.00        0.00
     0     1     1236.00      926.33        0.00
     0     1     1239.33      925.00        0.00
     0     1     1242.67      924.33        0.00
     0     1     1246.00      923.67        0.00
     0     1     1249.33      923.00        0.00
     0     1     1252.67      923.00        0.00
     0     1     1256.00      923.00        0.00
     0     1     1259.33      924.33        0.00
     0     1     1262.67      925.67        0.00
     0     1     1266.00      927.00        0.00
     0     1     1269.33      928.33        0.00
     0     1     1272.67      929.67        0.00
     0     1     1276.00      931.00        0.00
     0     1     1279.33      933.00        0.00
     0     1     1282.67      934.33        0.00
     0     1     1286.00      935.67        0.00
     0     1     1289.33      936.33        0.00
     0     1     1292.67      937.00        0.00
     0     1     1296.00      937.67        0.00
     0     1     1299.33      938.33        0.00
     0     1     1302.67      939.00        0.00
     0     1     1306.00      941.00        0.00
     0     1     1309.33      942.33        0.00
     0     1     1312.67      943.67        0.00
     0     1     1316.00      945.67        0.00
     0     1     1319.33      947.67        0.00
     0     1     1322.67      949.67        0.00
     0     1     1326.00      951.00        0.00
     0     1     1328.67      953.00        0.00
     0     1     1331.33      955.00        0.00
     0     1     1333.33      957.67        0.00
     0     1     1335.33      960.33        0.00
     0     1     1338.00      963.00        0.00
     0     1     1340.00      966.33        0.00
     0     1     1342.00      969.00        0.00
     0     1     1344.00      972.33        0.00
     0     1     1346.00      975.00        0.00
     0     1     1348.67      977.67        0.00
     0     1     1350.67      981.00        0.00
     0     1     1352.67      984.33        0.00
     0     1     1354.67      987.67        0.00
     0     1     1356.67      990.33        0.00
     0     1     1358.00      993.67        0.00
     0     1     1359.33      997.00        0.00
     0     1     1360.67     1000.33        0.00
     0     1     1362.00     1003.67        0.00
     0     1     1363.33     1007.00        0.00
     0     1     1365.33     1009.67        0.00
     0     1     1366.67     1013.00        0.00
     0     1     1368.00     1016.33        0.00
     0     1     1368.67     1019.67        0.00
     0     1     1368.67     1023.00        0.00
     0     1     1368.67     1026.33        0.00
     0     1     1368.67     1029.67        0.00
     0     1     1368.00     1033.00        0.00
     1     0      692.00      386.00        0.00
     1     0      689.50      385.50        0.00
     1     0      689.00      383.00        0.00
     1     0      688.50      380.50        0.00
     1     0      688.50      378.00        0.00
     1     0      690.00      376.00        0.00
     1     0      692.00      374.50        0.00
     1     0      694.50      374.50        0.00
     1     0      697.00      374.50        0.00
     1     0      699.50      375.00        0.00
     1     0      701.50      376.50        0.00
     1     0      702.50      379.00        0.00
     1     0      701.50      381.50        0.00
     1     0      699.50      383.00        0.00
     1     0      697.50      384.50        0.00
     1     1      672.50      558.50        0.00
     1     1      671.00      560.50        0.00
     1     1      668.50      561.00        0.00
     1     1      666.00      560.00        0.00
     1     1      663.50      559.00        0.00
     1     1      661.50      557.50        0.00
     1     1      660.50      555.00        0.00
     1     1      660.50      552.50        0.00
     1     1      662.00      550.50        0.00
     1     1      663.50      548.50        0.00
     1     1      665.50      547.00        0.00
     1     1      668.00      546.50        0.00
     1     1      670.50      546.50        0.00
     1     1      673.00      547.50        0.00
     1     1      675.00      549.50        0.00
     1     1      675.50      552.00        0.00
     1     1      676.00      554.50        0.00
     1     2     1278.50      920.00        0.00
     1     2     1276.00      921.00        0.00
     1     2     1273.50      921.50        0.00
     1     2     1271.00      921.50        0.00
     1     2     1268.50      920.50        0.00
     1     2     1266.50      919.00        0.00
     1     2     1265.00      917.00        0.00
     1     2     1264.00      914.50        0.00
     1     2     1263.50      912.00        0.00
     1     2     1264.00      909.50        0.00
     1     2     1265.50      907.50        0.00
     1     2     1267.50      906.00        0.00
     1     2     1270.00      905.50        0.00
     1     2     1272.50      905.00        0.00
     1     2     1275.00      905.50        0.00
     1     2     1277.00      907.00        0.00
     1     2     1279.50      908.00        0.00
     1     2     1281.50      909.50        0.00
     1     2     1282.00      912.00        0.00
