     0     0      436.00      740.00        0.00
     0     0      434.00      743.00        0.00
     0     0      433.00      746.00        0.00
     0     0      431.00      749.00        0.00
     0     0      429.00      752.00        0.00
     0     0      426.00      754.00        0.00
     0     0      423.00      756.00        0.00
     0     0      420.00      759.00        0.00
     0     0      417.00      760.00        0.00
     0     0      414.00      762.00        0.00
     0     0      412.00      765.00        0.00
     0     0      409.00      767.00        0.00
     0     0      407.00      770.00        0.00
     0     0      405.00      773.00        0.00
     0     0      402.00      775.00        0.00
     0     0      401.00      778.00        0.00
     0     0      398.00      780.00        0.00
     0     0      395.00      783.00        0.00
     0     0      392.00      785.00        0.00
     0     0      389.00      786.00        0.00
     0     0      386.00      789.00        0.00
     0     0      383.00      791.00        0.00
     0     0      380.00      793.00        0.00
     0     0      377.00      795.00        0.00
     0     0      374.00      797.00        0.00
     0     0      371.00      799.00        0.00
     0     0      368.00      801.00        0.00
     0     0      365.00      802.00        0.00
     0     0      362.00      804.00        0.00
     0     0      359.00      805.00        0.00
     0     0      356.00      806.00        0.00
     0     0      353.00      807.00        0.00
     0     0      349.00      808.00        0.00
     0     0      345.00      809.00        0.00
     0     0      341.00      809.00        0.00
     0     0      337.00      809.00        0.00
     0     0      333.00      809.00        0.00
     0     0      330.00      810.00        0.00
     0     0      326.00      810.00        0.00
     0     0      322.00      810.00        0.00
     0     0      318.00      810.00        0.00
     0     0      315.00      809.00        0.00
     0     0      311.00      809.00        0.00
     0     0      308.00      808.00        0.00
     0     0      305.00      807.00        0.00
     0     0      301.00      806.00        0.00
     0     0      297.00      804.00        0.00
     0     0      292.00      802.00        0.00
     0     0      289.00      800.00        0.00
     0     0      285.00      797.00        0.00
     0     0      281.00      794.00        0.00
     0     0      279.00      791.00        0.00
     0     0      276.00      788.00        0.00
     0     0      273.00      785.00        0.00
     0     0      272.00      782.00        0.00
     0     0      270.00      778.00        0.00
     0     0      269.00      775.00        0.00
     0     0      269.00      769.00        0.00
     0     0      268.00      763.00        0.00
     0     0      268.00      759.00        0.00
     0     0      268.00      755.00        0.00
     0     0      268.00      750.00        0.00
     0     0      268.00      745.00        0.00
     0     0      268.00      741.00        0.00
     0     0      269.00      736.00        0.00
     0     0      270.00      732.00        0.00
     0     0      271.00      727.00        0.00
     0     0      273.00      723.00        0.00
     0     0      274.00      719.00        0.00
     0     0      275.00      715.00        0.00
     0     0      277.00      711.00        0.00
     0     0      279.00      707.00        0.00
     0     0      280.00      703.00        0.00
     0     0      282.00      698.00        0.00
     0     0      284.00      693.00        0.00
     0     0      286.00      686.00        0.00
     0     0      288.00      680.00        0.00
     0     0      289.00      675.00        0.00
     0     0      290.00      669.00        0.00
     0     0      291.00      663.00        0.00
     0     0      292.00      658.00        0.00
     0     0      293.00      653.00        0.00
     0     0      294.00      647.00        0.00
     0     0      296.00      641.00        0.00
     0     0      298.00      636.00        0.00
     0     0      300.00      632.00        0.00
     0     0      301.00      628.00        0.00
     0     0      303.00      624.00        0.00
     0     0      305.00      621.00        0.00
     0     0      307.00      618.00        0.00
     0     0      310.00      614.00        0.00
     0     0      311.00      611.00        0.00
     0     0      313.00      607.00        0.00
     0     0      316.00      602.00        0.00
     0     0      318.00      598.00        0.00
     0     0      320.00      595.00        0.00
     0     0      322.00      591.00        0.00
     0     0      325.00      587.00        0.00
     0     0      327.00      583.00        0.00
     0     0      330.00      579.00        0.00
     0     0      333.00      575.00        0.00
     0     0      335.00      572.00        0.00
     0     0      339.00      568.00        0.00
     0     0      341.00      565.00        0.00
     0     0      344.00      561.00        0.00
     0     0      346.00      558.00        0.00
     0     0      348.00      554.00        0.00
     0     0      350.00      551.00        0.00
     0     0      351.00      548.00        0.00
     0     0      353.00      545.00        0.00
     0     0      355.00      542.00        0.00
     0     0      357.00      539.00        0.00
     0     0      359.00      535.00        0.00
     0     0      361.00      532.00        0.00
     0     0      363.00      529.00        0.00
     0     0      364.00      526.00        0.00
     0     0      365.00      523.00        0.00
     0     0      366.00      520.00        0.00
     0     0      368.00      517.00        0.00
     0     0      369.00      514.00        0.00
     0     0      370.00      511.00        0.00
     0     0      372.00      508.00        0.00
     0     0      374.00      505.00        0.00
     0     0      376.00      502.00        0.00
     0     0      377.00      499.00        0.00
     0     0      380.00      496.00        0.00
     0     0      382.00      493.00        0.00
     0     0      383.00      490.00        0.00
     0     0      384.00      487.00        0.00
     0     0      386.00      484.00        0.00
     0     0      388.00      481.00        0.00
     0     0      389.00      477.00        0.00
     0     0      391.00      473.00        0.00
     0     0      393.00      470.00        0.00
     0     0      395.00      466.00        0.00
     0     0      397.00      463.00        0.00
     0     0      398.00      460.00        0.00
     0     0      400.00      457.00        0.00
     0     0      402.00      454.00        0.00
     0     0      404.00      451.00        0.00
     0     0      405.00      448.00        0.00
     0     0      407.00      445.00        0.00
     0     0      410.00      442.00        0.00
     0     0      413.00      439.00        0.00
     0     0      416.00      436.00        0.00
     0     0      422.00      432.00        0.00
     0     0      426.00      429.00        0.00
     0     0      432.00      425.00        0.00
     0     0      437.00      422.00        0.00
     0     0      441.00      419.00        0.00
     0     0      446.00      416.00        0.00
     0     0      449.00      413.00        0.00
     0     0      452.00      410.00        0.00
     0     0      455.00      407.00        0.00
     0     0      457.00      404.00        0.00
     0     0      459.00      401.00        0.00
     0     0      461.00      398.00        0.00
     0     0      464.00      395.00        0.00
     0     0      466.00      392.00        0.00
     0     0      469.00      390.00        0.00
     0     0      471.00      387.00        0.00
     0     0      474.00      384.00        0.00
     0     0      477.00      381.00        0.00
     0     0      480.00      379.00        0.00
     0     0      482.00      376.00        0.00
     0     0      485.00      374.00        0.00
     0     0      488.00      372.00        0.00
     0     0      491.00      369.00        0.00
     0     0      494.00      367.00        0.00
     0     0      497.00      365.00        0.00
     0     0      500.00      363.00        0.00
     0     0      503.00      362.00        0.00
     0     0      507.00      360.00        0.00
     0     0      512.00      358.00        0.00
     0     0      516.00      355.00        0.00
     0     0      521.00      353.00        0.00
     0     0      526.00      350.00        0.00
     0     0      529.00      347.00        0.00
     0     0      532.00      345.00        0.00
     0     0      535.00      342.00        0.00
     0     0      538.00      339.00        0.00
     0     0      557.00      311.00        0.00
     0     0      563.00      303.00        0.00
     0     0      566.00      300.00        0.00
     0     0      568.00      297.00        0.00
     0     0      571.00      295.00        0.00
     0     0      573.00      292.00        0.00
     0     0      576.00      290.00        0.00
     0     0      578.00      287.00        0.00
     0     0      581.00      285.00        0.00
     0     0      583.00      282.00        0.00
     0     0      586.00      280.00        0.00
     0     0      589.00      278.00        0.00
     0     0      592.00      276.00        0.00
     0     0      595.00      274.00        0.00
     0     0      598.00      272.00        0.00
     0     0      601.00      271.00        0.00
     0     0      604.00      269.00        0.00
     0     0      607.00      268.00        0.00
     0     0      610.00      266.00        0.00
     0     0      613.00      264.00        0.00
     0     0      616.00      262.00        0.00
     0     0      619.00      260.00        0.00
     0     0      623.00      257.00        0.00
     0     0      626.00      254.00        0.00
     0     0      629.00      251.00        0.00
     0     0      632.00      249.00        0.00
     0     0      635.00      246.00        0.00
     0     0      638.00      243.00        0.00
     0     0      642.00      241.00        0.00
     0     0      645.00      239.00        0.00
     0     0      649.00      236.00        0.00
     0     0      652.00      235.00        0.00
     0     0      656.00      232.00        0.00
     0     0      659.00      230.00        0.00
     0     0      662.00      228.00        0.00
     0     0      667.00      227.00        0.00
     0     0      670.00      226.00        0.00
     0     0      674.00      225.00        0.00
     0     0      678.00      224.00        0.00
     0     0      682.00      224.00        0.00
     0     0      687.00      223.00        0.00
     0     0      691.00      223.00        0.00
     0     0      694.00      222.00        0.00
     0     0      698.00      222.00        0.00
     0     0      702.00      222.00        0.00
     0     0      706.00      222.00        0.00
     0     0      711.00      224.00        0.00
     0     0      714.00      225.00        0.00
     0     0      717.00      227.00        0.00
     0     0      720.00      230.00        0.00
     0     0      723.00      233.00        0.00
     0     0      726.00      235.00        0.00
     0     0      728.00      238.00        0.00
     0     0      731.00      241.00        0.00
     0     0      732.00      244.00        0.00
     0     0      733.00      247.00        0.00
     0     0      734.00      250.00        0.00
     0     0      734.00      254.00        0.00
     0     0      734.00      258.00        0.00
     0     0      735.00      261.00        0.00
     0     0      735.00      265.00        0.00
     0     0      735.00      269.00        0.00
     0     0      735.00      273.00        0.00
     0     0      735.00      277.00        0.00
     0     0      734.00      281.00        0.00
     0     0      733.00      284.00        0.00
     0     0      732.00      287.00        0.00
     0     0      731.00      290.00        0.00
     0     0      729.00      293.00        0.00
     0     0      727.00      296.00        0.00
     0     0      726.00      299.00        0.00
     0     0      724.00      302.00        0.00
     0     0      723.00      305.00        0.00
     0     0      722.00      308.00        0.00
     0     0      720.00      312.00        0.00
     0     0      719.00      315.00        0.00
     0     0      718.00      319.00        0.00
     0     0      717.00      322.00        0.00
     0     0      716.00      326.00        0.00
     0     0      714.00      329.00        0.00
     0     0      714.00      333.00        0.00
     0     0      713.00      336.00        0.00
     0     0      712.00      340.00        0.00
     0     0      711.00      344.00        0.00
     0     0      710.00      347.00        0.00
     0     0      709.00      351.00        0.00
     0     0      707.00      354.00        0.00
     0     0      705.00      358.00        0.00
     0     0      704.00      361.00        0.00
     0     0      703.00      364.00        0.00
     0     0      701.00      367.00        0.00
     0     0      699.00      370.00        0.00
     0     0      696.00      373.00        0.00
     0     0      693.00      376.00        0.00
     0     0      691.00      379.00        0.00
     0     0      688.00      381.00        0.00
     0     0      686.00      384.00        0.00
     0     0      683.00      386.00        0.00
     0     0      681.00      389.00        0.00
     0     0      678.00      392.00        0.00
     0     0      675.00      394.00        0.00
     0     0      673.00      397.00        0.00
     0     0      670.00      400.00        0.00
     0     0      666.00      404.00        0.00
     0     0      664.00      408.00        0.00
     0     0      662.00      411.00        0.00
     0     0      660.00      414.00        0.00
     0     0      658.00      418.00        0.00
     0     0      657.00      422.00        0.00
     0     0      655.00      426.00        0.00
     0     0      653.00      430.00        0.00
     0     0      651.00      434.00        0.00
     0     0      648.00      437.00        0.00
     0     0      646.00      440.00        0.00
     0     0      644.00      444.00        0.00
     0     0      642.00      447.00        0.00
     0     0      639.00      450.00        0.00
     0     0      637.00      453.00        0.00
     0     0      634.00      455.00        0.00
     0     0      633.00      458.00        0.00
     0     0      630.00      461.00        0.00
     0     0      628.00      464.00        0.00
     0     0      627.00      467.00        0.00
     0     0      625.00      470.00        0.00
     0     0      624.00      473.00        0.00
     0     0      621.00      476.00        0.00
     0     0      619.00      479.00        0.00
     0     0      617.00      482.00        0.00
     0     0      615.00      485.00        0.00
     0     0      614.00      488.00        0.00
     0     0      613.00      491.00        0.00
     0     0      611.00      494.00        0.00
     0     0      610.00      497.00        0.00
     0     0      608.00      500.00        0.00
     0     0      607.00      503.00        0.00
     0     0      606.00      506.00        0.00
     0     0      604.00      509.00        0.00
     0     0      601.00      511.00        0.00
     0     0      599.00      514.00        0.00
     0     0      596.00      517.00        0.00
     0     0      593.00      519.00        0.00
     0     0      591.00      522.00        0.00
     0     0      580.00      543.00        0.00
     0     0      575.00      553.00        0.00
     0     0      574.00      556.00        0.00
     0     0      571.00      559.00        0.00
     0     0      569.00      562.00        0.00
     0     0      567.00      565.00        0.00
     0     0      564.00      568.00        0.00
     0     0      562.00      571.00        0.00
     0     0      559.00      574.00        0.00
     0     0      556.00      579.00        0.00
     0     0      554.00      582.00        0.00
     0     0      552.00      587.00        0.00
     0     0      550.00      591.00        0.00
     0     0      547.00      595.00        0.00
     0     0      545.00      599.00        0.00
     0     0      542.00      603.00        0.00
     0     0      541.00      606.00        0.00
     0     0      539.00      609.00        0.00
     0     0      537.00      613.00        0.00
     0     0      535.00      616.00        0.00
     0     0      532.00      620.00        0.00
     0     0      529.00      623.00        0.00
     0     0      527.00      628.00        0.00
     0     0      524.00      632.00        0.00
     0     0      522.00      637.00        0.00
     0     0      521.00      641.00        0.00
     0     0      519.00      644.00        0.00
     0     0      518.00      648.00        0.00
     0     0      516.00      652.00        0.00
     0     0      513.00      655.00        0.00
     0     0      511.00      659.00        0.00
     0     0      507.00      663.00        0.00
     0     0      505.00      666.00        0.00
     0     0      501.00      670.00        0.00
     0     0      499.00      673.00        0.00
     0     0      496.00      676.00        0.00
     0     0      493.00      680.00        0.00
     0     0      491.00      683.00        0.00
     0     0      488.00      686.00        0.00
     0     0      487.00      689.00        0.00
     0     0      484.00      692.00        0.00
     0     0      481.00      696.00        0.00
     0     0      479.00      699.00        0.00
     0     0      476.00      701.00        0.00
     0     0      473.00      703.00        0.00
     0     0      470.00      705.00        0.00
     0     0      467.00      708.00        0.00
     0     0      465.00      711.00        0.00
     0     0      462.00      714.00        0.00
     0     0      461.00      717.00        0.00
     0     0      459.00      720.00        0.00
     0     0      458.00      723.00        0.00
     0     0      457.00      726.00        0.00
     0     0      454.00      728.00        0.00
     0     0      451.00      731.00        0.00
