     0     0     1105.33      260.67        0.00
     0     0     1101.33      260.67        0.00
     0     0     1098.00      260.67        0.00
     0     0     1094.67      260.67        0.00
     0     0     1091.33      260.67        0.00
     0     0     1088.00      260.67        0.00
     0     0     1084.67      260.00        0.00
     0     0     1081.33      259.33        0.00
     0     0     1078.00      259.33        0.00
     0     0     1074.67      258.67        0.00
     0     0     1071.33      258.00        0.00
     0     0     1068.00      258.00        0.00
     0     0     1064.67      258.00        0.00
     0     0     1061.33      257.33        0.00
     0     0     1058.00      257.33        0.00
     0     0     1054.67      258.00        0.00
     0     0     1051.33      258.00        0.00
     0     0     1048.00      258.67        0.00
     0     0     1044.67      258.67        0.00
     0     0     1041.33      260.00        0.00
     0     0     1038.00      260.00        0.00
     0     0     1034.67      260.00        0.00
     0     0     1031.33      261.33        0.00
     0     0     1028.00      262.00        0.00
     0     0     1024.67      262.67        0.00
     0     0     1021.33      264.00        0.00
     0     0     1018.00      265.33        0.00
     0     0     1014.67      266.67        0.00
     0     0     1011.33      267.33        0.00
     0     0     1008.00      268.67        0.00
     0     0     1004.67      270.00        0.00
     0     0     1001.33      271.33        0.00
     0     0      998.00      272.67        0.00
     0     0      994.67      274.00        0.00
     0     0      992.00      276.00        0.00
     0     0      988.67      278.00        0.00
     0     0      985.33      279.33        0.00
     0     0      982.00      281.33        0.00
     0     0      978.67      282.00        0.00
     0     0      975.33      282.67        0.00
     0     0      972.00      284.00        0.00
     0     0      968.67      285.33        0.00
     0     0      965.33      286.00        0.00
     0     0      962.00      286.67        0.00
     0     0      958.67      286.67        0.00
     0     0      955.33      286.67        0.00
     0     0      952.00      286.67        0.00
     0     0      948.67      285.33        0.00
     0     0      946.00      282.67        0.00
     0     0      944.67      279.33        0.00
     0     0      943.33      276.00        0.00
     0     0      942.67      272.00        0.00
     0     0      942.67      268.67        0.00
     0     0      942.67      265.33        0.00
     0     0      943.33      262.00        0.00
     0     0      944.00      258.67        0.00
     0     0      944.67      255.33        0.00
     0     0      945.33      250.00        0.00
     0     0      946.67      246.00        0.00
     0     0      948.67      242.67        0.00
     0     0      950.00      238.67        0.00
     0     0      952.00      235.33        0.00
     0     0      952.67      232.00        0.00
     0     0      954.67      229.33        0.00
     0     0      956.00      226.00        0.00
     0     0      957.33      222.67        0.00
     0     0      959.33      219.33        0.00
     0     0      960.67      216.00        0.00
     0     0      962.00      212.67        0.00
     0     0      964.00      209.33        0.00
     0     0      964.67      206.00        0.00
     0     0      966.00      202.67        0.00
     0     0      967.33      199.33        0.00
     0     0      968.00      196.00        0.00
     0     0      970.00      192.67        0.00
     0     0      971.33      189.33        0.00
     0     0      972.67      186.00        0.00
     0     0      974.00      182.67        0.00
     0     0      975.33      178.67        0.00
     0     0      976.67      175.33        0.00
     0     0      978.67      172.00        0.00
     0     0      980.00      168.67        0.00
     0     0      982.67      166.00        0.00
     0     0      983.33      162.67        0.00
     0     0      986.00      160.00        0.00
     0     0      987.33      156.67        0.00
     0     0      988.67      153.33        0.00
     0     0      990.00      150.00        0.00
     0     0      990.67      146.67        0.00
     0     0      992.00      143.33        0.00
     0     0      992.67      140.00        0.00
     0     0      994.00      136.67        0.00
     0     0      996.00      133.33        0.00
     0     0      998.00      130.00        0.00
     0     0      999.33      126.67        0.00
     0     0     1001.33      123.33        0.00
     0     0     1003.33      120.00        0.00
     0     0     1005.33      117.33        0.00
     0     0     1007.33      114.67        0.00
     0     0     1010.00      112.67        0.00
     0     0     1012.00      110.00        0.00
     0     0     1013.33      106.67        0.00
     0     0     1013.33      103.33        0.00
     0     0     1014.00      100.00        0.00
     0     0     1014.00       96.67        0.00
     0     0     1014.00       93.33        0.00
     0     0     1015.33       90.00        0.00
     0     0     1017.33       87.33        0.00
     0     0     1019.33       84.67        0.00
     0     0     1022.00       82.00        0.00
     0     0     1024.67       80.00        0.00
     0     0     1027.33       78.00        0.00
     0     0     1030.00       76.00        0.00
     0     0     1033.33       74.67        0.00
     0     0     1036.67       74.00        0.00
     0     0     1040.00       72.67        0.00
     0     0     1043.33       71.33        0.00
     0     0     1046.67       70.67        0.00
     0     0     1050.00       70.00        0.00
     0     0     1053.33       68.67        0.00
     0     0     1056.67       68.00        0.00
     0     0     1060.00       66.00        0.00
     0     0     1063.33       65.33        0.00
     0     0     1066.67       64.00        0.00
     0     0     1070.67       62.67        0.00
     0     0     1074.00       62.00        0.00
     0     0     1078.00       61.33        0.00
     0     0     1082.67       60.67        0.00
     0     0     1086.67       60.00        0.00
     0     0     1090.00       60.00        0.00
     0     0     1094.00       59.33        0.00
     0     0     1097.33       59.33        0.00
     0     0     1100.67       58.67        0.00
     0     0     1104.00       58.67        0.00
     0     0     1107.33       58.00        0.00
     0     0     1110.67       58.00        0.00
     0     0     1114.00       58.00        0.00
     0     0     1117.33       58.00        0.00
     0     0     1120.67       57.33        0.00
     0     0     1124.00       57.33        0.00
     0     0     1127.33       57.33        0.00
     0     0     1130.67       58.00        0.00
     0     0     1134.00       58.00        0.00
     0     0     1137.33       58.00        0.00
     0     0     1140.67       58.00        0.00
     0     0     1144.00       58.00        0.00
     0     0     1147.33       58.00        0.00
     0     0     1151.33       58.00        0.00
     0     0     1156.00       58.00        0.00
     0     0     1162.00       58.00        0.00
     0     0     1166.67       58.00        0.00
     0     0     1171.33       58.67        0.00
     0     0     1174.67       59.33        0.00
     0     0     1178.00       59.33        0.00
     0     0     1181.33       59.33        0.00
     0     0     1184.67       60.00        0.00
     0     0     1188.00       60.67        0.00
     0     0     1191.33       60.67        0.00
     0     0     1194.67       61.33        0.00
     0     0     1198.00       62.00        0.00
     0     0     1202.00       62.67        0.00
     0     0     1206.00       63.33        0.00
     0     0     1210.00       64.00        0.00
     0     0     1213.33       64.67        0.00
     0     0     1218.00       65.33        0.00
     0     0     1222.00       66.00        0.00
     0     0     1226.00       67.33        0.00
     0     0     1230.67       68.67        0.00
     0     0     1234.67       70.67        0.00
     0     0     1238.67       73.33        0.00
     0     0     1242.67       75.33        0.00
     0     0     1245.33       77.33        0.00
     0     0     1248.67       80.00        0.00
     0     0     1252.00       82.67        0.00
     0     0     1254.00       85.33        0.00
     0     0     1256.00       88.00        0.00
     0     0     1258.67       91.33        0.00
     0     0     1260.00       94.67        0.00
     0     0     1261.33       98.00        0.00
     0     0     1261.33      102.00        0.00
     0     0     1261.33      105.33        0.00
     0     0     1261.33      108.67        0.00
     0     0     1260.67      112.67        0.00
     0     0     1259.33      116.67        0.00
     0     0     1258.00      120.00        0.00
     0     0     1256.00      123.33        0.00
     0     0     1254.00      126.67        0.00
     0     0     1252.00      129.33        0.00
     0     0     1248.67      133.33        0.00
     0     0     1246.67      136.67        0.00
     0     0     1244.67      140.00        0.00
     0     0     1242.00      144.67        0.00
     0     0     1240.67      148.00        0.00
     0     0     1239.33      151.33        0.00
     0     0     1237.33      156.00        0.00
     0     0     1236.67      159.33        0.00
     0     0     1235.33      164.00        0.00
     0     0     1234.00      167.33        0.00
     0     0     1232.00      170.67        0.00
     0     0     1230.00      173.33        0.00
     0     0     1228.00      176.00        0.00
     0     0     1226.00      179.33        0.00
     0     0     1224.00      182.67        0.00
     0     0     1222.00      185.33        0.00
     0     0     1220.00      188.00        0.00
     0     0     1217.33      190.67        0.00
     0     0     1215.33      194.00        0.00
     0     0     1213.33      197.33        0.00
     0     0     1211.33      200.00        0.00
     0     0     1208.67      202.67        0.00
     0     0     1206.67      206.00        0.00
     0     0     1204.67      208.67        0.00
     0     0     1202.67      212.00        0.00
     0     0     1200.67      215.33        0.00
     0     0     1199.33      218.67        0.00
     0     0     1196.67      221.33        0.00
     0     0     1194.00      224.00        0.00
     0     0     1192.67      227.33        0.00
     0     0     1190.00      230.00        0.00
     0     0     1187.33      232.67        0.00
     0     0     1184.00      234.67        0.00
     0     0     1181.33      236.67        0.00
     0     0     1178.67      238.67        0.00
     0     0     1175.33      240.67        0.00
     0     0     1172.67      242.67        0.00
     0     0     1169.33      244.00        0.00
     0     0     1166.00      246.00        0.00
     0     0     1162.67      247.33        0.00
     0     0     1158.67      248.00        0.00
     0     0     1155.33      248.67        0.00
     0     0     1152.00      249.33        0.00
     0     0     1148.67      250.67        0.00
     0     0     1145.33      252.00        0.00
     0     0     1142.00      253.33        0.00
     0     0     1138.67      254.00        0.00
     0     0     1135.33      254.67        0.00
     0     0     1132.00      255.33        0.00
     0     0     1128.67      256.67        0.00
     0     1      566.67      332.00        0.00
     0     1      560.00      331.33        0.00
     0     1      556.67      330.67        0.00
     0     1      553.33      330.00        0.00
     0     1      550.00      329.33        0.00
     0     1      546.67      328.00        0.00
     0     1      543.33      327.33        0.00
     0     1      539.33      326.00        0.00
     0     1      536.00      324.67        0.00
     0     1      532.67      323.33        0.00
     0     1      529.33      322.00        0.00
     0     1      526.00      320.00        0.00
     0     1      522.67      318.67        0.00
     0     1      520.00      316.00        0.00
     0     1      517.33      314.00        0.00
     0     1      514.67      312.00        0.00
     0     1      512.67      309.33        0.00
     0     1      510.00      307.33        0.00
     0     1      508.00      304.67        0.00
     0     1      506.00      302.00        0.00
     0     1      503.33      300.00        0.00
     0     1      501.33      297.33        0.00
     0     1      499.33      294.67        0.00
     0     1      497.33      291.33        0.00
     0     1      494.67      288.67        0.00
     0     1      492.67      285.33        0.00
     0     1      490.00      283.33        0.00
     0     1      487.33      281.33        0.00
     0     1      484.67      279.33        0.00
     0     1      482.00      276.67        0.00
     0     1      478.67      274.67        0.00
     0     1      476.00      272.00        0.00
     0     1      474.00      268.67        0.00
     0     1      472.00      266.00        0.00
     0     1      470.00      262.67        0.00
     0     1      468.67      259.33        0.00
     0     1      468.00      256.00        0.00
     0     1      466.67      252.67        0.00
     0     1      466.00      249.33        0.00
     0     1      464.67      246.00        0.00
     0     1      464.00      242.67        0.00
     0     1      463.33      239.33        0.00
     0     1      462.67      236.00        0.00
     0     1      462.67      232.67        0.00
     0     1      462.67      229.33        0.00
     0     1      462.67      226.00        0.00
     0     1      462.67      222.67        0.00
     0     1      462.67      219.33        0.00
     0     1      463.33      216.00        0.00
     0     1      465.33      212.67        0.00
     0     1      467.33      210.00        0.00
     0     1      469.33      206.67        0.00
     0     1      472.00      204.67        0.00
     0     1      474.67      202.00        0.00
     0     1      476.67      199.33        0.00
     0     1      479.33      197.33        0.00
     0     1      481.33      194.67        0.00
     0     1      484.00      192.67        0.00
     0     1      486.00      190.00        0.00
     0     1      488.67      187.33        0.00
     0     1      491.33      184.67        0.00
     0     1      494.00      182.67        0.00
     0     1      496.67      180.00        0.00
     0     1      498.67      177.33        0.00
     0     1      501.33      174.00        0.00
     0     1      504.00      172.00        0.00
     0     1      506.67      169.33        0.00
     0     1      510.67      164.67        0.00
     0     1      516.67      160.00        0.00
     0     1      523.33      157.33        0.00
     0     1      530.00      154.67        0.00
     0     1      537.33      152.00        0.00
     0     1      548.67      149.33        0.00
     0     1      558.00      146.00        0.00
     0     1      566.00      144.67        0.00
     0     1      574.00      142.67        0.00
     0     1      580.67      141.33        0.00
     0     1      586.00      140.00        0.00
     0     1      591.33      139.33        0.00
     0     1      595.33      138.67        0.00
     0     1      598.67      138.67        0.00
     0     1      602.67      138.67        0.00
     0     1      606.00      138.67        0.00
     0     1      609.33      139.33        0.00
     0     1      612.67      140.67        0.00
     0     1      616.67      141.33        0.00
     0     1      620.00      142.00        0.00
     0     1      625.33      144.00        0.00
     0     1      628.67      145.33        0.00
     0     1      632.67      146.67        0.00
     0     1      636.00      148.00        0.00
     0     1      639.33      149.33        0.00
     0     1      642.67      151.33        0.00
     0     1      646.00      152.67        0.00
     0     1      649.33      154.00        0.00
     0     1      652.67      155.33        0.00
     0     1      656.00      156.67        0.00
     0     1      659.33      158.00        0.00
     0     1      663.33      160.00        0.00
     0     1      666.67      161.33        0.00
     0     1      670.00      163.33        0.00
     0     1      673.33      165.33        0.00
     0     1      676.67      167.33        0.00
     0     1      679.33      170.00        0.00
     0     1      682.00      172.00        0.00
     0     1      684.67      174.67        0.00
     0     1      687.33      176.67        0.00
     0     1      690.00      179.33        0.00
     0     1      692.67      182.00        0.00
     0     1      694.67      184.67        0.00
     0     1      696.67      188.00        0.00
     0     1      698.00      191.33        0.00
     0     1      698.67      194.67        0.00
     0     1      699.33      198.00        0.00
     0     1      699.33      201.33        0.00
     0     1      699.33      204.67        0.00
     0     1      699.33      208.00        0.00
     0     1      698.67      211.33        0.00
     0     1      698.00      214.67        0.00
     0     1      697.33      218.00        0.00
     0     1      697.33      221.33        0.00
     0     1      696.00      224.67        0.00
     0     1      695.33      228.00        0.00
     0     1      694.00      231.33        0.00
     0     1      693.33      234.67        0.00
     0     1      692.67      238.00        0.00
     0     1      692.00      241.33        0.00
     0     1      691.33      244.67        0.00
     0     1      690.00      248.00        0.00
     0     1      688.67      251.33        0.00
     0     1      687.33      254.67        0.00
     0     1      686.00      258.00        0.00
     0     1      684.00      260.67        0.00
     0     1      682.00      264.00        0.00
     0     1      679.33      266.00        0.00
     0     1      676.67      268.67        0.00
     0     1      674.00      270.67        0.00
     0     1      671.33      273.33        0.00
     0     1      668.67      275.33        0.00
     0     1      665.33      277.33        0.00
     0     1      662.67      279.33        0.00
     0     1      659.33      281.33        0.00
     0     1      656.67      283.33        0.00
     0     1      654.00      285.33        0.00
     0     1      651.33      288.00        0.00
     0     1      649.33      290.67        0.00
     0     1      647.33      293.33        0.00
     0     1      645.33      296.00        0.00
     0     1      643.33      298.67        0.00
     0     1      641.33      301.33        0.00
     0     1      639.33      304.67        0.00
     0     1      636.67      307.33        0.00
     0     1      634.00      309.33        0.00
     0     1      632.00      312.00        0.00
     0     1      629.33      314.00        0.00
     0     1      626.67      316.00        0.00
     0     1      624.00      318.00        0.00
     0     1      620.67      319.33        0.00
     0     1      617.33      321.33        0.00
     0     1      614.00      322.67        0.00
     0     1      610.67      324.00        0.00
     0     1      607.33      325.33        0.00
     0     1      604.00      326.00        0.00
     0     1      600.67      326.67        0.00
     0     1      597.33      327.33        0.00
     0     1      594.00      328.67        0.00
     0     1      590.67      328.67        0.00
     0     2      408.67      426.67        0.00
     0     2      402.67      428.67        0.00
     0     2      399.33      429.33        0.00
     0     2      396.00      429.33        0.00
     0     2      392.67      430.00        0.00
     0     2      389.33      430.00        0.00
     0     2      386.00      430.00        0.00
     0     2      382.67      430.00        0.00
     0     2      378.67      429.33        0.00
     0     2      375.33      428.67        0.00
     0     2      371.33      427.33        0.00
     0     2      368.00      426.00        0.00
     0     2      364.67      424.67        0.00
     0     2      361.33      423.33        0.00
     0     2      358.00      422.00        0.00
     0     2      354.67      420.67        0.00
     0     2      351.33      418.67        0.00
     0     2      348.00      417.33        0.00
     0     2      345.33      415.33        0.00
     0     2      342.00      413.33        0.00
     0     2      338.67      412.00        0.00
     0     2      336.00      410.00        0.00
     0     2      332.67      408.67        0.00
     0     2      329.33      406.67        0.00
     0     2      326.67      404.67        0.00
     0     2      323.33      403.33        0.00
     0     2      320.67      401.33        0.00
     0     2      317.33      399.33        0.00
     0     2      313.33      397.33        0.00
     0     2      310.67      395.33        0.00
     0     2      308.00      393.33        0.00
     0     2      305.33      391.33        0.00
     0     2      302.67      389.33        0.00
     0     2      300.00      386.67        0.00
     0     2      297.33      384.67        0.00
     0     2      294.67      382.00        0.00
     0     2      292.67      379.33        0.00
     0     2      290.00      376.67        0.00
     0     2      288.00      374.00        0.00
     0     2      285.33      371.33        0.00
     0     2      283.33      368.00        0.00
     0     2      281.33      365.33        0.00
     0     2      278.67      362.00        0.00
     0     2      276.00      358.67        0.00
     0     2      273.33      356.00        0.00
     0     2      270.67      352.67        0.00
     0     2      269.33      349.33        0.00
     0     2      267.33      346.67        0.00
     0     2      265.33      343.33        0.00
     0     2      263.33      340.00        0.00
     0     2      262.67      336.67        0.00
     0     2      261.33      333.33        0.00
     0     2      261.33      330.00        0.00
     0     2      261.33      326.67        0.00
     0     2      260.67      323.33        0.00
     0     2      260.67      320.00        0.00
     0     2      261.33      316.67        0.00
     0     2      262.00      313.33        0.00
     0     2      263.33      310.00        0.00
     0     2      265.33      307.33        0.00
     0     2      267.33      304.67        0.00
     0     2      269.33      302.00        0.00
     0     2      272.00      299.33        0.00
     0     2      274.67      297.33        0.00
     0     2      278.00      296.00        0.00
     0     2      281.33      294.00        0.00
     0     2      284.67      292.00        0.00
     0     2      287.33      290.00        0.00
     0     2      290.67      288.00        0.00
     0     2      294.67      286.67        0.00
     0     2      298.67      285.33        0.00
     0     2      303.33      283.33        0.00
     0     2      306.67      282.00        0.00
     0     2      309.33      280.00        0.00
     0     2      313.33      278.00        0.00
     0     2      316.67      276.67        0.00
     0     2      320.00      274.67        0.00
     0     2      324.00      272.67        0.00
     0     2      328.00      271.33        0.00
     0     2      331.33      270.00        0.00
     0     2      334.67      268.67        0.00
     0     2      338.00      266.67        0.00
     0     2      341.33      265.33        0.00
     0     2      344.67      264.00        0.00
     0     2      348.00      263.33        0.00
     0     2      351.33      262.00        0.00
     0     2      354.67      260.00        0.00
     0     2      358.00      259.33        0.00
     0     2      361.33      258.00        0.00
     0     2      364.67      257.33        0.00
     0     2      368.00      256.67        0.00
     0     2      371.33      256.00        0.00
     0     2      374.67      255.33        0.00
     0     2      378.00      255.33        0.00
     0     2      381.33      254.67        0.00
     0     2      384.67      254.00        0.00
     0     2      388.00      254.00        0.00
     0     2      391.33      254.00        0.00
     0     2      394.67      255.33        0.00
     0     2      398.00      256.67        0.00
     0     2      401.33      258.00        0.00
     0     2      404.67      259.33        0.00
     0     2      408.00      260.67        0.00
     0     2      411.33      262.67        0.00
     0     2      414.67      264.00        0.00
     0     2      418.00      266.00        0.00
     0     2      420.67      268.00        0.00
     0     2      423.33      270.00        0.00
     0     2      426.00      272.00        0.00
     0     2      429.33      274.00        0.00
     0     2      432.67      276.00        0.00
     0     2      436.00      277.33        0.00
     0     2      439.33      279.33        0.00
     0     2      442.00      281.33        0.00
     0     2      444.67      283.33        0.00
     0     2      446.67      286.00        0.00
     0     2      449.33      288.00        0.00
     0     2      452.00      290.00        0.00
     0     2      454.00      292.67        0.00
     0     2      457.33      294.67        0.00
     0     2      459.33      297.33        0.00
     0     2      462.00      299.33        0.00
     0     2      464.00      302.00        0.00
     0     2      466.67      304.00        0.00
     0     2      468.67      306.67        0.00
     0     2      470.67      309.33        0.00
     0     2      472.67      312.00        0.00
     0     2      474.67      314.67        0.00
     0     2      476.67      317.33        0.00
     0     2      478.67      320.67        0.00
     0     2      480.67      323.33        0.00
     0     2      482.67      326.00        0.00
     0     2      484.67      328.67        0.00
     0     2      486.67      331.33        0.00
     0     2      488.67      334.00        0.00
     0     2      490.67      336.67        0.00
     0     2      493.33      339.33        0.00
     0     2      495.33      342.00        0.00
     0     2      497.33      345.33        0.00
     0     2      498.67      348.67        0.00
     0     2      499.33      352.00        0.00
     0     2      500.00      355.33        0.00
     0     2      500.67      358.67        0.00
     0     2      500.67      362.00        0.00
     0     2      500.67      365.33        0.00
     0     2      500.67      368.67        0.00
     0     2      500.00      372.00        0.00
     0     2      498.67      375.33        0.00
     0     2      497.33      378.67        0.00
     0     2      495.33      382.00        0.00
     0     2      493.33      384.67        0.00
     0     2      491.33      387.33        0.00
     0     2      488.67      390.00        0.00
     0     2      486.00      392.67        0.00
     0     2      483.33      394.67        0.00
     0     2      480.67      397.33        0.00
     0     2      478.00      399.33        0.00
     0     2      475.33      401.33        0.00
     0     2      472.67      404.00        0.00
     0     2      469.33      405.33        0.00
     0     2      466.67      407.33        0.00
     0     2      462.67      409.33        0.00
     0     2      459.33      410.00        0.00
     0     2      456.00      412.00        0.00
     0     2      452.67      412.67        0.00
     0     2      449.33      414.67        0.00
     0     2      446.00      415.33        0.00
     0     2      443.33      417.33        0.00
     0     2      440.00      418.00        0.00
     0     2      436.67      418.67        0.00
     0     3      346.67      735.33        0.00
     0     3      342.67      737.33        0.00
     0     3      339.33      738.00        0.00
     0     3      336.00      738.67        0.00
     0     3      332.67      739.33        0.00
     0     3      329.33      740.00        0.00
     0     3      326.00      740.00        0.00
     0     3      322.67      740.00        0.00
     0     3      319.33      740.67        0.00
     0     3      316.00      740.67        0.00
     0     3      312.00      740.67        0.00
     0     3      308.67      740.67        0.00
     0     3      305.33      740.67        0.00
     0     3      302.00      740.67        0.00
     0     3      298.67      741.33        0.00
     0     3      295.33      741.33        0.00
     0     3      292.00      741.33        0.00
     0     3      288.67      742.00        0.00
     0     3      285.33      743.33        0.00
     0     3      282.00      744.00        0.00
     0     3      278.67      744.67        0.00
     0     3      275.33      745.33        0.00
     0     3      272.00      746.67        0.00
     0     3      268.67      747.33        0.00
     0     3      265.33      748.67        0.00
     0     3      262.00      749.33        0.00
     0     3      258.67      750.67        0.00
     0     3      255.33      751.33        0.00
     0     3      252.00      752.00        0.00
     0     3      248.67      752.00        0.00
     0     3      245.33      752.00        0.00
     0     3      241.33      752.00        0.00
     0     3      238.00      751.33        0.00
     0     3      234.67      750.67        0.00
     0     3      231.33      749.33        0.00
     0     3      228.00      748.00        0.00
     0     3      224.67      746.00        0.00
     0     3      222.00      743.33        0.00
     0     3      219.33      741.33        0.00
     0     3      217.33      738.67        0.00
     0     3      215.33      736.00        0.00
     0     3      213.33      733.33        0.00
     0     3      211.33      730.67        0.00
     0     3      209.33      728.00        0.00
     0     3      207.33      725.33        0.00
     0     3      205.33      722.67        0.00
     0     3      203.33      720.00        0.00
     0     3      201.33      716.67        0.00
     0     3      199.33      713.33        0.00
     0     3      197.33      710.00        0.00
     0     3      196.00      706.67        0.00
     0     3      194.67      703.33        0.00
     0     3      192.67      700.67        0.00
     0     3      190.67      697.33        0.00
     0     3      188.67      694.00        0.00
     0     3      186.67      691.33        0.00
     0     3      185.33      688.00        0.00
     0     3      183.33      684.67        0.00
     0     3      181.33      681.33        0.00
     0     3      180.00      678.00        0.00
     0     3      178.00      674.67        0.00
     0     3      177.33      671.33        0.00
     0     3      175.33      668.00        0.00
     0     3      174.00      664.67        0.00
     0     3      172.67      660.67        0.00
     0     3      171.33      657.33        0.00
     0     3      170.67      654.00        0.00
     0     3      170.67      650.67        0.00
     0     3      170.67      646.67        0.00
     0     3      170.00      642.67        0.00
     0     3      170.00      639.33        0.00
     0     3      170.00      636.00        0.00
     0     3      170.00      632.67        0.00
     0     3      170.00      629.33        0.00
     0     3      170.00      626.00        0.00
     0     3      170.00      622.67        0.00
     0     3      170.67      619.33        0.00
     0     3      170.67      616.00        0.00
     0     3      170.67      612.67        0.00
     0     3      171.33      608.67        0.00
     0     3      171.33      605.33        0.00
     0     3      172.00      602.00        0.00
     0     3      172.67      598.67        0.00
     0     3      174.00      595.33        0.00
     0     3      174.67      592.00        0.00
     0     3      176.00      588.67        0.00
     0     3      176.67      584.67        0.00
     0     3      178.00      581.33        0.00
     0     3      178.67      578.00        0.00
     0     3      180.00      574.67        0.00
     0     3      181.33      571.33        0.00
     0     3      182.67      568.00        0.00
     0     3      184.67      565.33        0.00
     0     3      186.67      562.67        0.00
     0     3      188.67      560.00        0.00
     0     3      191.33      557.33        0.00
     0     3      194.00      554.67        0.00
     0     3      196.67      552.67        0.00
     0     3      199.33      550.00        0.00
     0     3      202.00      548.00        0.00
     0     3      204.67      546.00        0.00
     0     3      207.33      544.00        0.00
     0     3      210.00      541.33        0.00
     0     3      212.67      539.33        0.00
     0     3      215.33      536.67        0.00
     0     3      218.00      534.67        0.00
     0     3      221.33      533.33        0.00
     0     3      224.00      531.33        0.00
     0     3      227.33      530.00        0.00
     0     3      230.67      529.33        0.00
     0     3      234.00      528.67        0.00
     0     3      237.33      528.67        0.00
     0     3      240.67      528.00        0.00
     0     3      244.00      528.00        0.00
     0     3      248.00      528.00        0.00
     0     3      252.00      528.00        0.00
     0     3      256.00      528.67        0.00
     0     3      260.00      528.67        0.00
     0     3      264.00      529.33        0.00
     0     3      267.33      530.00        0.00
     0     3      271.33      530.67        0.00
     0     3      275.33      531.33        0.00
     0     3      278.67      532.00        0.00
     0     3      282.67      532.00        0.00
     0     3      286.00      532.67        0.00
     0     3      289.33      532.67        0.00
     0     3      292.67      532.67        0.00
     0     3      296.00      532.67        0.00
     0     3      300.00      533.33        0.00
     0     3      303.33      534.00        0.00
     0     3      308.00      534.67        0.00
     0     3      311.33      535.33        0.00
     0     3      314.67      536.00        0.00
     0     3      318.00      536.67        0.00
     0     3      322.00      537.33        0.00
     0     3      325.33      538.67        0.00
     0     3      328.67      539.33        0.00
     0     3      332.00      540.67        0.00
     0     3      335.33      542.00        0.00
     0     3      338.67      542.67        0.00
     0     3      342.00      544.67        0.00
     0     3      345.33      545.33        0.00
     0     3      348.67      547.33        0.00
     0     3      352.00      548.67        0.00
     0     3      355.33      550.00        0.00
     0     3      358.67      551.33        0.00
     0     3      362.00      552.00        0.00
     0     3      366.00      554.00        0.00
     0     3      370.00      555.33        0.00
     0     3      374.00      556.67        0.00
     0     3      377.33      558.00        0.00
     0     3      380.67      558.67        0.00
     0     3      384.00      559.33        0.00
     0     3      387.33      560.00        0.00
     0     3      390.67      560.67        0.00
     0     3      394.00      560.67        0.00
     0     3      397.33      560.67        0.00
     0     3      400.67      560.67        0.00
     0     3      404.00      560.67        0.00
     0     3      407.33      560.67        0.00
     0     3      410.67      560.67        0.00
     0     3      414.00      560.00        0.00
     0     3      417.33      559.33        0.00
     0     3      420.67      558.67        0.00
     0     3      431.00      555.50        0.00
     0     3      436.00      554.50        0.00
     0     3      438.50      553.50        0.00
     0     3      441.50      552.00        0.00
     0     3      444.00      551.50        0.00
     0     3      446.50      550.50        0.00
     0     3      449.00      549.00        0.00
     0     3      451.50      547.50        0.00
     0     3      453.50      546.00        0.00
     0     3      455.50      544.00        0.00
     0     3      457.50      542.00        0.00
     0     3      459.50      540.50        0.00
     0     3      461.50      539.00        0.00
     0     3      463.50      537.50        0.00
     0     3      466.00      536.50        0.00
     0     3      468.00      535.00        0.00
     0     3      470.50      533.50        0.00
     0     3      473.00      532.00        0.00
     0     3      475.00      530.50        0.00
     0     3      477.00      529.00        0.00
     0     3      479.50      528.00        0.00
     0     3      482.00      526.50        0.00
     0     3      484.50      525.50        0.00
     0     3      487.00      524.00        0.00
     0     3      489.50      523.00        0.00
     0     3      491.50      521.50        0.00
     0     3      494.00      520.50        0.00
     0     3      496.50      519.00        0.00
     0     3      499.50      517.50        0.00
     0     3      502.00      515.50        0.00
     0     3      505.50      513.50        0.00
     0     3      508.50      511.50        0.00
     0     3      511.50      509.00        0.00
     0     3      515.50      506.50        0.00
     0     3      518.50      504.00        0.00
     0     3      521.00      502.00        0.00
     0     3      525.00      500.00        0.00
     0     3      528.00      498.00        0.00
     0     3      532.00      496.00        0.00
     0     3      534.50      494.00        0.00
     0     3      537.50      492.50        0.00
     0     3      540.00      491.00        0.00
     0     3      542.50      489.50        0.00
     0     3      545.00      488.00        0.00
     0     3      547.50      486.50        0.00
     0     3      550.00      485.50        0.00
     0     3      552.00      484.00        0.00
     0     3      554.50      483.00        0.00
     0     3      557.00      482.00        0.00
     0     3      559.50      481.00        0.00
     0     3      561.50      479.50        0.00
     0     3      564.00      478.50        0.00
     0     3      567.50      477.50        0.00
     0     3      571.00      476.50        0.00
     0     3      574.50      475.00        0.00
     0     3      577.50      473.50        0.00
     0     3      580.00      472.00        0.00
     0     3      582.50      470.50        0.00
     0     3      585.00      469.50        0.00
     0     3      588.50      468.00        0.00
     0     3      591.00      467.00        0.00
     0     3      593.50      466.00        0.00
     0     3      598.00      464.50        0.00
     0     3      601.00      463.00        0.00
     0     3      604.00      462.00        0.00
     0     3      606.50      460.00        0.00
     0     3      611.00      457.50        0.00
     0     3      615.00      456.00        0.00
     0     3      618.50      454.00        0.00
     0     3      621.50      452.00        0.00
     0     3      624.50      451.00        0.00
     0     3      626.50      449.00        0.00
     0     3      628.50      447.50        0.00
     0     3      630.50      446.00        0.00
     0     3      633.00      444.50        0.00
     0     3      635.50      443.00        0.00
     0     3      638.50      442.50        0.00
     0     3      641.00      441.50        0.00
     0     3      643.50      440.50        0.00
     0     3      646.50      439.50        0.00
     0     3      649.00      439.00        0.00
     0     3      652.00      438.00        0.00
     0     3      654.50      437.00        0.00
     0     3      657.00      436.00        0.00
     0     3      659.50      435.00        0.00
     0     3      662.00      433.50        0.00
     0     3      665.00      432.50        0.00
     0     3      667.50      431.00        0.00
     0     3      670.00      430.00        0.00
     0     3      672.50      428.50        0.00
     0     3      674.50      427.00        0.00
     0     3      676.50      425.00        0.00
     0     3      678.50      423.50        0.00
     0     3      680.50      421.00        0.00
     0     3      683.00      419.50        0.00
     0     3      685.50      416.50        0.00
     0     3      687.00      414.50        0.00
     0     3      688.50      412.00        0.00
     0     3      691.00      409.50        0.00
     0     3      693.00      408.00        0.00
     0     3      696.50      406.00        0.00
     0     3      699.00      404.50        0.00
     0     3      701.50      403.00        0.00
     0     3      703.50      401.00        0.00
     0     3      705.50      399.50        0.00
     0     3      707.50      398.00        0.00
     0     3      709.50      396.00        0.00
     0     3      711.50      394.50        0.00
     0     3      712.50      392.00        0.00
     0     3      727.50      375.50        0.00
     0     3      731.50      372.00        0.00
     0     3      733.50      370.00        0.00
     0     3      735.50      368.50        0.00
     0     3      738.00      367.50        0.00
     0     3      740.50      366.00        0.00
     0     3      743.00      364.50        0.00
     0     3      745.50      362.50        0.00
     0     3      748.00      360.50        0.00
     0     3      751.00      357.00        0.00
     0     3      753.50      354.50        0.00
     0     3      755.50      352.50        0.00
     0     3      758.50      350.50        0.00
     0     3      761.00      348.50        0.00
     0     3      763.50      347.00        0.00
     0     3      767.50      345.00        0.00
     0     3      770.50      343.50        0.00
     0     3      775.50      341.00        0.00
     0     3      778.50      339.50        0.00
     0     3      782.00      338.50        0.00
     0     3      785.00      338.00        0.00
     0     3      787.50      337.00        0.00
     0     3      790.00      336.00        0.00
     0     3      792.50      335.50        0.00
     0     3      795.00      334.00        0.00
     0     3      797.50      333.00        0.00
     0     3      800.00      332.00        0.00
     0     3      802.00      330.50        0.00
     0     3      804.50      329.00        0.00
     0     3      807.00      328.50        0.00
     0     3      810.00      327.50        0.00
     0     3      812.50      327.00        0.00
     0     3      815.00      326.00        0.00
     0     3      817.50      325.50        0.00
     0     3      820.00      325.00        0.00
     0     3      823.00      324.00        0.00
     0     3      826.00      323.00        0.00
     0     3      828.50      322.00        0.00
     0     3      831.50      321.00        0.00
     0     3      834.00      320.50        0.00
     0     3      837.00      320.00        0.00
     0     3      840.00      319.50        0.00
     0     3      843.00      319.50        0.00
     0     3      846.00      319.50        0.00
     0     3      848.50      320.00        0.00
     0     3      851.00      320.00        0.00
     0     3      853.50      320.50        0.00
     0     3      856.00      320.50        0.00
     0     3      858.50      321.00        0.00
     0     3      861.00      322.00        0.00
     0     3      863.50      322.50        0.00
     0     3      866.00      322.50        0.00
     0     3      868.50      323.00        0.00
     0     3      871.00      323.50        0.00
     0     3      873.50      324.50        0.00
     0     3      876.00      325.50        0.00
     0     3      878.50      326.00        0.00
     0     3      881.00      327.50        0.00
     0     3      883.50      328.50        0.00
     0     3      886.00      330.00        0.00
     0     3      888.00      331.50        0.00
     0     3      890.00      333.00        0.00
     0     3      892.50      334.50        0.00
     0     3      894.50      336.00        0.00
     0     3      896.00      338.00        0.00
     0     3      897.50      340.00        0.00
     0     3      898.50      342.50        0.00
     0     3      899.50      345.00        0.00
     0     3      900.50      347.50        0.00
     0     3      901.50      350.00        0.00
     0     3      902.50      352.50        0.00
     0     3      903.00      355.00        0.00
     0     3      903.50      357.50        0.00
     0     3      904.00      360.00        0.00
     0     3      905.00      362.50        0.00
     0     3      905.00      365.00        0.00
     0     3      906.00      367.50        0.00
     0     3      906.00      370.00        0.00
     0     3      906.50      372.50        0.00
     0     3      906.50      375.00        0.00
     0     3      906.50      377.50        0.00
     0     3      907.00      380.00        0.00
     0     3      907.00      382.50        0.00
     0     3      907.00      385.00        0.00
     0     3      907.50      387.50        0.00
     0     3      907.00      390.00        0.00
     0     3      907.00      392.50        0.00
     0     3      907.00      395.00        0.00
     0     3      906.50      397.50        0.00
     0     3      906.00      400.00        0.00
     0     3      905.50      402.50        0.00
     0     3      905.00      405.00        0.00
     0     3      904.00      407.50        0.00
     0     3      903.50      410.00        0.00
     0     3      902.50      412.50        0.00
     0     3      901.50      415.00        0.00
     0     3      900.50      417.50        0.00
     0     3      899.50      420.00        0.00
     0     3      898.00      422.50        0.00
     0     3      896.50      424.50        0.00
     0     3      895.00      426.50        0.00
     0     3      893.50      428.50        0.00
     0     3      891.50      430.50        0.00
     0     3      889.50      432.50        0.00
     0     3      888.00      434.50        0.00
     0     3      886.00      436.50        0.00
     0     3      884.50      439.00        0.00
     0     3      883.00      441.00        0.00
     0     3      881.00      443.00        0.00
     0     3      879.50      445.00        0.00
     0     3      877.50      447.00        0.00
     0     3      875.50      448.50        0.00
     0     3      873.50      450.50        0.00
     0     3      871.50      452.50        0.00
     0     3      869.50      454.00        0.00
     0     3      867.50      455.50        0.00
     0     3      865.50      457.00        0.00
     0     3      864.00      459.00        0.00
     0     3      862.00      461.00        0.00
     0     3      860.00      463.00        0.00
     0     3      858.50      465.00        0.00
     0     3      857.00      467.00        0.00
     0     3      836.50      491.00        0.00
     0     3      835.00      494.50        0.00
     0     3      833.50      496.50        0.00
     0     3      832.00      498.50        0.00
     0     3      830.50      500.50        0.00
     0     3      828.50      502.50        0.00
     0     3      826.50      504.50        0.00
     0     3      824.50      506.50        0.00
     0     3      822.50      508.00        0.00
     0     3      820.50      510.00        0.00
     0     3      818.50      511.50        0.00
     0     3      816.50      513.00        0.00
     0     3      814.00      514.50        0.00
     0     3      812.00      516.00        0.00
     0     3      810.00      517.50        0.00
     0     3      807.50      518.50        0.00
     0     3      805.00      519.50        0.00
     0     3      803.00      521.00        0.00
     0     3      800.50      522.50        0.00
     0     3      798.00      523.50        0.00
     0     3      796.00      525.00        0.00
     0     3      794.00      526.50        0.00
     0     3      792.00      528.00        0.00
     0     3      790.00      529.50        0.00
     0     3      787.50      530.50        0.00
     0     3      785.00      532.00        0.00
     0     3      783.00      533.50        0.00
     0     3      780.50      535.00        0.00
     0     3      778.50      537.00        0.00
     0     3      776.50      539.00        0.00
     0     3      774.50      541.00        0.00
     0     3      772.50      542.50        0.00
     0     3      770.00      543.50        0.00
     0     3      768.00      545.00        0.00
     0     3      766.00      546.50        0.00
     0     3      763.50      547.50        0.00
     0     3      761.00      548.50        0.00
     0     3      758.50      549.50        0.00
     0     3      756.00      550.00        0.00
     0     3      753.50      551.00        0.00
     0     3      751.00      551.50        0.00
     0     3      749.00      553.00        0.00
     0     3      746.50      554.00        0.00
     0     3      744.00      555.00        0.00
     0     3      741.50      555.50        0.00
     0     3      739.00      556.50        0.00
     0     3      736.50      557.00        0.00
     0     3      734.00      558.00        0.00
     0     3      731.50      558.50        0.00
     0     3      729.00      559.00        0.00
     0     3      726.50      559.50        0.00
     0     3      674.50      578.50        0.00
     0     3      670.00      581.00        0.00
     0     3      667.50      582.00        0.00
     0     3      665.00      583.00        0.00
     0     3      663.00      584.50        0.00
     0     3      660.50      585.50        0.00
     0     3      658.50      587.00        0.00
     0     3      656.00      588.50        0.00
     0     3      654.00      590.00        0.00
     0     3      651.50      591.50        0.00
     0     3      649.00      593.00        0.00
     0     3      646.00      594.00        0.00
     0     3      643.50      595.50        0.00
     0     3      641.00      597.00        0.00
     0     3      638.00      598.50        0.00
     0     3      636.00      600.00        0.00
     0     3      633.00      601.00        0.00
     0     3      630.50      602.00        0.00
     0     3      628.00      603.50        0.00
     0     3      625.50      604.50        0.00
     0     3      623.00      605.50        0.00
     0     3      620.50      607.00        0.00
     0     3      618.00      607.50        0.00
     0     3      615.50      609.00        0.00
     0     3      613.00      609.50        0.00
     0     3      610.50      610.50        0.00
     0     3      607.50      612.00        0.00
     0     3      605.00      613.50        0.00
     0     3      602.50      614.50        0.00
     0     3      599.50      615.50        0.00
     0     3      596.50      617.00        0.00
     0     3      594.50      618.50        0.00
     0     3      592.00      620.00        0.00
     0     3      588.00      621.50        0.00
     0     3      585.00      623.00        0.00
     0     3      582.00      624.50        0.00
     0     3      580.00      626.00        0.00
     0     3      578.00      627.50        0.00
     0     3      575.00      629.00        0.00
     0     3      572.50      630.50        0.00
     0     3      569.00      632.00        0.00
     0     3      566.50      633.50        0.00
     0     3      564.50      635.00        0.00
     0     3      562.50      636.50        0.00
     0     3      558.50      638.00        0.00
     0     3      556.50      639.50        0.00
     0     3      554.50      641.50        0.00
     0     3      551.50      643.00        0.00
     0     3      549.00      644.50        0.00
     0     3      545.50      646.00        0.00
     0     3      543.00      647.00        0.00
     0     3      540.50      648.00        0.00
     0     3      538.00      649.00        0.00
     0     3      535.50      650.00        0.00
     0     3      533.00      650.50        0.00
     0     3      531.00      652.00        0.00
     0     3      528.50      653.00        0.00
     0     3      526.00      654.50        0.00
     0     3      523.50      655.50        0.00
     0     3      521.00      656.50        0.00
     0     3      518.50      657.50        0.00
     0     3      516.00      658.00        0.00
     0     3      478.00      675.00        0.00
     0     3      473.50      677.50        0.00
     0     3      471.00      679.00        0.00
     0     3      469.00      680.50        0.00
     0     3      467.00      682.00        0.00
     0     3      465.00      683.50        0.00
     0     3      462.50      685.00        0.00
     0     3      460.00      686.00        0.00
     0     3      457.50      687.50        0.00
     0     3      455.50      689.00        0.00
     0     3      453.50      690.50        0.00
     0     3      451.00      692.00        0.00
     0     3      449.00      693.50        0.00
     0     3      446.50      695.00        0.00
     0     3      444.00      696.50        0.00
     0     3      441.50      698.00        0.00
     0     3      439.50      699.50        0.00
     0     3      437.50      701.00        0.00
     0     3      435.00      702.50        0.00
     0     3      432.50      703.50        0.00
     0     3      430.00      705.00        0.00
     0     3      427.50      706.50        0.00
     0     3      425.00      708.00        0.00
     0     3      422.50      709.50        0.00
     0     3      419.50      711.00        0.00
     0     3      417.50      712.50        0.00
     0     3      415.00      714.00        0.00
     0     3      412.50      715.50        0.00
     0     3      410.00      716.50        0.00
     0     3      407.50      718.00        0.00
     0     3      405.00      719.00        0.00
     0     3      402.50      720.00        0.00
     0     3      400.00      721.00        0.00
     0     3      397.50      722.50        0.00
     0     3      395.50      724.00        0.00
     0     3      392.50      724.50        0.00
     0     3      390.00      725.50        0.00
     0     3      387.50      726.50        0.00
     0     3      385.00      727.50        0.00
     0     3      382.50      728.00        0.00
     0     3      380.00      728.50        0.00
     0     3      377.50      729.50        0.00
     0     3      375.00      730.50        0.00
     0     3      372.00      731.50        0.00
     0     3      369.50      732.00        0.00
     0     3      367.00      732.50        0.00
     0     3      364.50      733.00        0.00
     0     3      362.00      733.00        0.00
     0     3      359.50      733.50        0.00
     0     3      357.00      733.50        0.00
     0     4      763.00      917.00        0.00
     0     4      759.00      917.00        0.00
     0     4      756.00      916.00        0.00
     0     4      753.00      915.00        0.00
     0     4      750.00      914.00        0.00
     0     4      747.00      913.00        0.00
     0     4      744.00      911.00        0.00
     0     4      741.00      909.00        0.00
     0     4      738.00      907.00        0.00
     0     4      735.00      905.00        0.00
     0     4      732.00      903.00        0.00
     0     4      729.00      901.00        0.00
     0     4      726.00      898.00        0.00
     0     4      723.00      896.00        0.00
     0     4      720.00      893.00        0.00
     0     4      717.00      891.00        0.00
     0     4      715.00      888.00        0.00
     0     4      712.00      886.00        0.00
     0     4      711.00      883.00        0.00
     0     4      708.00      880.00        0.00
     0     4      705.00      877.00        0.00
     0     4      703.00      874.00        0.00
     0     4      700.00      872.00        0.00
     0     4      697.00      869.00        0.00
     0     4      694.00      867.00        0.00
     0     4      691.00      864.00        0.00
     0     4      688.00      861.00        0.00
     0     4      685.00      859.00        0.00
     0     4      682.00      856.00        0.00
     0     4      679.00      854.00        0.00
     0     4      676.00      852.00        0.00
     0     4      673.00      850.00        0.00
     0     4      670.00      848.00        0.00
     0     4      666.00      847.00        0.00
     0     4      662.00      845.00        0.00
     0     4      658.00      843.00        0.00
     0     4      654.00      842.00        0.00
     0     4      651.00      841.00        0.00
     0     4      647.00      841.00        0.00
     0     4      641.00      841.00        0.00
     0     4      636.00      842.00        0.00
     0     4      632.00      844.00        0.00
     0     4      627.00      846.00        0.00
     0     4      623.00      847.00        0.00
     0     4      618.00      849.00        0.00
     0     4      611.00      851.00        0.00
     0     4      606.00      853.00        0.00
     0     4      601.00      855.00        0.00
     0     4      596.00      859.00        0.00
     0     4      591.00      861.00        0.00
     0     4      585.00      865.00        0.00
     0     4      581.00      867.00        0.00
     0     4      577.00      870.00        0.00
     0     4      573.00      873.00        0.00
     0     4      569.00      876.00        0.00
     0     4      564.00      879.00        0.00
     0     4      561.00      881.00        0.00
     0     4      557.00      885.00        0.00
     0     4      553.00      887.00        0.00
     0     4      549.00      891.00        0.00
     0     4      545.00      893.00        0.00
     0     4      541.00      896.00        0.00
     0     4      537.00      899.00        0.00
     0     4      532.00      902.00        0.00
     0     4      526.00      906.00        0.00
     0     4      522.00      908.00        0.00
     0     4      517.00      912.00        0.00
     0     4      511.00      915.00        0.00
     0     4      504.00      919.00        0.00
     0     4      499.00      922.00        0.00
     0     4      494.00      925.00        0.00
     0     4      487.00      928.00        0.00
     0     4      481.00      931.00        0.00
     0     4      475.00      934.00        0.00
     0     4      470.00      937.00        0.00
     0     4      463.00      940.00        0.00
     0     4      457.00      943.00        0.00
     0     4      451.00      946.00        0.00
     0     4      448.00      949.00        0.00
     0     4      444.00      952.00        0.00
     0     4      439.00      956.00        0.00
     0     4      436.00      958.00        0.00
     0     4      432.00      960.00        0.00
     0     4      429.00      962.00        0.00
     0     4      424.00      964.00        0.00
     0     4      421.00      965.00        0.00
     0     4      417.00      966.00        0.00
     0     4      414.00      968.00        0.00
     0     4      411.00      969.00        0.00
     0     4      408.00      970.00        0.00
     0     4      405.00      972.00        0.00
     0     4      402.00      973.00        0.00
     0     4      399.00      974.00        0.00
     0     4      396.00      976.00        0.00
     0     4      393.00      977.00        0.00
     0     4      390.00      978.00        0.00
     0     4      387.00      979.00        0.00
     0     4      384.00      980.00        0.00
     0     4      381.00      981.00        0.00
     0     4      377.00      982.00        0.00
     0     4      373.00      982.00        0.00
     0     4      370.00      981.00        0.00
     0     4      367.00      980.00        0.00
     0     4      364.00      978.00        0.00
     0     4      362.00      975.00        0.00
     0     4      359.00      973.00        0.00
     0     4      357.00      970.00        0.00
     0     4      355.00      967.00        0.00
     0     4      353.00      964.00        0.00
     0     4      352.00      960.00        0.00
     0     4      350.00      954.00        0.00
     0     4      349.00      949.00        0.00
     0     4      347.00      942.00        0.00
     0     4      347.00      937.00        0.00
     0     4      347.00      932.00        0.00
     0     4      348.00      927.00        0.00
     0     4      350.00      921.00        0.00
     0     4      351.00      916.00        0.00
     0     4      353.00      911.00        0.00
     0     4      355.00      906.00        0.00
     0     4      358.00      901.00        0.00
     0     4      362.00      896.00        0.00
     0     4      366.00      892.00        0.00
     0     4      369.00      888.00        0.00
     0     4      372.00      883.00        0.00
     0     4      376.00      878.00        0.00
     0     4      379.00      875.00        0.00
     0     4      382.00      870.00        0.00
     0     4      384.00      867.00        0.00
     0     4      388.00      862.00        0.00
     0     4      390.00      859.00        0.00
     0     4      392.00      853.00        0.00
     0     4      395.00      849.00        0.00
     0     4      396.00      845.00        0.00
     0     4      399.00      840.00        0.00
     0     4      401.00      837.00        0.00
     0     4      403.00      833.00        0.00
     0     4      405.00      829.00        0.00
     0     4      407.00      826.00        0.00
     0     4      410.00      822.00        0.00
     0     4      413.00      819.00        0.00
     0     4      417.00      815.00        0.00
     0     4      420.00      812.00        0.00
     0     4      425.00      807.00        0.00
     0     4      430.00      803.00        0.00
     0     4      434.00      799.00        0.00
     0     4      439.00      795.00        0.00
     0     4      444.00      791.00        0.00
     0     4      450.00      788.00        0.00
     0     4      454.00      784.00        0.00
     0     4      459.00      780.00        0.00
     0     4      464.00      777.00        0.00
     0     4      470.00      773.00        0.00
     0     4      476.00      769.00        0.00
     0     4      481.00      766.00        0.00
     0     4      487.00      762.00        0.00
     0     4      492.00      759.00        0.00
     0     4      500.00      756.00        0.00
     0     4      504.00      754.00        0.00
     0     4      509.00      752.00        0.00
     0     4      515.00      750.00        0.00
     0     4      519.00      749.00        0.00
     0     4      525.00      747.00        0.00
     0     4      529.00      745.00        0.00
     0     4      534.00      744.00        0.00
     0     4      537.00      743.00        0.00
     0     4      541.00      742.00        0.00
     0     4      544.00      741.00        0.00
     0     4      548.00      741.00        0.00
     0     4      553.00      740.00        0.00
     0     4      557.00      740.00        0.00
     0     4      562.00      739.00        0.00
     0     4      567.00      739.00        0.00
     0     4      573.00      738.00        0.00
     0     4      578.00      737.00        0.00
     0     4      586.00      736.00        0.00
     0     4      593.00      735.00        0.00
     0     4      599.00      734.00        0.00
     0     4      607.00      733.00        0.00
     0     4      613.00      731.00        0.00
     0     4      621.00      729.00        0.00
     0     4      627.00      727.00        0.00
     0     4      637.00      725.00        0.00
     0     4      645.00      724.00        0.00
     0     4      653.00      722.00        0.00
     0     4      659.00      721.00        0.00
     0     4      667.00      719.00        0.00
     0     4      672.00      718.00        0.00
     0     4      677.00      717.00        0.00
     0     4      683.00      714.00        0.00
     0     4      687.00      712.00        0.00
     0     4      691.00      711.00        0.00
     0     4      694.00      710.00        0.00
     0     4      697.00      709.00        0.00
     0     4      700.00      708.00        0.00
     0     4      704.00      708.00        0.00
     0     4      708.00      707.00        0.00
     0     4      712.00      707.00        0.00
     0     4      717.00      707.00        0.00
     0     4      722.00      707.00        0.00
     0     4      728.00      707.00        0.00
     0     4      733.00      707.00        0.00
     0     4      738.00      707.00        0.00
     0     4      742.00      707.00        0.00
     0     4      746.00      707.00        0.00
     0     4      750.00      708.00        0.00
     0     4      754.00      708.00        0.00
     0     4      760.00      708.00        0.00
     0     4      765.00      709.00        0.00
     0     4      770.00      709.00        0.00
     0     4      774.00      709.00        0.00
     0     4      778.00      709.00        0.00
     0     4      782.00      709.00        0.00
     0     4      786.00      709.00        0.00
     0     4      790.00      710.00        0.00
     0     4      793.00      711.00        0.00
     0     4      796.00      712.00        0.00
     0     4      799.00      714.00        0.00
     0     4      803.00      715.00        0.00
     0     4      806.00      718.00        0.00
     0     4      812.00      720.00        0.00
     0     4      821.00      724.00        0.00
     0     4      826.00      727.00        0.00
     0     4      829.00      729.00        0.00
     0     4      832.00      732.00        0.00
     0     4      835.00      734.00        0.00
     0     4      840.00      737.00        0.00
     0     4      844.00      740.00        0.00
     0     4      848.00      742.00        0.00
     0     4      851.00      744.00        0.00
     0     4      855.00      747.00        0.00
     0     4      858.00      749.00        0.00
     0     4      861.00      751.00        0.00
     0     4      864.00      753.00        0.00
     0     4      866.00      756.00        0.00
     0     4      869.00      760.00        0.00
     0     4      871.00      763.00        0.00
     0     4      874.00      765.00        0.00
     0     4      876.00      769.00        0.00
     0     4      877.00      774.00        0.00
     0     4      878.00      777.00        0.00
     0     4      879.00      781.00        0.00
     0     4      880.00      785.00        0.00
     0     4      881.00      788.00        0.00
     0     4      881.00      792.00        0.00
     0     4      882.00      795.00        0.00
     0     4      883.00      799.00        0.00
     0     4      883.00      803.00        0.00
     0     4      884.00      806.00        0.00
     0     4      884.00      810.00        0.00
     0     4      884.00      814.00        0.00
     0     4      884.00      818.00        0.00
     0     4      883.00      821.00        0.00
     0     4      883.00      825.00        0.00
     0     4      882.00      828.00        0.00
     0     4      881.00      831.00        0.00
     0     4      879.00      834.00        0.00
     0     4      878.00      837.00        0.00
     0     4      877.00      840.00        0.00
     0     4      875.00      843.00        0.00
     0     4      873.00      846.00        0.00
     0     4      872.00      849.00        0.00
     0     4      870.00      852.00        0.00
     0     4      868.00      855.00        0.00
     0     4      866.00      858.00        0.00
     0     4      863.00      860.00        0.00
     0     4      860.00      862.00        0.00
     0     4      857.00      865.00        0.00
     0     4      854.00      868.00        0.00
     0     4      851.00      870.00        0.00
     0     4      848.00      873.00        0.00
     0     4      845.00      874.00        0.00
     0     4      842.00      876.00        0.00
     0     4      839.00      878.00        0.00
     0     4      836.00      880.00        0.00
     0     4      833.00      882.00        0.00
     0     4      830.00      885.00        0.00
     0     4      827.00      887.00        0.00
     0     4      824.00      889.00        0.00
     0     4      821.00      890.00        0.00
     0     4      818.00      892.00        0.00
     0     4      815.00      893.00        0.00
     0     4      812.00      894.00        0.00
     0     4      809.00      896.00        0.00
     0     4      806.00      897.00        0.00
     0     4      803.00      899.00        0.00
     0     4      800.00      900.00        0.00
     0     4      797.00      902.00        0.00
     0     4      794.00      904.00        0.00
     0     4      791.00      905.00        0.00
     0     4      788.00      906.00        0.00
     0     5      941.00      993.00        0.00
     0     5      936.00      993.00        0.00
     0     5      932.00      993.00        0.00
     0     5      928.00      993.00        0.00
     0     5      924.00      993.00        0.00
     0     5      920.00      993.00        0.00
     0     5      916.00      993.00        0.00
     0     5      912.00      993.00        0.00
     0     5      908.00      993.00        0.00
     0     5      905.00      992.00        0.00
     0     5      902.00      991.00        0.00
     0     5      898.00      991.00        0.00
     0     5      895.00      990.00        0.00
     0     5      892.00      989.00        0.00
     0     5      889.00      987.00        0.00
     0     5      886.00      986.00        0.00
     0     5      883.00      984.00        0.00
     0     5      880.00      983.00        0.00
     0     5      878.00      980.00        0.00
     0     5      875.00      978.00        0.00
     0     5      873.00      975.00        0.00
     0     5      871.00      972.00        0.00
     0     5      869.00      969.00        0.00
     0     5      867.00      966.00        0.00
     0     5      866.00      963.00        0.00
     0     5      865.00      960.00        0.00
     0     5      864.00      957.00        0.00
     0     5      863.00      953.00        0.00
     0     5      862.00      949.00        0.00
     0     5      862.00      945.00        0.00
     0     5      861.00      941.00        0.00
     0     5      860.00      937.00        0.00
     0     5      859.00      933.00        0.00
     0     5      859.00      929.00        0.00
     0     5      859.00      925.00        0.00
     0     5      859.00      921.00        0.00
     0     5      859.00      917.00        0.00
     0     5      859.00      913.00        0.00
     0     5      859.00      909.00        0.00
     0     5      859.00      905.00        0.00
     0     5      860.00      902.00        0.00
     0     5      861.00      899.00        0.00
     0     5      862.00      896.00        0.00
     0     5      863.00      893.00        0.00
     0     5      864.00      890.00        0.00
     0     5      865.00      887.00        0.00
     0     5      867.00      884.00        0.00
     0     5      869.00      881.00        0.00
     0     5      871.00      878.00        0.00
     0     5      872.00      875.00        0.00
     0     5      874.00      872.00        0.00
     0     5      875.00      869.00        0.00
     0     5      877.00      866.00        0.00
     0     5      878.00      863.00        0.00
     0     5      879.00      860.00        0.00
     0     5      881.00      857.00        0.00
     0     5      883.00      854.00        0.00
     0     5      884.00      851.00        0.00
     0     5      886.00      848.00        0.00
     0     5      889.00      845.00        0.00
     0     5      892.00      843.00        0.00
     0     5      895.00      841.00        0.00
     0     5      898.00      839.00        0.00
     0     5      901.00      837.00        0.00
     0     5      904.00      836.00        0.00
     0     5      907.00      835.00        0.00
     0     5      910.00      833.00        0.00
     0     5      913.00      832.00        0.00
     0     5      916.00      831.00        0.00
     0     5      919.00      830.00        0.00
     0     5      922.00      828.00        0.00
     0     5      925.00      827.00        0.00
     0     5      929.00      826.00        0.00
     0     5      933.00      825.00        0.00
     0     5      937.00      825.00        0.00
     0     5      940.00      824.00        0.00
     0     5      943.00      823.00        0.00
     0     5      947.00      823.00        0.00
     0     5      951.00      822.00        0.00
     0     5      955.00      822.00        0.00
     0     5      958.00      821.00        0.00
     0     5      962.00      821.00        0.00
     0     5      965.00      820.00        0.00
     0     5      969.00      820.00        0.00
     0     5      972.00      819.00        0.00
     0     5      976.00      819.00        0.00
     0     5      980.00      819.00        0.00
     0     5      984.00      819.00        0.00
     0     5      988.00      819.00        0.00
     0     5      992.00      820.00        0.00
     0     5      995.00      821.00        0.00
     0     5      999.00      821.00        0.00
     0     5     1002.00      823.00        0.00
     0     5     1005.00      825.00        0.00
     0     5     1008.00      827.00        0.00
     0     5     1011.00      829.00        0.00
     0     5     1014.00      831.00        0.00
     0     5     1016.00      834.00        0.00
     0     5     1019.00      836.00        0.00
     0     5     1021.00      839.00        0.00
     0     5     1024.00      842.00        0.00
     0     5     1026.00      845.00        0.00
     0     5     1029.00      848.00        0.00
     0     5     1031.00      851.00        0.00
     0     5     1033.00      854.00        0.00
     0     5     1035.00      857.00        0.00
     0     5     1036.00      860.00        0.00
     0     5     1037.00      863.00        0.00
     0     5     1038.00      866.00        0.00
     0     5     1039.00      869.00        0.00
     0     5     1040.00      872.00        0.00
     0     5     1040.00      876.00        0.00
     0     5     1041.00      879.00        0.00
     0     5     1042.00      883.00        0.00
     0     5     1042.00      887.00        0.00
     0     5     1042.00      891.00        0.00
     0     5     1042.00      895.00        0.00
     0     5     1042.00      899.00        0.00
     0     5     1042.00      903.00        0.00
     0     5     1042.00      907.00        0.00
     0     5     1042.00      911.00        0.00
     0     5     1041.00      914.00        0.00
     0     5     1040.00      917.00        0.00
     0     5     1039.00      921.00        0.00
     0     5     1038.00      924.00        0.00
     0     5     1037.00      927.00        0.00
     0     5     1036.00      930.00        0.00
     0     5     1035.00      933.00        0.00
     0     5     1033.00      936.00        0.00
     0     5     1031.00      939.00        0.00
     0     5     1029.00      942.00        0.00
     0     5     1026.00      943.00        0.00
     0     5     1023.00      945.00        0.00
     0     5     1020.00      947.00        0.00
     0     5     1017.00      949.00        0.00
     0     5     1014.00      951.00        0.00
     0     5     1011.00      953.00        0.00
     0     5     1008.00      956.00        0.00
     0     5     1005.00      958.00        0.00
     0     5     1002.00      960.00        0.00
     0     5      999.00      962.00        0.00
     0     5      996.00      964.00        0.00
     0     5      993.00      966.00        0.00
     0     5      991.00      969.00        0.00
     0     5      988.00      970.00        0.00
     0     5      985.00      971.00        0.00
     0     5      981.00      971.00        0.00
     0     5      978.00      972.00        0.00
     0     5      975.00      974.00        0.00
     0     5      972.00      977.00        0.00
     0     5      969.00      979.00        0.00
     0     5      967.00      982.00        0.00
     0     5      964.00      983.00        0.00
     0     6     1096.00     1035.00        0.00
     0     6     1097.00     1032.00        0.00
     0     6     1098.00     1029.00        0.00
     0     6     1100.00     1026.00        0.00
     0     6     1101.00     1023.00        0.00
     0     6     1103.00     1020.00        0.00
     0     6     1106.00     1017.00        0.00
     0     6     1107.00     1014.00        0.00
     0     6     1110.00     1012.00        0.00
     0     6     1113.00     1009.00        0.00
     0     6     1116.00     1007.00        0.00
     0     6     1119.00     1005.00        0.00
     0     6     1122.00     1003.00        0.00
     0     6     1125.00     1001.00        0.00
     0     6     1128.00      999.00        0.00
     0     6     1131.00      998.00        0.00
     0     6     1134.00      996.00        0.00
     0     6     1137.00      994.00        0.00
     0     6     1140.00      991.00        0.00
     0     6     1143.00      989.00        0.00
     0     6     1146.00      987.00        0.00
     0     6     1149.00      985.00        0.00
     0     6     1152.00      982.00        0.00
     0     6     1155.00      980.00        0.00
     0     6     1158.00      978.00        0.00
     0     6     1161.00      976.00        0.00
     0     6     1164.00      974.00        0.00
     0     6     1167.00      972.00        0.00
     0     6     1170.00      970.00        0.00
     0     6     1173.00      969.00        0.00
     0     6     1176.00      967.00        0.00
     0     6     1179.00      966.00        0.00
     0     6     1182.00      965.00        0.00
     0     6     1185.00      964.00        0.00
     0     6     1188.00      963.00        0.00
     0     6     1191.00      962.00        0.00
     0     6     1195.00      961.00        0.00
     0     6     1198.00      960.00        0.00
     0     6     1202.00      960.00        0.00
     0     6     1206.00      960.00        0.00
     0     6     1209.00      959.00        0.00
     0     6     1213.00      959.00        0.00
     0     6     1216.00      958.00        0.00
     0     6     1220.00      958.00        0.00
     0     6     1224.00      958.00        0.00
     0     6     1228.00      958.00        0.00
     0     6     1232.00      958.00        0.00
     0     6     1236.00      958.00        0.00
     0     6     1239.00      959.00        0.00
     0     6     1242.00      960.00        0.00
     0     6     1245.00      961.00        0.00
     0     6     1248.00      962.00        0.00
     0     6     1251.00      963.00        0.00
     0     6     1254.00      964.00        0.00
     0     6     1257.00      966.00        0.00
     0     6     1260.00      968.00        0.00
     0     6     1263.00      970.00        0.00
     0     6     1265.00      973.00        0.00
     0     6     1268.00      975.00        0.00
     0     6     1269.00      978.00        0.00
     0     6     1272.00      981.00        0.00
     0     6     1273.00      984.00        0.00
     0     6     1275.00      987.00        0.00
     0     6     1277.00      990.00        0.00
     0     6     1279.00      993.00        0.00
     0     6     1280.00      996.00        0.00
     0     6     1281.00      999.00        0.00
     0     6     1282.00     1002.00        0.00
     0     6     1283.00     1005.00        0.00
     0     6     1283.00     1009.00        0.00
     0     6     1283.00     1013.00        0.00
     0     6     1283.00     1017.00        0.00
     0     6     1282.00     1020.00        0.00
     0     6     1282.00     1024.00        0.00
     0     6     1282.00     1028.00        0.00
     0     6     1281.00     1031.00        0.00
     0     6     1280.00     1034.00        0.00
     1     0      890.33      845.00        0.00
     1     0      888.33      847.67        0.00
     1     0      885.00      849.00        0.00
     1     0      881.67      849.00        0.00
     1     0      878.33      847.67        0.00
     1     0      877.67      844.33        0.00
     1     0      878.33      841.00        0.00
     1     0      879.67      837.67        0.00
     1     0      882.33      835.67        0.00
     1     0      885.67      834.33        0.00
     1     0      889.00      835.00        0.00
     1     0      890.33      838.33        0.00
     1     1      257.67      364.67        0.00
     1     1      254.33      364.67        0.00
     1     1      251.00      364.00        0.00
     1     1      248.33      361.33        0.00
     1     1      247.67      358.00        0.00
     1     1      248.33      354.67        0.00
     1     1      251.00      352.00        0.00
     1     1      254.33      350.67        0.00
     1     1      257.67      350.67        0.00
     1     1      259.67      354.00        0.00
     1     1      260.33      357.33        0.00
     1     1      260.33      360.67        0.00
