     0     0      310.00      111.00        0.00
     0     0      307.00      113.00        0.00
     0     0      304.00      114.00        0.00
     0     0      301.00      115.00        0.00
     0     0      298.00      116.00        0.00
     0     0      295.00      117.00        0.00
     0     0      292.00      118.00        0.00
     0     0      288.00      119.00        0.00
     0     0      284.00      119.00        0.00
     0     0      279.00      119.00        0.00
     0     0      276.00      120.00        0.00
     0     0      271.00      121.00        0.00
     0     0      267.00      121.00        0.00
     0     0      262.00      121.00        0.00
     0     0      258.00      121.00        0.00
     0     0      253.00      120.00        0.00
     0     0      248.00      119.00        0.00
     0     0      244.00      118.00        0.00
     0     0      239.00      117.00        0.00
     0     0      236.00      115.00        0.00
     0     0      232.00      112.00        0.00
     0     0      229.00      110.00        0.00
     0     0      226.00      107.00        0.00
     0     0      223.00      105.00        0.00
     0     0      220.00      101.00        0.00
     0     0      217.00       98.00        0.00
     0     0      213.00       96.00        0.00
     0     0      210.00       93.00        0.00
     0     0      208.00       90.00        0.00
     0     0      205.00       87.00        0.00
     0     0      203.00       84.00        0.00
     0     0      201.00       81.00        0.00
     0     0      198.00       79.00        0.00
     0     0      197.00       76.00        0.00
     0     0      195.00       73.00        0.00
     0     0      193.00       70.00        0.00
     0     0      192.00       67.00        0.00
     0     0      191.00       64.00        0.00
     0     0      190.00       61.00        0.00
     0     0      190.00       57.00        0.00
     0     0      190.00       53.00        0.00
     0     0      190.00       49.00        0.00
     0     0      190.00       45.00        0.00
     0     0      190.00       41.00        0.00
     0     0      191.00       38.00        0.00
     0     0      192.00       35.00        0.00
     0     0      193.00       32.00        0.00
     0     0      194.00       29.00        0.00
     0     0      195.00       26.00        0.00
     0     0      196.00       23.00        0.00
     0     0      197.00       20.00        0.00
     0     0      198.00       17.00        0.00
     0     0      198.00       13.00        0.00
     0     0      200.00       10.00        0.00
     0     0      201.00        7.00        0.00
     0     0      202.00        4.00        0.00
     0     0      203.00        1.00        0.00
     0     0      320.00        2.00        0.00
     0     0      320.00        6.00        0.00
     0     0      323.00        9.00        0.00
     0     0      325.00       12.00        0.00
     0     0      326.00       15.00        0.00
     0     0      328.00       18.00        0.00
     0     0      330.00       21.00        0.00
     0     0      331.00       24.00        0.00
     0     0      333.00       27.00        0.00
     0     0      334.00       30.00        0.00
     0     0      335.00       34.00        0.00
     0     0      336.00       38.00        0.00
     0     0      337.00       43.00        0.00
     0     0      338.00       47.00        0.00
     0     0      340.00       52.00        0.00
     0     0      340.00       56.00        0.00
     0     0      341.00       60.00        0.00
     0     0      341.00       65.00        0.00
     0     0      342.00       69.00        0.00
     0     0      342.00       74.00        0.00
     0     0      342.00       78.00        0.00
     0     0      342.00       82.00        0.00
     0     0      341.00       85.00        0.00
     0     0      340.00       88.00        0.00
     0     0      339.00       91.00        0.00
     0     0      337.00       94.00        0.00
     0     0      336.00       97.00        0.00
     0     0      334.00      100.00        0.00
     0     0      332.00      103.00        0.00
     0     0      329.00      106.00        0.00
     0     1      214.00      802.00        0.00
     0     1      210.00      804.00        0.00
     0     1      207.00      805.00        0.00
     0     1      204.00      806.00        0.00
     0     1      200.00      806.00        0.00
     0     1      196.00      806.00        0.00
     0     1      192.00      806.00        0.00
     0     1      189.00      805.00        0.00
     0     1      186.00      804.00        0.00
     0     1      182.00      803.00        0.00
     0     1      179.00      802.00        0.00
     0     1      176.00      800.00        0.00
     0     1      173.00      797.00        0.00
     0     1      170.00      794.00        0.00
     0     1      168.00      791.00        0.00
     0     1      166.00      788.00        0.00
     0     1      164.00      785.00        0.00
     0     1      161.00      782.00        0.00
     0     1      159.00      779.00        0.00
     0     1      158.00      776.00        0.00
     0     1      156.00      773.00        0.00
     0     1      154.00      770.00        0.00
     0     1      153.00      767.00        0.00
     0     1      151.00      762.00        0.00
     0     1      150.00      756.00        0.00
     0     1      148.00      752.00        0.00
     0     1      146.00      746.00        0.00
     0     1      145.00      742.00        0.00
     0     1      144.00      739.00        0.00
     0     1      143.00      736.00        0.00
     0     1      142.00      733.00        0.00
     0     1      141.00      729.00        0.00
     0     1      140.00      726.00        0.00
     0     1      140.00      722.00        0.00
     0     1      140.00      718.00        0.00
     0     1      141.00      715.00        0.00
     0     1      142.00      712.00        0.00
     0     1      143.00      709.00        0.00
     0     1      145.00      706.00        0.00
     0     1      147.00      703.00        0.00
     0     1      149.00      700.00        0.00
     0     1      151.00      697.00        0.00
     0     1      153.00      694.00        0.00
     0     1      154.00      691.00        0.00
     0     1      156.00      688.00        0.00
     0     1      158.00      685.00        0.00
     0     1      159.00      682.00        0.00
     0     1      161.00      679.00        0.00
     0     1      162.00      676.00        0.00
     0     1      164.00      672.00        0.00
     0     1      165.00      669.00        0.00
     0     1      166.00      665.00        0.00
     0     1      167.00      661.00        0.00
     0     1      168.00      658.00        0.00
     0     1      169.00      654.00        0.00
     0     1      170.00      650.00        0.00
     0     1      171.00      646.00        0.00
     0     1      172.00      643.00        0.00
     0     1      173.00      639.00        0.00
     0     1      173.00      635.00        0.00
     0     1      174.00      632.00        0.00
     0     1      175.00      629.00        0.00
     0     1      176.00      626.00        0.00
     0     1      177.00      623.00        0.00
     0     1      177.00      619.00        0.00
     0     1      178.00      616.00        0.00
     0     1      178.00      612.00        0.00
     0     1      179.00      609.00        0.00
     0     1      179.00      605.00        0.00
     0     1      179.00      601.00        0.00
     0     1      179.00      597.00        0.00
     0     1      179.00      593.00        0.00
     0     1      179.00      589.00        0.00
     0     1      179.00      585.00        0.00
     0     1      179.00      580.00        0.00
     0     1      179.00      574.00        0.00
     0     1      179.00      569.00        0.00
     0     1      179.00      565.00        0.00
     0     1      180.00      561.00        0.00
     0     1      180.00      556.00        0.00
     0     1      180.00      552.00        0.00
     0     1      181.00      549.00        0.00
     0     1      181.00      545.00        0.00
     0     1      181.00      541.00        0.00
     0     1      181.00      537.00        0.00
     0     1      182.00      534.00        0.00
     0     1      183.00      530.00        0.00
     0     1      184.00      527.00        0.00
     0     1      185.00      524.00        0.00
     0     1      186.00      521.00        0.00
     0     1      187.00      518.00        0.00
     0     1      189.00      515.00        0.00
     0     1      192.00      512.00        0.00
     0     1      195.00      509.00        0.00
     0     1      198.00      506.00        0.00
     0     1      201.00      503.00        0.00
     0     1      205.00      501.00        0.00
     0     1      208.00      500.00        0.00
     0     1      211.00      499.00        0.00
     0     1      215.00      499.00        0.00
     0     1      219.00      499.00        0.00
     0     1      223.00      499.00        0.00
     0     1      226.00      501.00        0.00
     0     1      229.00      503.00        0.00
     0     1      232.00      506.00        0.00
     0     1      235.00      509.00        0.00
     0     1      237.00      512.00        0.00
     0     1      239.00      515.00        0.00
     0     1      240.00      518.00        0.00
     0     1      241.00      521.00        0.00
     0     1      243.00      524.00        0.00
     0     1      244.00      528.00        0.00
     0     1      245.00      532.00        0.00
     0     1      246.00      535.00        0.00
     0     1      247.00      539.00        0.00
     0     1      248.00      542.00        0.00
     0     1      249.00      546.00        0.00
     0     1      250.00      549.00        0.00
     0     1      251.00      552.00        0.00
     0     1      252.00      556.00        0.00
     0     1      254.00      559.00        0.00
     0     1      255.00      562.00        0.00
     0     1      257.00      565.00        0.00
     0     1      258.00      568.00        0.00
     0     1      260.00      572.00        0.00
     0     1      262.00      575.00        0.00
     0     1      263.00      578.00        0.00
     0     1      264.00      582.00        0.00
     0     1      266.00      585.00        0.00
     0     1      267.00      588.00        0.00
     0     1      268.00      592.00        0.00
     0     1      270.00      595.00        0.00
     0     1      271.00      598.00        0.00
     0     1      272.00      601.00        0.00
     0     1      273.00      604.00        0.00
     0     1      274.00      607.00        0.00
     0     1      275.00      610.00        0.00
     0     1      276.00      614.00        0.00
     0     1      277.00      617.00        0.00
     0     1      277.00      621.00        0.00
     0     1      278.00      624.00        0.00
     0     1      279.00      627.00        0.00
     0     1      280.00      631.00        0.00
     0     1      280.00      635.00        0.00
     0     1      281.00      638.00        0.00
     0     1      281.00      642.00        0.00
     0     1      281.00      646.00        0.00
     0     1      281.00      650.00        0.00
     0     1      281.00      654.00        0.00
     0     1      280.00      657.00        0.00
     0     1      280.00      661.00        0.00
     0     1      279.00      664.00        0.00
     0     1      278.00      669.00        0.00
     0     1      278.00      673.00        0.00
     0     1      277.00      677.00        0.00
     0     1      276.00      681.00        0.00
     0     1      274.00      684.00        0.00
     0     1      273.00      688.00        0.00
     0     1      272.00      692.00        0.00
     0     1      271.00      696.00        0.00
     0     1      270.00      699.00        0.00
     0     1      269.00      702.00        0.00
     0     1      268.00      705.00        0.00
     0     1      267.00      708.00        0.00
     0     1      267.00      712.00        0.00
     0     1      267.00      716.00        0.00
     0     1      267.00      720.00        0.00
     0     1      266.00      723.00        0.00
     0     1      265.00      727.00        0.00
     0     1      264.00      731.00        0.00
     0     1      263.00      734.00        0.00
     0     1      262.00      737.00        0.00
     0     1      261.00      740.00        0.00
     0     1      260.00      743.00        0.00
     0     1      259.00      746.00        0.00
     0     1      258.00      749.00        0.00
     0     1      257.00      752.00        0.00
     0     1      256.00      755.00        0.00
     0     1      255.00      758.00        0.00
     0     1      254.00      761.00        0.00
     0     1      253.00      765.00        0.00
     0     1      252.00      769.00        0.00
     0     1      251.00      772.00        0.00
     0     1      250.00      775.00        0.00
     0     1      249.00      778.00        0.00
     0     1      248.00      781.00        0.00
     0     1      246.00      784.00        0.00
     0     1      244.00      787.00        0.00
     0     1      242.00      790.00        0.00
     0     1      239.00      792.00        0.00
     0     1      236.00      794.00        0.00
     0     1      233.00      796.00        0.00
     0     2        2.00      962.00        0.00
     0     2        5.00      965.00        0.00
     0     2        8.00      966.00        0.00
     0     2       11.00      967.00        0.00
     0     2       14.00      968.00        0.00
     0     2       17.00      969.00        0.00
     0     2       21.00      969.00        0.00
     0     2       25.00      969.00        0.00
     0     2       28.00      968.00        0.00
     0     2       31.00      966.00        0.00
     0     2       34.00      964.00        0.00
     0     2       36.00      961.00        0.00
     0     2       39.00      959.00        0.00
     0     2       42.00      957.00        0.00
     0     2       43.00      954.00        0.00
     0     2       45.00      951.00        0.00
     0     2       47.00      948.00        0.00
     0     2       48.00      945.00        0.00
     0     2       50.00      942.00        0.00
     0     2       51.00      939.00        0.00
     0     2       52.00      936.00        0.00
     0     2       53.00      933.00        0.00
     0     2       55.00      930.00        0.00
     0     2       56.00      927.00        0.00
     0     2       58.00      924.00        0.00
     0     2       60.00      921.00        0.00
     0     2       63.00      919.00        0.00
     0     2       65.00      916.00        0.00
     0     2       68.00      914.00        0.00
     0     2       69.00      911.00        0.00
     0     2       72.00      909.00        0.00
     0     2       73.00      906.00        0.00
     0     2       76.00      904.00        0.00
     0     2       77.00      901.00        0.00
     0     2       79.00      898.00        0.00
     0     2       80.00      895.00        0.00
     0     2       81.00      892.00        0.00
     0     2       82.00      889.00        0.00
     0     2       82.00      885.00        0.00
     0     2       82.00      881.00        0.00
     0     2       82.00      877.00        0.00
     0     2       82.00      873.00        0.00
     0     2       82.00      869.00        0.00
     0     2       82.00      865.00        0.00
     0     2       82.00      861.00        0.00
     0     2       82.00      857.00        0.00
     0     2       82.00      853.00        0.00
     0     2       81.00      850.00        0.00
     0     2       81.00      846.00        0.00
     0     2       80.00      843.00        0.00
     0     2       79.00      840.00        0.00
     0     2       78.00      837.00        0.00
     0     2       77.00      834.00        0.00
     0     2       76.00      831.00        0.00
     0     2       74.00      828.00        0.00
     0     2       72.00      825.00        0.00
     0     2       70.00      822.00        0.00
     0     2       68.00      819.00        0.00
     0     2       66.00      816.00        0.00
     0     2       64.00      813.00        0.00
     0     2       62.00      810.00        0.00
     0     2       61.00      807.00        0.00
     0     2       60.00      804.00        0.00
     0     2       58.00      801.00        0.00
     0     2       56.00      798.00        0.00
     0     2       53.00      796.00        0.00
     0     2       50.00      793.00        0.00
     0     2       47.00      792.00        0.00
     0     2       43.00      792.00        0.00
     0     2       40.00      791.00        0.00
     0     2       36.00      791.00        0.00
     0     2       32.00      791.00        0.00
     0     2       28.00      791.00        0.00
     0     2       24.00      791.00        0.00
     0     2       20.00      791.00        0.00
     0     2       17.00      792.00        0.00
     0     2       13.00      793.00        0.00
     0     2       10.00      794.00        0.00
     0     2        7.00      796.00        0.00
     0     2        4.00      797.00        0.00
     0     2        2.00      800.00        0.00
