     0     0      849.33      386.67        0.00
     0     0      846.67      388.67        0.00
     0     0      843.33      390.00        0.00
     0     0      840.00      390.00        0.00
     0     0      836.67      389.33        0.00
     0     0      833.33      388.00        0.00
     0     0      830.67      386.00        0.00
     0     0      828.67      383.33        0.00
     0     0      826.00      381.33        0.00
     0     0      824.00      378.67        0.00
     0     0      822.00      376.00        0.00
     0     0      820.00      373.33        0.00
     0     0      818.67      370.00        0.00
     0     0      816.67      367.33        0.00
     0     0      815.33      364.00        0.00
     0     0      814.00      360.67        0.00
     0     0      812.00      357.33        0.00
     0     0      810.00      354.00        0.00
     0     0      808.00      350.67        0.00
     0     0      806.67      347.33        0.00
     0     0      805.33      344.00        0.00
     0     0      805.33      340.67        0.00
     0     0      805.33      337.33        0.00
     0     0      805.33      334.00        0.00
     0     0      805.33      330.67        0.00
     0     0      805.33      327.33        0.00
     0     0      805.33      324.00        0.00
     0     0      804.67      320.67        0.00
     0     0      804.67      317.33        0.00
     0     0      804.67      314.00        0.00
     0     0      804.67      310.67        0.00
     0     0      806.00      307.33        0.00
     0     0      806.67      304.00        0.00
     0     0      808.00      300.67        0.00
     0     0      809.33      297.33        0.00
     0     0      811.33      294.67        0.00
     0     0      812.00      291.33        0.00
     0     0      812.67      288.00        0.00
     0     0      813.33      284.67        0.00
     0     0      814.67      281.33        0.00
     0     0      816.00      278.00        0.00
     0     0      818.00      274.67        0.00
     0     0      819.33      271.33        0.00
     0     0      821.33      268.67        0.00
     0     0      822.67      265.33        0.00
     0     0      824.67      262.67        0.00
     0     0      826.67      259.33        0.00
     0     0      828.00      256.00        0.00
     0     0      829.33      252.67        0.00
     0     0      830.67      249.33        0.00
     0     0      832.00      246.00        0.00
     0     0      833.33      242.67        0.00
     0     0      835.33      240.00        0.00
     0     0      837.33      236.67        0.00
     0     0      839.33      234.00        0.00
     0     0      842.00      232.00        0.00
     0     0      844.67      230.00        0.00
     0     0      847.33      228.00        0.00
     0     0      850.00      226.00        0.00
     0     0      853.33      224.67        0.00
     0     0      856.67      224.00        0.00
     0     0      860.00      223.33        0.00
     0     0      863.33      222.00        0.00
     0     0      866.67      220.67        0.00
     0     0      870.00      219.33        0.00
     0     0      872.67      217.33        0.00
     0     0      876.00      215.33        0.00
     0     0      879.33      214.00        0.00
     0     0      882.67      212.67        0.00
     0     0      886.00      212.67        0.00
     0     0      889.33      211.33        0.00
     0     0      892.67      210.00        0.00
     0     0      896.00      210.00        0.00
     0     0      899.33      210.00        0.00
     0     0      902.67      210.00        0.00
     0     0      906.00      210.67        0.00
     0     0      909.33      210.67        0.00
     0     0      912.67      210.67        0.00
     0     0      916.00      210.67        0.00
     0     0      919.33      210.67        0.00
     0     0      922.67      210.67        0.00
     0     0      926.00      210.00        0.00
     0     0      929.33      210.00        0.00
     0     0      932.67      210.67        0.00
     0     0      936.00      212.00        0.00
     0     0      939.33      212.67        0.00
     0     0      942.67      214.67        0.00
     0     0      946.00      216.00        0.00
     0     0      949.33      218.00        0.00
     0     0      952.00      220.00        0.00
     0     0      954.67      222.00        0.00
     0     0      956.67      224.67        0.00
     0     0      958.67      227.33        0.00
     0     0      959.33      230.67        0.00
     0     0      960.00      234.00        0.00
     0     0      960.67      237.33        0.00
     0     0      959.33      240.67        0.00
     0     0      957.33      243.33        0.00
     0     0      954.67      245.33        0.00
     0     0      952.00      247.33        0.00
     0     0      949.33      249.33        0.00
     0     0      946.67      251.33        0.00
     0     0      944.00      253.33        0.00
     0     0      941.33      255.33        0.00
     0     0      938.00      256.67        0.00
     0     0      935.33      258.67        0.00
     0     0      932.67      260.67        0.00
     0     0      930.00      262.67        0.00
     0     0      927.33      264.67        0.00
     0     0      925.33      267.33        0.00
     0     0      922.67      270.00        0.00
     0     0      920.67      272.67        0.00
     0     0      918.67      275.33        0.00
     0     0      916.67      278.00        0.00
     0     0      914.67      280.67        0.00
     0     0      912.67      283.33        0.00
     0     0      911.33      286.67        0.00
     0     0      910.00      290.00        0.00
     0     0      908.67      293.33        0.00
     0     0      908.00      296.67        0.00
     0     0      906.67      300.00        0.00
     0     0      904.67      303.33        0.00
     0     0      903.33      306.67        0.00
     0     0      901.33      310.00        0.00
     0     0      899.33      312.67        0.00
     0     0      898.00      316.00        0.00
     0     0      895.33      318.67        0.00
     0     0      894.00      322.00        0.00
     0     0      892.00      324.67        0.00
     0     0      890.67      328.00        0.00
     0     0      888.67      330.67        0.00
     0     0      886.67      333.33        0.00
     0     0      884.00      336.00        0.00
     0     0      882.00      338.67        0.00
     0     0      880.00      341.33        0.00
     0     0      878.00      344.00        0.00
     0     0      875.33      346.67        0.00
     0     0      873.33      349.33        0.00
     0     0      871.33      352.00        0.00
     0     0      870.00      355.33        0.00
     0     0      867.33      357.33        0.00
     0     0      865.33      360.00        0.00
     0     0      863.33      362.67        0.00
     0     0      862.67      366.00        0.00
     0     0      861.33      369.33        0.00
     0     0      860.00      372.67        0.00
     0     0      858.00      375.33        0.00
     0     1      868.33        5.33        0.00
     0     1      862.33        9.33        0.00
     0     1      860.33       12.67        0.00
     0     1      858.33       15.33        0.00
     0     1      856.33       18.67        0.00
     0     1      853.67       22.67        0.00
     0     1      851.67       26.00        0.00
     0     1      849.67       30.67        0.00
     0     1      849.00       34.00        0.00
     0     1      848.33       37.33        0.00
     0     1      848.33       41.33        0.00
     0     1      848.33       44.67        0.00
     0     1      848.33       48.00        0.00
     0     1      849.67       51.33        0.00
     0     1      851.00       54.67        0.00
     0     1      853.00       57.33        0.00
     0     1      855.00       60.00        0.00
     0     1      857.00       62.67        0.00
     0     1      859.67       65.33        0.00
     0     1      861.67       68.00        0.00
     0     1      863.67       70.67        0.00
     0     1      865.67       73.33        0.00
     0     1      867.67       76.00        0.00
     0     1      869.67       78.67        0.00
     0     1      872.33       80.67        0.00
     0     1      875.67       82.00        0.00
     0     1      879.00       83.33        0.00
     0     1      882.33       83.33        0.00
     0     1      885.67       84.00        0.00
     0     1      889.00       84.67        0.00
     0     1      893.00       85.33        0.00
     0     1      896.33       86.67        0.00
     0     1      899.67       87.33        0.00
     0     1      903.00       88.00        0.00
     0     1      907.00       89.33        0.00
     0     1      911.00       90.00        0.00
     0     1      914.33       90.00        0.00
     0     1      919.00       90.00        0.00
     0     1      923.00       90.67        0.00
     0     1      927.00       90.67        0.00
     0     1      930.33       92.00        0.00
     0     1      933.67       92.00        0.00
     0     1      937.00       92.00        0.00
     0     1      940.33       92.67        0.00
     0     1      944.33       93.33        0.00
     0     1      947.67       93.33        0.00
     0     1      951.00       94.00        0.00
     0     1      955.00       94.67        0.00
     0     1      958.33       96.00        0.00
     0     1      961.67       96.00        0.00
     0     1      965.67       96.00        0.00
     0     1      969.00       96.67        0.00
     0     1      972.33       96.67        0.00
     0     1      975.67       96.67        0.00
     0     1      979.00       96.67        0.00
     0     1      982.33       96.67        0.00
     0     1      985.67       96.67        0.00
     0     1      989.00       96.67        0.00
     0     1      992.33       96.67        0.00
     0     1      995.67       97.33        0.00
     0     1      999.00       98.67        0.00
     0     1     1002.33       99.33        0.00
     0     1     1005.67      100.00        0.00
     0     1     1009.67      100.00        0.00
     0     1     1013.00      100.00        0.00
     0     1     1016.33      100.67        0.00
     0     1     1019.67      100.67        0.00
     0     1     1023.00      100.67        0.00
     0     1     1026.33      101.33        0.00
     0     1     1029.67      102.00        0.00
     0     1     1033.67      103.33        0.00
     0     1     1037.00      104.00        0.00
     0     1     1040.33      104.67        0.00
     0     1     1043.67      105.33        0.00
     0     1     1047.00      106.00        0.00
     0     1     1060.33      107.33        0.00
     0     1     1065.00      107.33        0.00
     0     1     1068.33      106.67        0.00
     0     1     1071.67      106.00        0.00
     0     1     1075.00      105.33        0.00
     0     1     1078.33      104.00        0.00
     0     1     1081.67      103.33        0.00
     0     1     1085.00      102.67        0.00
     0     1     1088.33      102.00        0.00
     0     1     1091.67      100.67        0.00
     0     1     1095.00      100.67        0.00
     0     1     1098.33       99.33        0.00
     0     1     1101.67       98.67        0.00
     0     1     1105.00       97.33        0.00
     0     1     1108.33       96.00        0.00
     0     1     1111.67       94.67        0.00
     0     1     1114.33       92.67        0.00
     0     1     1117.00       90.67        0.00
     0     1     1119.67       88.67        0.00
     0     1     1123.00       86.67        0.00
     0     1     1125.67       84.67        0.00
     0     1     1128.33       82.67        0.00
     0     1     1131.00       80.67        0.00
     0     1     1133.00       78.00        0.00
     0     1     1135.67       75.33        0.00
     0     1     1137.67       72.67        0.00
     0     1     1140.33       70.67        0.00
     0     1     1143.00       68.67        0.00
     0     1     1145.67       66.00        0.00
     0     1     1147.67       63.33        0.00
     0     1     1149.67       60.00        0.00
     0     1     1151.67       56.67        0.00
     0     1     1153.00       53.33        0.00
     0     1     1153.67       50.00        0.00
     0     1     1155.00       46.67        0.00
     0     1     1155.67       43.33        0.00
     0     1     1156.33       40.00        0.00
     0     1     1157.00       36.67        0.00
     0     1     1157.67       33.33        0.00
     0     1     1157.67       30.00        0.00
     0     1     1157.67       26.67        0.00
     0     1     1157.67       22.67        0.00
     0     1     1157.67       19.33        0.00
     0     1     1157.67       16.00        0.00
     0     1     1157.67       12.67        0.00
     0     1     1157.67        9.33        0.00
     0     1     1156.33        6.00        0.00
     0     1     1154.33        3.33        0.00
     0     1     1153.67        0.00        0.00
     0     1     1151.67       -2.67        0.00
     0     2     1249.33      664.00        0.00
     0     2     1246.67      666.00        0.00
     0     2     1244.00      668.00        0.00
     0     2     1241.33      670.00        0.00
     0     2     1238.00      672.00        0.00
     0     2     1234.67      673.33        0.00
     0     2     1231.33      674.67        0.00
     0     2     1228.00      676.00        0.00
     0     2     1224.67      677.33        0.00
     0     2     1221.33      678.00        0.00
     0     2     1218.00      678.67        0.00
     0     2     1214.67      678.67        0.00
     0     2     1211.33      678.67        0.00
     0     2     1208.00      678.00        0.00
     0     2     1204.67      677.33        0.00
     0     2     1201.33      676.00        0.00
     0     2     1198.00      674.67        0.00
     0     2     1194.67      673.33        0.00
     0     2     1192.00      670.67        0.00
     0     2     1189.33      668.67        0.00
     0     2     1186.67      666.67        0.00
     0     2     1184.00      664.67        0.00
     0     2     1180.67      662.67        0.00
     0     2     1177.33      661.33        0.00
     0     2     1176.00      658.00        0.00
     0     2     1174.00      654.67        0.00
     0     2     1172.00      651.33        0.00
     0     2     1171.33      647.33        0.00
     0     2     1170.00      643.33        0.00
     0     2     1169.33      639.33        0.00
     0     2     1168.67      636.00        0.00
     0     2     1168.67      632.67        0.00
     0     2     1168.67      629.33        0.00
     0     2     1168.67      626.00        0.00
     0     2     1167.33      622.00        0.00
     0     2     1167.33      618.67        0.00
     0     2     1166.67      614.67        0.00
     0     2     1166.67      610.67        0.00
     0     2     1166.67      605.33        0.00
     0     2     1166.67      601.33        0.00
     0     2     1166.67      596.00        0.00
     0     2     1167.33      592.67        0.00
     0     2     1168.00      588.67        0.00
     0     2     1169.33      585.33        0.00
     0     2     1170.67      582.00        0.00
     0     2     1171.33      578.67        0.00
     0     2     1172.67      575.33        0.00
     0     2     1174.67      572.67        0.00
     0     2     1176.00      569.33        0.00
     0     2     1178.00      566.00        0.00
     0     2     1178.67      562.67        0.00
     0     2     1179.33      559.33        0.00
     0     2     1180.00      556.00        0.00
     0     2     1180.67      552.67        0.00
     0     2     1182.00      549.33        0.00
     0     2     1182.67      545.33        0.00
     0     2     1183.33      542.00        0.00
     0     2     1184.67      538.67        0.00
     0     2     1185.33      535.33        0.00
     0     2     1186.67      532.00        0.00
     0     2     1188.00      528.67        0.00
     0     2     1189.33      525.33        0.00
     0     2     1191.33      522.67        0.00
     0     2     1193.33      519.33        0.00
     0     2     1193.33      516.00        0.00
     0     2     1194.00      512.67        0.00
     0     2     1194.67      509.33        0.00
     0     2     1194.67      506.00        0.00
     0     2     1194.67      502.67        0.00
     0     2     1194.67      499.33        0.00
     0     2     1194.67      496.00        0.00
     0     2     1194.67      492.67        0.00
     0     2     1194.00      489.33        0.00
     0     2     1193.33      486.00        0.00
     0     2     1192.00      482.67        0.00
     0     2     1190.67      479.33        0.00
     0     2     1189.33      476.00        0.00
     0     2     1188.00      472.67        0.00
     0     2     1186.00      470.00        0.00
     0     2     1184.00      466.67        0.00
     0     2     1182.00      464.00        0.00
     0     2     1180.67      460.67        0.00
     0     2     1178.67      458.00        0.00
     0     2     1176.67      455.33        0.00
     0     2     1175.33      452.00        0.00
     0     2     1174.00      448.67        0.00
     0     2     1172.67      445.33        0.00
     0     2     1172.00      442.00        0.00
     0     2     1170.67      438.67        0.00
     0     2     1170.00      435.33        0.00
     0     2     1169.33      432.00        0.00
     0     2     1168.00      428.67        0.00
     0     2     1167.33      425.33        0.00
     0     2     1166.67      422.00        0.00
     0     2     1165.33      418.67        0.00
     0     2     1164.67      415.33        0.00
     0     2     1164.00      412.00        0.00
     0     2     1163.33      408.67        0.00
     0     2     1163.33      405.33        0.00
     0     2     1163.33      402.00        0.00
     0     2     1163.33      398.67        0.00
     0     2     1163.33      395.33        0.00
     0     2     1163.33      392.00        0.00
     0     2     1164.00      388.67        0.00
     0     2     1164.67      385.33        0.00
     0     2     1165.33      382.00        0.00
     0     2     1166.67      378.67        0.00
     0     2     1167.33      375.33        0.00
     0     2     1168.67      372.00        0.00
     0     2     1169.33      368.67        0.00
     0     2     1170.67      365.33        0.00
     0     2     1172.67      362.00        0.00
     0     2     1174.67      359.33        0.00
     0     2     1177.33      357.33        0.00
     0     2     1179.33      354.67        0.00
     0     2     1182.00      352.67        0.00
     0     2     1185.33      350.67        0.00
     0     2     1188.00      348.67        0.00
     0     2     1191.33      346.67        0.00
     0     2     1194.67      345.33        0.00
     0     2     1198.00      344.00        0.00
     0     2     1201.33      342.00        0.00
     0     2     1204.67      341.33        0.00
     0     2     1208.00      340.67        0.00
     0     2     1211.33      340.67        0.00
     0     2     1214.67      340.67        0.00
     0     2     1218.00      340.67        0.00
     0     2     1221.33      341.33        0.00
     0     2     1224.67      342.00        0.00
     0     2     1228.00      343.33        0.00
     0     2     1231.33      344.00        0.00
     0     2     1234.67      345.33        0.00
     0     2     1238.00      347.33        0.00
     0     2     1241.33      349.33        0.00
     0     2     1244.67      351.33        0.00
     0     2     1248.00      353.33        0.00
     0     2     1250.67      356.00        0.00
     0     2     1253.33      358.00        0.00
     0     2     1255.33      360.67        0.00
     0     2     1258.00      362.67        0.00
     0     2     1259.33      366.00        0.00
     0     2     1261.33      368.67        0.00
     0     2     1263.33      371.33        0.00
     0     2     1265.33      374.00        0.00
     0     2     1267.33      377.33        0.00
     0     2     1268.67      380.67        0.00
     0     2     1270.00      384.00        0.00
     0     2     1271.33      387.33        0.00
     0     2     1273.33      390.00        0.00
     0     2     1275.33      393.33        0.00
     0     2     1277.33      396.67        0.00
     0     2     1279.33      400.00        0.00
     0     2     1280.67      403.33        0.00
     0     2     1282.67      406.67        0.00
     0     2     1284.00      410.00        0.00
     0     2     1285.33      413.33        0.00
     0     2     1287.33      416.67        0.00
     0     2     1288.67      420.00        0.00
     0     2     1290.00      423.33        0.00
     0     2     1291.33      427.33        0.00
     0     2     1292.67      430.67        0.00
     0     2     1293.33      434.00        0.00
     0     2     1294.00      437.33        0.00
     0     2     1295.33      441.33        0.00
     0     2     1296.00      444.67        0.00
     0     2     1296.67      448.67        0.00
     0     2     1298.00      452.00        0.00
     0     2     1298.67      456.00        0.00
     0     2     1299.33      459.33        0.00
     0     2     1300.00      462.67        0.00
     0     2     1300.00      466.00        0.00
     0     2     1300.67      470.67        0.00
     0     2     1301.33      474.00        0.00
     0     2     1301.33      478.67        0.00
     0     2     1302.00      482.67        0.00
     0     2     1302.00      486.00        0.00
     0     2     1302.00      489.33        0.00
     0     2     1302.00      492.67        0.00
     0     2     1302.00      496.00        0.00
     0     2     1302.00      500.67        0.00
     0     2     1302.00      504.67        0.00
     0     2     1301.33      508.00        0.00
     0     2     1300.67      511.33        0.00
     0     2     1300.00      514.67        0.00
     0     2     1300.00      518.00        0.00
     0     2     1300.00      521.33        0.00
     0     2     1300.00      525.33        0.00
     0     2     1300.00      528.67        0.00
     0     2     1299.33      532.00        0.00
     0     2     1299.33      535.33        0.00
     0     2     1298.67      538.67        0.00
     0     2     1298.67      542.00        0.00
     0     2     1298.00      545.33        0.00
     0     2     1297.33      548.67        0.00
     0     2     1297.33      552.00        0.00
     0     2     1296.67      555.33        0.00
     0     2     1296.67      558.67        0.00
     0     2     1296.67      562.00        0.00
     0     2     1296.00      565.33        0.00
     0     2     1295.33      568.67        0.00
     0     2     1294.67      572.00        0.00
     0     2     1294.00      575.33        0.00
     0     2     1292.67      578.67        0.00
     0     2     1290.67      582.00        0.00
     0     2     1289.33      585.33        0.00
     0     2     1287.33      588.00        0.00
     0     2     1285.33      590.67        0.00
     0     2     1284.00      594.00        0.00
     0     2     1283.33      597.33        0.00
     0     2     1282.67      600.67        0.00
     0     2     1282.67      604.00        0.00
     0     2     1282.00      607.33        0.00
     0     2     1281.33      610.67        0.00
     0     2     1280.67      614.00        0.00
     0     2     1278.67      616.67        0.00
     0     2     1277.33      620.00        0.00
     0     2     1276.00      623.33        0.00
     0     2     1274.00      626.00        0.00
     0     2     1272.67      629.33        0.00
     0     2     1272.00      632.67        0.00
     0     2     1271.33      636.00        0.00
     0     3      782.33      702.67        0.00
     0     3      779.67      704.67        0.00
     0     3      776.33      704.67        0.00
     0     3      773.00      704.67        0.00
     0     3      769.67      704.67        0.00
     0     3      766.33      704.00        0.00
     0     3      763.00      703.33        0.00
     0     3      759.67      702.00        0.00
     0     3      756.33      700.67        0.00
     0     3      753.67      698.67        0.00
     0     3      751.00      696.67        0.00
     0     3      748.33      694.00        0.00
     0     3      745.67      691.33        0.00
     0     3      743.67      688.67        0.00
     0     3      742.33      685.33        0.00
     0     3      741.00      682.00        0.00
     0     3      740.33      678.67        0.00
     0     3      739.00      675.33        0.00
     0     3      738.33      672.00        0.00
     0     3      738.33      668.67        0.00
     0     3      738.33      665.33        0.00
     0     3      737.67      662.00        0.00
     0     3      737.67      658.67        0.00
     0     3      737.67      655.33        0.00
     0     3      737.67      652.00        0.00
     0     3      737.67      648.67        0.00
     0     3      737.67      645.33        0.00
     0     3      737.67      642.00        0.00
     0     3      737.67      638.67        0.00
     0     3      737.67      635.33        0.00
     0     3      738.33      632.00        0.00
     0     3      738.33      628.67        0.00
     0     3      739.00      625.33        0.00
     0     3      739.67      622.00        0.00
     0     3      740.33      618.67        0.00
     0     3      741.67      615.33        0.00
     0     3      743.00      612.00        0.00
     0     3      743.67      608.67        0.00
     0     3      745.00      605.33        0.00
     0     3      745.67      602.00        0.00
     0     3      746.33      598.67        0.00
     0     3      747.00      595.33        0.00
     0     3      747.67      592.00        0.00
     0     3      748.33      588.67        0.00
     0     3      748.33      585.33        0.00
     0     3      748.33      582.00        0.00
     0     3      749.00      578.67        0.00
     0     3      749.67      575.33        0.00
     0     3      750.33      572.00        0.00
     0     3      751.00      568.67        0.00
     0     3      751.67      565.33        0.00
     0     3      753.00      562.00        0.00
     0     3      754.33      558.67        0.00
     0     3      755.67      555.33        0.00
     0     3      755.67      552.00        0.00
     0     3      755.67      548.67        0.00
     0     3      757.00      545.33        0.00
     0     3      758.33      542.00        0.00
     0     3      760.33      538.67        0.00
     0     3      761.67      535.33        0.00
     0     3      763.67      532.67        0.00
     0     3      764.33      529.33        0.00
     0     3      766.33      526.67        0.00
     0     3      767.67      523.33        0.00
     0     3      769.00      520.00        0.00
     0     3      771.00      516.67        0.00
     0     3      772.33      513.33        0.00
     0     3      773.67      510.00        0.00
     0     3      775.67      506.67        0.00
     0     3      777.67      503.33        0.00
     0     3      779.67      500.67        0.00
     0     3      781.67      498.00        0.00
     0     3      784.33      495.33        0.00
     0     3      787.00      492.67        0.00
     0     3      789.67      490.00        0.00
     0     3      792.33      487.33        0.00
     0     3      794.33      484.67        0.00
     0     3      797.00      482.67        0.00
     0     3      800.33      481.33        0.00
     0     3      803.67      480.00        0.00
     0     3      807.00      478.67        0.00
     0     3      810.33      477.33        0.00
     0     3      813.00      475.33        0.00
     0     3      815.67      473.33        0.00
     0     3      818.33      471.33        0.00
     0     3      821.67      470.67        0.00
     0     3      825.00      469.33        0.00
     0     3      828.33      468.67        0.00
     0     3      831.67      468.00        0.00
     0     3      835.00      468.67        0.00
     0     3      838.33      468.67        0.00
     0     3      841.67      468.67        0.00
     0     3      845.00      469.33        0.00
     0     3      848.33      470.00        0.00
     0     3      851.67      471.33        0.00
     0     3      855.00      472.00        0.00
     0     3      858.33      473.33        0.00
     0     3      861.67      474.67        0.00
     0     3      865.00      476.67        0.00
     0     3      868.33      478.00        0.00
     0     3      871.00      480.67        0.00
     0     3      873.67      483.33        0.00
     0     3      875.67      486.00        0.00
     0     3      877.67      488.67        0.00
     0     3      878.33      492.00        0.00
     0     3      879.00      495.33        0.00
     0     3      880.33      498.67        0.00
     0     3      881.67      502.00        0.00
     0     3      882.33      505.33        0.00
     0     3      883.00      508.67        0.00
     0     3      884.33      512.00        0.00
     0     3      885.67      516.00        0.00
     0     3      886.33      519.33        0.00
     0     3      887.00      522.67        0.00
     0     3      887.00      526.00        0.00
     0     3      887.67      529.33        0.00
     0     3      887.67      533.33        0.00
     0     3      888.33      536.67        0.00
     0     3      888.33      540.00        0.00
     0     3      888.33      543.33        0.00
     0     3      888.33      546.67        0.00
     0     3      887.67      550.00        0.00
     0     3      887.67      553.33        0.00
     0     3      887.00      557.33        0.00
     0     3      887.00      561.33        0.00
     0     3      886.33      565.33        0.00
     0     3      886.33      569.33        0.00
     0     3      885.67      572.67        0.00
     0     3      885.00      576.00        0.00
     0     3      884.33      579.33        0.00
     0     3      884.33      582.67        0.00
     0     3      883.67      586.00        0.00
     0     3      883.67      589.33        0.00
     0     3      883.00      592.67        0.00
     0     3      882.33      596.00        0.00
     0     3      881.67      599.33        0.00
     0     3      881.67      602.67        0.00
     0     3      881.00      606.00        0.00
     0     3      880.33      609.33        0.00
     0     3      879.00      612.67        0.00
     0     3      878.33      616.00        0.00
     0     3      877.67      619.33        0.00
     0     3      875.67      622.67        0.00
     0     3      874.33      626.00        0.00
     0     3      873.00      629.33        0.00
     0     3      871.00      632.00        0.00
     0     3      869.00      634.67        0.00
     0     3      867.00      638.00        0.00
     0     3      865.00      640.67        0.00
     0     3      863.00      643.33        0.00
     0     3      860.33      645.33        0.00
     0     3      857.67      648.00        0.00
     0     3      855.00      650.00        0.00
     0     3      852.33      652.67        0.00
     0     3      850.33      655.33        0.00
     0     3      847.67      657.33        0.00
     0     3      845.00      660.00        0.00
     0     3      843.00      662.67        0.00
     0     3      840.33      664.67        0.00
     0     3      837.67      666.67        0.00
     0     3      835.67      669.33        0.00
     0     3      833.00      672.00        0.00
     0     3      830.33      674.00        0.00
     0     3      827.67      676.00        0.00
     0     3      826.33      679.33        0.00
     0     3      824.33      682.67        0.00
     0     3      822.33      685.33        0.00
     0     3      819.67      687.33        0.00
     0     3      817.00      689.33        0.00
     0     3      814.33      692.00        0.00
     0     3      811.67      694.00        0.00
     0     3      809.00      696.00        0.00
     0     3      806.33      698.00        0.00
     0     3      803.00      699.33        0.00
     0     3      799.67      700.67        0.00
     0     3      796.33      702.00        0.00
     0     4      717.33      463.00        0.00
     0     4      713.33      463.00        0.00
     0     4      710.00      463.00        0.00
     0     4      706.67      463.00        0.00
     0     4      703.33      463.00        0.00
     0     4      700.00      463.00        0.00
     0     4      696.67      462.33        0.00
     0     4      693.33      461.67        0.00
     0     4      690.00      460.33        0.00
     0     4      686.67      459.00        0.00
     0     4      683.33      457.67        0.00
     0     4      680.67      455.67        0.00
     0     4      677.33      454.33        0.00
     0     4      674.00      452.33        0.00
     0     4      670.67      451.00        0.00
     0     4      668.00      449.00        0.00
     0     4      664.67      447.67        0.00
     0     4      661.33      445.67        0.00
     0     4      658.00      444.33        0.00
     0     4      654.67      443.00        0.00
     0     4      651.33      441.67        0.00
     0     4      648.00      440.33        0.00
     0     4      644.67      439.67        0.00
     0     4      641.33      438.33        0.00
     0     4      638.00      437.67        0.00
     0     4      634.00      437.00        0.00
     0     4      630.67      436.33        0.00
     0     4      627.33      436.33        0.00
     0     4      623.33      435.67        0.00
     0     4      620.00      435.67        0.00
     0     4      616.67      435.00        0.00
     0     4      613.33      435.00        0.00
     0     4      610.00      435.00        0.00
     0     4      606.67      435.00        0.00
     0     4      603.33      435.00        0.00
     0     4      600.00      435.00        0.00
     0     4      596.67      435.00        0.00
     0     4      593.33      434.33        0.00
     0     4      590.00      433.67        0.00
     0     4      586.67      433.67        0.00
     0     4      582.67      433.00        0.00
     0     4      579.33      432.33        0.00
     0     4      576.00      432.33        0.00
     0     4      572.67      431.67        0.00
     0     4      568.67      431.00        0.00
     0     4      565.33      430.33        0.00
     0     4      562.00      429.00        0.00
     0     4      558.67      427.00        0.00
     0     4      555.33      425.67        0.00
     0     4      552.00      423.67        0.00
     0     4      548.67      421.67        0.00
     0     4      545.33      420.33        0.00
     0     4      542.67      418.33        0.00
     0     4      540.00      416.33        0.00
     0     4      537.33      414.33        0.00
     0     4      534.67      411.67        0.00
     0     4      532.00      409.67        0.00
     0     4      530.00      407.00        0.00
     0     4      527.33      405.00        0.00
     0     4      524.67      403.00        0.00
     0     4      521.33      401.00        0.00
     0     4      518.67      399.00        0.00
     0     4      515.33      397.00        0.00
     0     4      512.00      395.00        0.00
     0     4      509.33      393.00        0.00
     0     4      506.67      390.33        0.00
     0     4      504.00      387.67        0.00
     0     4      502.00      384.33        0.00
     0     4      500.67      381.00        0.00
     0     4      499.33      377.67        0.00
     0     4      498.00      374.33        0.00
     0     4      498.00      371.00        0.00
     0     4      498.00      367.67        0.00
     0     4      497.33      364.33        0.00
     0     4      497.33      361.00        0.00
     0     4      496.67      357.67        0.00
     0     4      496.67      354.33        0.00
     0     4      496.00      351.00        0.00
     0     4      495.33      347.67        0.00
     0     4      495.33      344.33        0.00
     0     4      495.33      341.00        0.00
     0     4      496.00      337.67        0.00
     0     4      497.33      334.33        0.00
     0     4      498.67      331.00        0.00
     0     4      499.33      327.67        0.00
     0     4      500.00      324.33        0.00
     0     4      500.67      321.00        0.00
     0     4      502.00      317.67        0.00
     0     4      504.00      315.00        0.00
     0     4      506.00      311.67        0.00
     0     4      508.00      309.00        0.00
     0     4      510.67      306.33        0.00
     0     4      513.33      304.33        0.00
     0     4      516.00      301.67        0.00
     0     4      518.67      299.67        0.00
     0     4      521.33      297.67        0.00
     0     4      524.00      295.67        0.00
     0     4      526.67      293.67        0.00
     0     4      529.33      291.00        0.00
     0     4      532.67      289.67        0.00
     0     4      536.00      289.00        0.00
     0     4      539.33      289.00        0.00
     0     4      542.67      288.33        0.00
     0     4      546.00      288.33        0.00
     0     4      549.33      289.67        0.00
     0     4      552.67      290.33        0.00
     0     4      556.00      291.00        0.00
     0     4      558.67      293.00        0.00
     0     4      562.00      295.00        0.00
     0     4      564.67      297.00        0.00
     0     4      567.33      299.00        0.00
     0     4      570.00      301.00        0.00
     0     4      573.33      303.00        0.00
     0     4      576.00      305.00        0.00
     0     4      578.67      307.67        0.00
     0     4      581.33      309.67        0.00
     0     4      584.00      312.33        0.00
     0     4      586.67      315.00        0.00
     0     4      588.67      317.67        0.00
     0     4      591.33      319.67        0.00
     0     4      594.00      322.33        0.00
     0     4      596.00      325.00        0.00
     0     4      598.67      327.67        0.00
     0     4      600.67      330.33        0.00
     0     4      602.67      333.00        0.00
     0     4      605.33      335.00        0.00
     0     4      608.67      337.67        0.00
     0     4      611.33      340.33        0.00
     0     4      614.00      343.00        0.00
     0     4      617.33      345.00        0.00
     0     4      620.00      347.00        0.00
     0     4      622.67      349.00        0.00
     0     4      626.00      350.33        0.00
     0     4      629.33      351.67        0.00
     0     4      632.67      353.00        0.00
     0     4      636.00      353.67        0.00
     0     4      639.33      355.00        0.00
     0     4      642.67      355.67        0.00
     0     4      646.00      355.67        0.00
     0     4      649.33      356.33        0.00
     0     4      652.67      357.00        0.00
     0     4      656.00      357.67        0.00
     0     4      659.33      358.33        0.00
     0     4      662.67      359.00        0.00
     0     4      666.00      359.67        0.00
     0     4      670.00      360.33        0.00
     0     4      673.33      361.67        0.00
     0     4      676.67      362.33        0.00
     0     4      680.67      363.67        0.00
     0     4      684.00      365.00        0.00
     0     4      687.33      365.67        0.00
     0     4      690.67      366.33        0.00
     0     4      694.00      366.33        0.00
     0     4      697.33      367.00        0.00
     0     4      700.67      367.67        0.00
     0     4      704.00      368.33        0.00
     0     4      707.33      368.33        0.00
     0     4      710.67      368.33        0.00
     0     4      714.00      369.00        0.00
     0     4      717.33      369.00        0.00
     0     4      721.33      369.00        0.00
     0     4      724.67      369.00        0.00
     0     4      728.00      369.67        0.00
     0     4      731.33      371.00        0.00
     0     4      734.67      372.33        0.00
     0     4      738.00      374.33        0.00
     0     4      741.33      375.67        0.00
     0     4      744.67      376.33        0.00
     0     4      748.00      377.67        0.00
     0     4      751.33      379.00        0.00
     0     4      754.67      380.33        0.00
     0     4      758.00      382.33        0.00
     0     4      761.33      383.67        0.00
     0     4      764.00      385.67        0.00
     0     4      766.67      387.67        0.00
     0     4      769.33      390.33        0.00
     0     4      771.33      393.67        0.00
     0     4      772.00      397.00        0.00
     0     4      772.67      400.33        0.00
     0     4      772.67      403.67        0.00
     0     4      772.67      407.00        0.00
     0     4      772.00      410.33        0.00
     0     4      771.33      413.67        0.00
     0     4      771.33      417.00        0.00
     0     4      770.00      420.33        0.00
     0     4      769.33      423.67        0.00
     0     4      768.67      427.00        0.00
     0     4      767.33      430.33        0.00
     0     4      766.00      433.67        0.00
     0     4      764.67      437.00        0.00
     0     4      762.67      439.67        0.00
     0     4      760.67      442.33        0.00
     0     4      758.00      445.00        0.00
     0     4      755.33      447.67        0.00
     0     4      752.67      449.67        0.00
     0     4      750.00      451.67        0.00
     0     4      747.33      453.67        0.00
     0     4      744.00      454.33        0.00
     0     4      740.67      456.33        0.00
     0     4      737.33      457.00        0.00
     0     5      355.00      641.33        0.00
     0     5      349.00      644.00        0.00
     0     5      346.33      646.00        0.00
     0     5      343.00      647.33        0.00
     0     5      339.67      648.67        0.00
     0     5      336.33      650.00        0.00
     0     5      333.00      650.67        0.00
     0     5      329.67      651.33        0.00
     0     5      326.33      651.33        0.00
     0     5      323.00      652.00        0.00
     0     5      319.67      652.00        0.00
     0     5      316.33      652.00        0.00
     0     5      313.00      652.00        0.00
     0     5      309.67      652.00        0.00
     0     5      306.33      651.33        0.00
     0     5      303.00      650.00        0.00
     0     5      299.67      648.67        0.00
     0     5      296.33      647.33        0.00
     0     5      293.00      645.33        0.00
     0     5      289.67      644.00        0.00
     0     5      287.00      642.00        0.00
     0     5      283.67      640.67        0.00
     0     5      281.00      638.67        0.00
     0     5      277.67      637.33        0.00
     0     5      274.33      635.33        0.00
     0     5      271.67      633.33        0.00
     0     5      268.33      632.00        0.00
     0     5      265.67      629.33        0.00
     0     5      263.00      627.33        0.00
     0     5      260.33      625.33        0.00
     0     5      257.67      623.33        0.00
     0     5      255.00      621.33        0.00
     0     5      253.00      618.67        0.00
     0     5      251.00      616.00        0.00
     0     5      248.33      613.33        0.00
     0     5      247.00      610.00        0.00
     0     5      246.33      606.67        0.00
     0     5      245.67      603.33        0.00
     0     5      245.00      600.00        0.00
     0     5      245.00      596.67        0.00
     0     5      244.33      593.33        0.00
     0     5      243.67      590.00        0.00
     0     5      242.33      586.67        0.00
     0     5      241.67      583.33        0.00
     0     5      241.00      580.00        0.00
     0     5      240.33      576.67        0.00
     0     5      239.67      573.33        0.00
     0     5      238.33      570.00        0.00
     0     5      237.67      566.67        0.00
     0     5      237.00      563.33        0.00
     0     5      237.00      560.00        0.00
     0     5      236.33      556.67        0.00
     0     5      236.33      553.33        0.00
     0     5      237.67      550.00        0.00
     0     5      239.00      546.67        0.00
     0     5      240.33      543.33        0.00
     0     5      242.33      540.67        0.00
     0     5      244.33      538.00        0.00
     0     5      246.33      534.67        0.00
     0     5      249.00      532.00        0.00
     0     5      251.00      529.33        0.00
     0     5      253.67      527.33        0.00
     0     5      256.33      525.33        0.00
     0     5      259.00      523.33        0.00
     0     5      262.33      521.33        0.00
     0     5      265.00      519.33        0.00
     0     5      268.33      518.67        0.00
     0     5      271.67      518.67        0.00
     0     5      275.00      518.00        0.00
     0     5      278.33      518.00        0.00
     0     5      281.67      518.67        0.00
     0     5      285.00      520.00        0.00
     0     5      288.33      521.33        0.00
     0     5      291.67      523.33        0.00
     0     5      295.00      524.67        0.00
     0     5      298.33      526.00        0.00
     0     5      301.67      527.33        0.00
     0     5      305.00      528.67        0.00
     0     5      309.00      529.33        0.00
     0     5      313.00      530.67        0.00
     0     5      317.67      532.00        0.00
     0     5      321.67      532.67        0.00
     0     5      325.67      532.67        0.00
     0     5      332.33      534.00        0.00
     0     5      336.33      534.00        0.00
     0     5      341.00      534.67        0.00
     0     5      345.00      535.33        0.00
     0     5      349.67      536.67        0.00
     0     5      353.67      537.33        0.00
     0     5      357.67      538.00        0.00
     0     5      363.00      540.00        0.00
     0     5      367.67      540.67        0.00
     0     5      372.33      541.33        0.00
     0     5      375.67      541.33        0.00
     0     5      381.00      542.67        0.00
     0     5      384.33      543.33        0.00
     0     5      387.67      543.33        0.00
     0     5      391.00      544.00        0.00
     0     5      395.00      544.00        0.00
     0     5      398.33      544.00        0.00
     0     5      401.67      544.00        0.00
     0     5      405.67      544.67        0.00
     0     5      409.67      544.67        0.00
     0     5      413.67      546.00        0.00
     0     5      417.00      546.67        0.00
     0     5      420.33      548.00        0.00
     0     5      423.67      548.67        0.00
     0     5      427.00      549.33        0.00
     0     5      431.00      550.00        0.00
     0     5      435.00      551.33        0.00
     0     5      438.33      552.00        0.00
     0     5      441.67      552.67        0.00
     0     5      445.00      554.00        0.00
     0     5      448.33      555.33        0.00
     0     5      451.67      557.33        0.00
     0     5      454.33      559.33        0.00
     0     5      457.00      561.33        0.00
     0     5      459.67      563.33        0.00
     0     5      462.33      565.33        0.00
     0     5      464.33      568.00        0.00
     0     5      467.00      570.67        0.00
     0     5      469.00      574.00        0.00
     0     5      471.00      576.67        0.00
     0     5      471.67      580.00        0.00
     0     5      473.00      583.33        0.00
     0     5      475.00      586.67        0.00
     0     5      475.67      590.00        0.00
     0     5      477.67      593.33        0.00
     0     5      479.00      596.67        0.00
     0     5      480.33      600.00        0.00
     0     5      482.33      603.33        0.00
     0     5      485.00      606.67        0.00
     0     5      486.33      610.00        0.00
     0     5      487.00      613.33        0.00
     0     5      487.67      616.67        0.00
     0     5      489.00      620.00        0.00
     0     5      489.67      624.00        0.00
     0     5      490.33      627.33        0.00
     0     5      491.67      630.67        0.00
     0     5      492.33      634.00        0.00
     0     5      493.00      637.33        0.00
     0     5      493.00      640.67        0.00
     0     5      493.67      644.67        0.00
     0     5      493.67      649.33        0.00
     0     5      494.33      654.00        0.00
     0     5      495.00      658.67        0.00
     0     5      495.00      662.67        0.00
     0     5      495.67      666.00        0.00
     0     5      496.33      670.00        0.00
     0     5      496.33      673.33        0.00
     0     5      497.00      678.67        0.00
     0     5      497.67      682.67        0.00
     0     5      497.67      687.33        0.00
     0     5      498.33      692.00        0.00
     0     5      499.00      698.00        0.00
     0     5      499.67      702.67        0.00
     0     5      500.33      706.00        0.00
     0     5      501.00      711.33        0.00
     0     5      501.67      714.67        0.00
     0     5      501.67      719.33        0.00
     0     5      502.33      722.67        0.00
     0     5      502.33      726.00        0.00
     0     5      502.33      730.00        0.00
     0     5      502.33      734.00        0.00
     0     5      502.33      738.00        0.00
     0     5      502.33      741.33        0.00
     0     5      502.33      745.33        0.00
     0     5      502.33      748.67        0.00
     0     5      501.67      752.67        0.00
     0     5      500.33      756.00        0.00
     0     5      499.67      760.67        0.00
     0     5      498.33      764.00        0.00
     0     5      496.33      767.33        0.00
     0     5      494.33      770.67        0.00
     0     5      492.33      774.00        0.00
     0     5      489.67      776.67        0.00
     0     5      487.00      779.33        0.00
     0     5      484.33      781.33        0.00
     0     5      481.00      783.33        0.00
     0     5      478.33      785.33        0.00
     0     5      475.67      787.33        0.00
     0     5      472.33      789.33        0.00
     0     5      469.00      790.67        0.00
     0     5      465.67      791.33        0.00
     0     5      462.33      791.33        0.00
     0     5      459.00      792.00        0.00
     0     5      455.00      792.67        0.00
     0     5      451.67      792.67        0.00
     0     5      448.33      793.33        0.00
     0     5      445.00      793.33        0.00
     0     5      441.67      793.33        0.00
     0     5      438.33      793.33        0.00
     0     5      435.00      792.67        0.00
     0     5      431.67      792.00        0.00
     0     5      428.33      790.67        0.00
     0     5      425.00      790.00        0.00
     0     5      421.00      788.00        0.00
     0     5      417.67      786.67        0.00
     0     5      415.00      784.67        0.00
     0     5      411.67      782.00        0.00
     0     5      409.00      780.00        0.00
     0     5      406.33      777.33        0.00
     0     5      404.33      774.67        0.00
     0     5      401.67      770.67        0.00
     0     5      400.33      767.33        0.00
     0     5      399.67      764.00        0.00
     0     5      398.33      760.00        0.00
     0     5      397.67      756.00        0.00
     0     5      396.33      750.00        0.00
     0     5      395.67      746.00        0.00
     0     5      395.00      741.33        0.00
     0     5      394.33      737.33        0.00
     0     5      393.67      734.00        0.00
     0     5      393.00      730.67        0.00
     0     5      393.00      727.33        0.00
     0     5      393.00      724.00        0.00
     0     5      393.67      720.67        0.00
     0     5      395.67      717.33        0.00
     0     5      397.00      714.00        0.00
     0     5      398.33      710.67        0.00
     0     5      399.67      707.33        0.00
     0     5      401.00      704.00        0.00
     0     5      401.67      700.67        0.00
     0     5      401.67      697.33        0.00
     0     5      401.67      694.00        0.00
     0     5      401.67      690.67        0.00
     0     5      401.67      687.33        0.00
     0     5      401.00      684.00        0.00
     0     5      401.00      680.00        0.00
     0     5      400.33      676.67        0.00
     0     5      400.33      673.33        0.00
     0     5      400.33      670.00        0.00
     0     5      400.33      666.67        0.00
     0     5      399.00      663.33        0.00
     0     5      398.33      660.00        0.00
     0     5      396.33      656.67        0.00
     0     5      394.33      654.00        0.00
     0     5      392.33      651.33        0.00
     0     5      389.67      649.33        0.00
     0     5      387.00      647.33        0.00
     0     5      384.33      645.33        0.00
     0     5      381.00      644.00        0.00
     0     5      377.67      644.00        0.00
     0     5      374.33      644.00        0.00
     0     5      371.00      644.00        0.00
     0     5      367.67      643.33        0.00
     0     5      364.33      643.33        0.00
     0     6      342.00      851.67        0.00
     0     6      336.67      851.67        0.00
     0     6      333.33      851.00        0.00
     0     6      330.00      849.67        0.00
     0     6      326.00      848.33        0.00
     0     6      322.67      847.00        0.00
     0     6      320.00      845.00        0.00
     0     6      316.67      843.00        0.00
     0     6      314.00      841.00        0.00
     0     6      312.00      838.33        0.00
     0     6      310.00      835.00        0.00
     0     6      308.67      831.67        0.00
     0     6      307.33      828.33        0.00
     0     6      306.67      825.00        0.00
     0     6      306.00      821.67        0.00
     0     6      305.33      818.33        0.00
     0     6      305.33      815.00        0.00
     0     6      304.67      811.67        0.00
     0     6      304.67      808.33        0.00
     0     6      304.67      805.00        0.00
     0     6      304.67      801.67        0.00
     0     6      306.00      798.33        0.00
     0     6      307.33      795.00        0.00
     0     6      308.67      791.67        0.00
     0     6      310.67      788.33        0.00
     0     6      312.67      785.67        0.00
     0     6      314.67      782.33        0.00
     0     6      316.67      779.67        0.00
     0     6      319.33      777.00        0.00
     0     6      321.33      774.33        0.00
     0     6      323.33      771.67        0.00
     0     6      326.00      769.00        0.00
     0     6      328.00      766.33        0.00
     0     6      330.00      763.67        0.00
     0     6      332.67      761.00        0.00
     0     6      335.33      758.33        0.00
     0     6      338.00      756.33        0.00
     0     6      340.67      753.67        0.00
     0     6      343.33      751.00        0.00
     0     6      346.00      749.00        0.00
     0     6      348.67      747.00        0.00
     0     6      352.00      745.00        0.00
     0     6      355.33      744.33        0.00
     0     6      358.67      744.33        0.00
     0     6      362.00      745.00        0.00
     0     6      365.33      747.00        0.00
     0     6      368.00      749.00        0.00
     0     6      370.67      751.67        0.00
     0     6      373.33      754.33        0.00
     0     6      376.00      756.33        0.00
     0     6      378.67      759.00        0.00
     0     6      381.33      761.67        0.00
     0     6      384.00      764.33        0.00
     0     6      386.00      767.67        0.00
     0     6      388.00      770.33        0.00
     0     6      390.00      773.00        0.00
     0     6      390.67      776.33        0.00
     0     6      392.00      779.67        0.00
     0     6      392.67      783.67        0.00
     0     6      393.33      787.00        0.00
     0     6      393.33      790.33        0.00
     0     6      393.33      793.67        0.00
     0     6      393.33      797.00        0.00
     0     6      392.00      800.33        0.00
     0     6      391.33      803.67        0.00
     0     6      390.67      807.67        0.00
     0     6      388.67      811.00        0.00
     0     6      386.67      814.33        0.00
     0     6      385.33      817.67        0.00
     0     6      383.33      821.00        0.00
     0     6      381.33      823.67        0.00
     0     6      379.33      826.33        0.00
     0     6      377.33      829.67        0.00
     0     6      375.33      833.00        0.00
     0     6      373.33      835.67        0.00
     0     6      371.33      838.33        0.00
     0     6      368.67      841.00        0.00
     0     6      366.00      843.67        0.00
     0     6      362.67      845.00        0.00
     0     6      360.00      847.00        0.00
     0     7      362.67      469.33        0.00
     0     7      359.33      471.33        0.00
     0     7      357.33      474.00        0.00
     0     7      354.67      476.00        0.00
     0     7      352.00      478.00        0.00
     0     7      348.67      479.33        0.00
     0     7      345.33      479.33        0.00
     0     7      342.00      479.33        0.00
     0     7      338.67      478.00        0.00
     0     7      335.33      476.00        0.00
     0     7      332.67      473.33        0.00
     0     7      330.67      470.67        0.00
     0     7      328.67      468.00        0.00
     0     7      326.67      464.67        0.00
     0     7      324.00      461.33        0.00
     0     7      321.33      456.67        0.00
     0     7      319.33      452.67        0.00
     0     7      317.33      449.33        0.00
     0     7      314.00      445.33        0.00
     0     7      311.33      441.33        0.00
     0     7      308.67      438.00        0.00
     0     7      306.67      434.00        0.00
     0     7      303.33      428.67        0.00
     0     7      302.00      424.00        0.00
     0     7      300.00      418.67        0.00
     0     7      298.00      411.33        0.00
     0     7      296.00      403.33        0.00
     0     7      294.67      398.67        0.00
     0     7      294.00      394.00        0.00
     0     7      293.33      388.67        0.00
     0     7      293.33      385.33        0.00
     0     7      292.67      382.00        0.00
     0     7      291.33      378.67        0.00
     0     7      290.00      375.33        0.00
     0     7      288.00      372.67        0.00
     0     7      286.00      370.00        0.00
     0     7      283.33      367.33        0.00
     0     7      281.33      364.67        0.00
     0     7      279.33      362.00        0.00
     0     7      277.33      359.33        0.00
     0     7      275.33      356.67        0.00
     0     7      272.67      354.67        0.00
     0     7      270.00      352.67        0.00
     0     7      267.33      350.67        0.00
     0     7      264.67      348.67        0.00
     0     7      262.00      346.67        0.00
     0     7      259.33      344.67        0.00
     0     7      256.67      342.67        0.00
     0     7      253.33      340.67        0.00
     0     7      250.67      338.67        0.00
     0     7      248.00      336.67        0.00
     0     7      245.33      334.00        0.00
     0     7      242.67      332.00        0.00
     0     7      240.00      329.33        0.00
     0     7      238.00      326.67        0.00
     0     7      236.67      323.33        0.00
     0     7      236.67      320.00        0.00
     0     7      237.33      316.67        0.00
     0     7      238.00      313.33        0.00
     0     7      240.00      309.33        0.00
     0     7      242.00      303.33        0.00
     0     7      244.00      299.33        0.00
     0     7      245.33      294.67        0.00
     0     7      246.67      290.00        0.00
     0     7      248.67      286.67        0.00
     0     7      252.00      282.00        0.00
     0     7      255.33      278.67        0.00
     0     7      259.33      273.33        0.00
     0     7      262.67      268.67        0.00
     0     7      266.00      263.33        0.00
     0     7      268.00      259.33        0.00
     0     7      271.33      256.00        0.00
     0     7      273.33      252.67        0.00
     0     7      275.33      250.00        0.00
     0     7      278.00      246.00        0.00
     0     7      280.67      244.00        0.00
     0     7      283.33      242.00        0.00
     0     7      286.67      240.67        0.00
     0     7      292.00      237.33        0.00
     0     7      296.00      235.33        0.00
     0     7      299.33      234.00        0.00
     0     7      302.67      234.00        0.00
     0     7      306.67      234.00        0.00
     0     7      310.67      234.00        0.00
     0     7      314.67      234.67        0.00
     0     7      318.67      234.67        0.00
     0     7      322.67      235.33        0.00
     0     7      327.33      237.33        0.00
     0     7      330.67      238.67        0.00
     0     7      334.67      241.33        0.00
     0     7      338.00      242.67        0.00
     0     7      340.67      245.33        0.00
     0     7      344.67      248.67        0.00
     0     7      346.67      252.00        0.00
     0     7      349.33      255.33        0.00
     0     7      351.33      258.67        0.00
     0     7      353.33      262.00        0.00
     0     7      355.33      264.67        0.00
     0     7      357.33      267.33        0.00
     0     7      358.00      270.67        0.00
     0     7      360.00      273.33        0.00
     0     7      362.00      276.67        0.00
     0     7      362.67      280.00        0.00
     0     7      364.67      284.00        0.00
     0     7      366.00      287.33        0.00
     0     7      368.00      291.33        0.00
     0     7      368.67      294.67        0.00
     0     7      370.00      298.00        0.00
     0     7      371.33      301.33        0.00
     0     7      372.67      304.67        0.00
     0     7      374.00      308.00        0.00
     0     7      375.33      311.33        0.00
     0     7      376.00      315.33        0.00
     0     7      376.67      319.33        0.00
     0     7      376.67      322.67        0.00
     0     7      377.33      326.00        0.00
     0     7      378.00      330.00        0.00
     0     7      378.67      334.00        0.00
     0     7      379.33      337.33        0.00
     0     7      379.33      341.33        0.00
     0     7      380.00      344.67        0.00
     0     7      380.00      350.00        0.00
     0     7      380.67      354.00        0.00
     0     7      380.67      358.67        0.00
     0     7      380.67      363.33        0.00
     0     7      380.67      368.00        0.00
     0     7      380.67      372.00        0.00
     0     7      380.67      376.67        0.00
     0     7      380.67      380.00        0.00
     0     7      381.33      383.33        0.00
     0     7      381.33      386.67        0.00
     0     7      381.33      391.33        0.00
     0     7      381.33      394.67        0.00
     0     7      381.33      398.00        0.00
     0     7      381.33      401.33        0.00
     0     7      381.33      404.67        0.00
     0     7      381.33      408.67        0.00
     0     7      382.00      412.00        0.00
     0     7      382.00      415.33        0.00
     0     7      382.00      418.67        0.00
     0     7      382.00      422.00        0.00
     0     7      382.00      425.33        0.00
     0     7      381.33      429.33        0.00
     0     7      380.67      432.67        0.00
     0     7      380.67      436.67        0.00
     0     7      379.33      440.00        0.00
     0     7      378.67      443.33        0.00
     0     7      377.33      446.67        0.00
     0     7      376.67      450.00        0.00
     0     7      375.33      453.33        0.00
     0     7      372.67      456.00        0.00
     0     8     1011.00     1032.67        0.00
     0     8     1007.67     1032.00        0.00
     0     8     1004.33     1030.00        0.00
     0     8     1001.67     1027.33        0.00
     0     8      999.67     1024.67        0.00
     0     8      999.00     1021.33        0.00
     0     8      997.00     1018.67        0.00
     0     8      995.00     1016.00        0.00
     0     8      993.67     1012.67        0.00
     0     8      992.33     1009.33        0.00
     0     8      991.00     1005.33        0.00
     0     8      990.33     1001.33        0.00
     0     8      989.67      998.00        0.00
     0     8      989.00      994.00        0.00
     0     8      989.00      990.67        0.00
     0     8      989.00      987.33        0.00
     0     8      988.33      984.00        0.00
     0     8      988.33      980.67        0.00
     0     8      988.33      976.67        0.00
     0     8      988.33      973.33        0.00
     0     8      988.33      970.00        0.00
     0     8      989.00      966.67        0.00
     0     8      989.67      963.33        0.00
     0     8      991.00      960.00        0.00
     0     8      991.67      956.67        0.00
     0     8      993.00      953.33        0.00
     0     8      994.33      950.00        0.00
     0     8      995.67      946.67        0.00
     0     8      996.33      943.33        0.00
     0     8      998.33      940.00        0.00
     0     8      999.67      936.67        0.00
     0     8     1001.67      934.00        0.00
     0     8     1004.33      931.33        0.00
     0     8     1006.33      928.67        0.00
     0     8     1009.00      926.00        0.00
     0     8     1011.67      924.00        0.00
     0     8     1014.33      921.33        0.00
     0     8     1017.00      919.33        0.00
     0     8     1019.67      917.33        0.00
     0     8     1022.33      915.33        0.00
     0     8     1025.00      913.33        0.00
     0     8     1027.67      911.33        0.00
     0     8     1031.00      910.00        0.00
     0     8     1034.33      908.67        0.00
     0     8     1038.33      907.33        0.00
     0     8     1041.67      906.67        0.00
     0     8     1047.67      906.00        0.00
     0     8     1051.00      906.00        0.00
     0     8     1055.00      906.00        0.00
     0     8     1059.00      907.33        0.00
     0     8     1062.33      908.67        0.00
     0     8     1065.67      910.00        0.00
     0     8     1068.33      912.00        0.00
     0     8     1071.67      914.00        0.00
     0     8     1074.33      916.00        0.00
     0     8     1076.33      918.67        0.00
     0     8     1078.33      921.33        0.00
     0     8     1081.67      924.67        0.00
     0     8     1084.33      926.67        0.00
     0     8     1087.67      931.33        0.00
     0     8     1091.00      934.00        0.00
     0     8     1093.67      937.33        0.00
     0     8     1096.33      942.00        0.00
     0     8     1098.33      945.33        0.00
     0     8     1101.00      950.00        0.00
     0     8     1103.00      953.33        0.00
     0     8     1105.00      958.67        0.00
     0     8     1106.33      962.00        0.00
     0     8     1107.67      966.67        0.00
     0     8     1108.33      970.67        0.00
     0     8     1109.00      974.00        0.00
     0     8     1109.67      977.33        0.00
     0     8     1109.67      980.67        0.00
     0     8     1109.67      984.67        0.00
     0     8     1110.33      988.00        0.00
     0     8     1110.33      992.00        0.00
     0     8     1110.33      995.33        0.00
     0     8     1110.33      999.33        0.00
     0     8     1110.33     1002.67        0.00
     0     8     1110.33     1006.67        0.00
     0     8     1110.33     1010.00        0.00
     0     8     1109.67     1013.33        0.00
     0     8     1107.67     1016.67        0.00
     0     8     1105.67     1020.00        0.00
     0     8     1103.67     1022.67        0.00
     0     8     1100.33     1024.67        0.00
     0     8     1097.00     1026.00        0.00
     0     8     1094.33     1028.00        0.00
     0     8     1091.00     1030.00        0.00
     0     9      633.33     1031.00        0.00
     0     9      632.67     1027.67        0.00
     0     9      632.67     1024.33        0.00
     0     9      633.33     1021.00        0.00
     0     9      634.00     1017.67        0.00
     0     9      635.33     1014.33        0.00
     0     9      637.33     1011.00        0.00
     0     9      639.33     1007.67        0.00
     0     9      641.33     1005.00        0.00
     0     9      642.67     1001.67        0.00
     0     9      645.33      999.00        0.00
     0     9      648.00      996.33        0.00
     0     9      651.33      995.00        0.00
     0     9      654.67      994.33        0.00
     0     9      658.00      994.33        0.00
     0     9      661.33      993.67        0.00
     0     9      664.67      993.67        0.00
     0     9      668.00      993.67        0.00
     0     9      671.33      993.67        0.00
     0     9      674.67      993.67        0.00
     0     9      678.00      994.33        0.00
     0     9      681.33      995.00        0.00
     0     9      684.67      995.00        0.00
     0     9      688.00      995.67        0.00
     0     9      691.33      995.67        0.00
     0     9      694.67      997.00        0.00
     0     9      698.00      997.67        0.00
     0     9      701.33      999.00        0.00
     0     9      704.67     1000.33        0.00
     0     9      708.00     1002.33        0.00
     0     9      711.33     1003.67        0.00
     0     9      714.67     1005.67        0.00
     0     9      718.00     1007.67        0.00
     0     9      721.33     1009.00        0.00
     0     9      724.00     1011.00        0.00
     0     9      727.33     1013.00        0.00
     0     9      730.00     1015.00        0.00
     0     9      732.67     1017.00        0.00
     0     9      734.67     1019.67        0.00
     0     9      736.67     1022.33        0.00
     0     9      738.67     1025.00        0.00
     0     9      739.33     1028.33        0.00
     0     9      740.67     1031.67        0.00
     1     0      943.00      270.00        0.00
     1     0      940.50      271.00        0.00
     1     0      938.50      269.50        0.00
     1     0      938.00      267.00        0.00
     1     0      937.50      264.50        0.00
     1     0      937.50      262.00        0.00
     1     0      939.00      259.50        0.00
     1     0      941.00      258.00        0.00
     1     0      943.50      257.00        0.00
     1     0      946.00      256.50        0.00
     1     0      948.50      257.50        0.00
     1     0      950.00      259.50        0.00
     1     0      950.50      262.00        0.00
     1     0      950.50      264.50        0.00
     1     0      949.50      267.00        0.00
     1     0      947.50      268.50        0.00
     1     1      734.50      359.50        0.00
     1     1      732.50      361.00        0.00
     1     1      730.00      361.00        0.00
     1     1      728.50      359.00        0.00
     1     1      727.00      357.00        0.00
     1     1      726.50      354.50        0.00
     1     1      726.50      352.00        0.00
     1     1      726.50      349.50        0.00
     1     1      728.00      347.50        0.00
     1     1      729.50      345.50        0.00
     1     1      732.00      344.50        0.00
     1     1      734.50      344.00        0.00
     1     1      737.00      344.50        0.00
     1     1      739.50      345.50        0.00
     1     1      741.00      347.50        0.00
     1     1      741.50      350.00        0.00
     1     1      742.00      352.50        0.00
     1     1      742.00      355.00        0.00
     1     1      740.50      357.00        0.00
