     0     0      838.00      403.00        0.00
     0     0      832.67      407.67        0.00
     0     0      829.33      409.00        0.00
     0     0      814.67      419.67        0.00
     0     0      808.00      421.00        0.00
     0     0      804.67      421.00        0.00
     0     0      801.33      419.67        0.00
     0     0      798.00      418.33        0.00
     0     0      794.67      416.33        0.00
     0     0      792.00      414.33        0.00
     0     0      789.33      412.33        0.00
     0     0      786.67      410.33        0.00
     0     0      784.67      407.67        0.00
     0     0      784.00      404.33        0.00
     0     0      782.67      401.00        0.00
     0     0      781.33      397.67        0.00
     0     0      780.67      394.33        0.00
     0     0      779.33      391.00        0.00
     0     0      778.00      387.67        0.00
     0     0      777.33      384.33        0.00
     0     0      776.00      381.00        0.00
     0     0      775.33      377.67        0.00
     0     0      775.33      374.33        0.00
     0     0      774.67      371.00        0.00
     0     0      773.33      367.67        0.00
     0     0      773.33      364.33        0.00
     0     0      773.33      361.00        0.00
     0     0      773.33      357.67        0.00
     0     0      773.33      354.33        0.00
     0     0      774.00      351.00        0.00
     0     0      774.67      347.00        0.00
     0     0      775.33      343.67        0.00
     0     0      776.00      339.67        0.00
     0     0      777.33      336.33        0.00
     0     0      778.67      333.00        0.00
     0     0      780.67      330.33        0.00
     0     0      782.67      327.00        0.00
     0     0      785.33      324.33        0.00
     0     0      788.00      322.33        0.00
     0     0      791.33      321.00        0.00
     0     0      794.67      319.67        0.00
     0     0      798.00      318.33        0.00
     0     0      804.00      317.00        0.00
     0     0      809.33      316.33        0.00
     0     0      813.33      315.67        0.00
     0     0      816.67      315.00        0.00
     0     0      820.00      314.33        0.00
     0     0      823.33      314.33        0.00
     0     0      826.67      313.67        0.00
     0     0      830.00      313.67        0.00
     0     0      833.33      314.33        0.00
     0     0      836.67      315.67        0.00
     0     0      840.00      317.67        0.00
     0     0      842.67      319.67        0.00
     0     0      846.00      321.00        0.00
     0     0      848.67      323.67        0.00
     0     0      851.33      326.33        0.00
     0     0      853.33      329.00        0.00
     0     0      855.33      331.67        0.00
     0     0      857.33      334.33        0.00
     0     0      859.33      337.00        0.00
     0     0      861.33      339.67        0.00
     0     0      862.67      343.00        0.00
     0     0      864.00      346.33        0.00
     0     0      864.00      349.67        0.00
     0     0      864.67      353.00        0.00
     0     0      864.67      356.33        0.00
     0     0      864.00      359.67        0.00
     0     0      862.67      363.00        0.00
     0     0      860.67      365.67        0.00
     0     0      858.67      368.33        0.00
     0     0      857.33      371.67        0.00
     0     0      855.33      374.33        0.00
     0     0      853.33      377.00        0.00
     0     0      852.00      380.33        0.00
     0     0      850.00      383.00        0.00
     0     0      848.67      386.33        0.00
     0     1      795.33        3.33        0.00
     0     1      795.33        6.67        0.00
     0     1      795.33       10.00        0.00
     0     1      794.67       13.33        0.00
     0     1      794.00       16.67        0.00
     0     1      793.33       20.00        0.00
     0     1      792.67       23.33        0.00
     0     1      791.33       26.67        0.00
     0     1      791.33       30.00        0.00
     0     1      790.67       33.33        0.00
     0     1      790.67       36.67        0.00
     0     1      790.67       40.00        0.00
     0     1      790.67       43.33        0.00
     0     1      790.67       46.67        0.00
     0     1      790.67       50.00        0.00
     0     1      790.67       53.33        0.00
     0     1      791.33       56.67        0.00
     0     1      791.33       60.00        0.00
     0     1      791.33       63.33        0.00
     0     1      791.33       66.67        0.00
     0     1      791.33       70.00        0.00
     0     1      792.00       73.33        0.00
     0     1      792.00       76.67        0.00
     0     1      792.00       80.00        0.00
     0     1      792.00       83.33        0.00
     0     1      792.00       87.33        0.00
     0     1      792.00       91.33        0.00
     0     1      791.33       94.67        0.00
     0     1      790.67       98.00        0.00
     0     1      790.00      101.33        0.00
     0     1      790.00      104.67        0.00
     0     1      789.33      108.00        0.00
     0     1      789.33      111.33        0.00
     0     1      789.33      114.67        0.00
     0     1      788.67      118.00        0.00
     0     1      788.67      121.33        0.00
     0     1      788.00      125.33        0.00
     0     1      787.33      128.67        0.00
     0     1      787.33      132.00        0.00
     0     1      787.33      135.33        0.00
     0     1      787.33      138.67        0.00
     0     1      787.33      142.00        0.00
     0     1      787.33      145.33        0.00
     0     1      787.33      148.67        0.00
     0     1      787.33      152.00        0.00
     0     1      787.33      156.00        0.00
     0     1      788.00      159.33        0.00
     0     1      788.67      163.33        0.00
     0     1      789.33      166.67        0.00
     0     1      790.67      170.00        0.00
     0     1      792.00      174.00        0.00
     0     1      793.33      177.33        0.00
     0     1      795.33      180.00        0.00
     0     1      798.00      182.67        0.00
     0     1      800.67      184.67        0.00
     0     1      803.33      186.67        0.00
     0     1      806.67      187.33        0.00
     0     1      810.00      187.33        0.00
     0     1      813.33      187.33        0.00
     0     1      816.67      187.33        0.00
     0     1      820.00      187.33        0.00
     0     1      823.33      187.33        0.00
     0     1      826.67      186.67        0.00
     0     1      830.00      185.33        0.00
     0     1      833.33      184.00        0.00
     0     1      836.00      182.00        0.00
     0     1      838.67      180.00        0.00
     0     1      841.33      177.33        0.00
     0     1      844.00      175.33        0.00
     0     1      846.67      173.33        0.00
     0     1      848.67      170.67        0.00
     0     1      851.33      168.67        0.00
     0     1      854.00      166.00        0.00
     0     1      856.00      163.33        0.00
     0     1      858.00      160.67        0.00
     0     1      859.33      157.33        0.00
     0     1      861.33      154.67        0.00
     0     1      862.67      151.33        0.00
     0     1      864.00      148.00        0.00
     0     1      864.67      144.67        0.00
     0     1      866.67      141.33        0.00
     0     1      868.00      138.00        0.00
     0     1      869.33      134.67        0.00
     0     1      870.00      131.33        0.00
     0     1      870.67      128.00        0.00
     0     1      872.00      124.67        0.00
     0     1      872.67      121.33        0.00
     0     1      873.33      118.00        0.00
     0     1      874.00      114.67        0.00
     0     1      875.33      111.33        0.00
     0     1      876.00      108.00        0.00
     0     1      876.67      104.67        0.00
     0     1      877.33      101.33        0.00
     0     1      878.00       98.00        0.00
     0     1      878.67       94.67        0.00
     0     1      879.33       91.33        0.00
     0     1      880.00       88.00        0.00
     0     1      880.67       84.67        0.00
     0     1      881.33       81.33        0.00
     0     1      882.67       78.00        0.00
     0     1      883.33       74.67        0.00
     0     1      884.67       71.33        0.00
     0     1      886.00       68.00        0.00
     0     1      886.67       64.67        0.00
     0     1      887.33       61.33        0.00
     0     1      888.00       58.00        0.00
     0     1      889.33       54.67        0.00
     0     1      889.33       51.33        0.00
     0     1      890.00       48.00        0.00
     0     1      890.67       44.67        0.00
     0     1      891.33       41.33        0.00
     0     1      891.33       38.00        0.00
     0     1      891.33       34.67        0.00
     0     1      892.00       31.33        0.00
     0     1      892.00       28.00        0.00
     0     1      892.67       24.67        0.00
     0     1      893.33       21.33        0.00
     0     1      894.00       18.00        0.00
     0     1      894.67       14.67        0.00
     0     1      894.67       11.33        0.00
     0     1      895.33        8.00        0.00
     0     1      895.33        2.00        0.00
     0     2      465.67      219.33        0.00
     0     2      462.33      218.67        0.00
     0     2      459.00      218.00        0.00
     0     2      455.67      216.00        0.00
     0     2      452.33      214.67        0.00
     0     2      449.67      212.67        0.00
     0     2      447.00      210.67        0.00
     0     2      443.67      208.67        0.00
     0     2      441.00      206.67        0.00
     0     2      437.67      205.33        0.00
     0     2      434.33      204.00        0.00
     0     2      431.00      203.33        0.00
     0     2      427.67      202.00        0.00
     0     2      424.33      200.00        0.00
     0     2      421.67      198.00        0.00
     0     2      418.33      196.00        0.00
     0     2      415.67      194.00        0.00
     0     2      413.00      191.33        0.00
     0     2      410.33      189.33        0.00
     0     2      408.33      186.67        0.00
     0     2      406.33      184.00        0.00
     0     2      404.33      181.33        0.00
     0     2      402.33      178.67        0.00
     0     2      401.00      175.33        0.00
     0     2      399.00      172.00        0.00
     0     2      397.67      168.67        0.00
     0     2      396.33      165.33        0.00
     0     2      395.67      162.00        0.00
     0     2      394.33      158.67        0.00
     0     2      394.33      155.33        0.00
     0     2      394.33      152.00        0.00
     0     2      395.00      148.67        0.00
     0     2      395.00      145.33        0.00
     0     2      395.67      142.00        0.00
     0     2      396.33      138.00        0.00
     0     2      397.00      134.67        0.00
     0     2      397.67      131.33        0.00
     0     2      398.33      128.00        0.00
     0     2      400.33      124.67        0.00
     0     2      401.67      121.33        0.00
     0     2      403.67      118.67        0.00
     0     2      406.33      116.00        0.00
     0     2      409.00      113.33        0.00
     0     2      411.00      110.67        0.00
     0     2      413.67      108.67        0.00
     0     2      417.00      107.33        0.00
     0     2      419.67      105.33        0.00
     0     2      423.00      103.33        0.00
     0     2      426.33      102.00        0.00
     0     2      429.00      100.00        0.00
     0     2      432.33       98.00        0.00
     0     2      435.67       96.67        0.00
     0     2      438.33       94.67        0.00
     0     2      441.67       92.67        0.00
     0     2      445.00       91.33        0.00
     0     2      447.67       89.33        0.00
     0     2      450.33       87.33        0.00
     0     2      453.67       86.67        0.00
     0     2      457.00       85.33        0.00
     0     2      460.33       84.67        0.00
     0     2      463.67       84.67        0.00
     0     2      467.00       84.00        0.00
     0     2      470.33       83.33        0.00
     0     2      473.67       83.33        0.00
     0     2      477.00       83.33        0.00
     0     2      480.33       83.33        0.00
     0     2      483.67       84.00        0.00
     0     2      487.00       85.33        0.00
     0     2      490.33       86.00        0.00
     0     2      493.67       87.33        0.00
     0     2      497.00       88.67        0.00
     0     2      500.33       90.67        0.00
     0     2      503.67       92.67        0.00
     0     2      506.33       94.67        0.00
     0     2      509.00       96.67        0.00
     0     2      511.67       99.33        0.00
     0     2      515.00      101.33        0.00
     0     2      517.67      103.33        0.00
     0     2      520.33      106.00        0.00
     0     2      523.00      108.00        0.00
     0     2      525.67      110.00        0.00
     0     2      527.67      112.67        0.00
     0     2      529.67      116.00        0.00
     0     2      532.33      118.67        0.00
     0     2      534.33      122.00        0.00
     0     2      537.00      124.67        0.00
     0     2      539.00      128.00        0.00
     0     2      541.00      130.67        0.00
     0     2      543.00      133.33        0.00
     0     2      545.00      136.67        0.00
     0     2      547.00      139.33        0.00
     0     2      548.33      142.67        0.00
     0     2      549.67      146.00        0.00
     0     2      550.33      149.33        0.00
     0     2      550.33      152.67        0.00
     0     2      550.33      156.00        0.00
     0     2      550.33      159.33        0.00
     0     2      549.67      162.67        0.00
     0     2      549.00      166.00        0.00
     0     2      547.67      169.33        0.00
     0     2      547.00      172.67        0.00
     0     2      545.00      175.33        0.00
     0     2      543.00      178.67        0.00
     0     2      541.00      181.33        0.00
     0     2      538.33      183.33        0.00
     0     2      536.33      186.00        0.00
     0     2      533.67      188.00        0.00
     0     2      531.00      190.67        0.00
     0     2      529.00      193.33        0.00
     0     2      526.33      196.00        0.00
     0     2      523.67      198.67        0.00
     0     2      521.00      200.67        0.00
     0     2      518.33      202.67        0.00
     0     2      515.67      205.33        0.00
     0     2      513.00      207.33        0.00
     0     2      510.33      209.33        0.00
     0     2      507.67      211.33        0.00
     0     2      505.00      213.33        0.00
     0     2      501.67      214.00        0.00
     0     2      498.33      214.67        0.00
     0     2      495.00      215.33        0.00
     0     2      491.67      216.00        0.00
     0     3      286.33      226.00        0.00
     0     3      283.00      226.00        0.00
     0     3      279.67      226.00        0.00
     0     3      276.33      225.33        0.00
     0     3      273.00      224.67        0.00
     0     3      269.67      223.33        0.00
     0     3      266.33      222.00        0.00
     0     3      263.67      220.00        0.00
     0     3      261.00      218.00        0.00
     0     3      258.33      216.00        0.00
     0     3      256.33      213.33        0.00
     0     3      254.33      210.67        0.00
     0     3      251.67      208.00        0.00
     0     3      249.67      204.67        0.00
     0     3      248.33      201.33        0.00
     0     3      246.33      198.67        0.00
     0     3      245.00      195.33        0.00
     0     3      243.67      192.00        0.00
     0     3      243.00      188.67        0.00
     0     3      243.00      185.33        0.00
     0     3      243.00      182.00        0.00
     0     3      243.00      178.67        0.00
     0     3      243.67      175.33        0.00
     0     3      244.33      172.00        0.00
     0     3      245.67      168.67        0.00
     0     3      247.67      165.33        0.00
     0     3      249.67      162.67        0.00
     0     3      251.67      159.33        0.00
     0     3      253.67      156.67        0.00
     0     3      255.67      154.00        0.00
     0     3      257.67      151.33        0.00
     0     3      259.67      148.67        0.00
     0     3      262.33      146.00        0.00
     0     3      264.33      143.33        0.00
     0     3      266.33      140.00        0.00
     0     3      269.00      137.33        0.00
     0     3      271.00      134.67        0.00
     0     3      273.67      132.00        0.00
     0     3      276.33      129.33        0.00
     0     3      279.00      127.33        0.00
     0     3      281.67      125.33        0.00
     0     3      283.67      122.67        0.00
     0     3      286.33      120.67        0.00
     0     3      288.33      118.00        0.00
     0     3      291.00      116.00        0.00
     0     3      293.67      114.00        0.00
     0     3      296.33      112.00        0.00
     0     3      299.67      110.67        0.00
     0     3      303.00      110.00        0.00
     0     3      306.33      109.33        0.00
     0     3      309.67      109.33        0.00
     0     3      313.00      108.67        0.00
     0     3      316.33      108.67        0.00
     0     3      319.67      108.67        0.00
     0     3      323.00      108.67        0.00
     0     3      326.33      108.67        0.00
     0     3      329.67      109.33        0.00
     0     3      333.00      110.00        0.00
     0     3      336.33      111.33        0.00
     0     3      339.67      112.67        0.00
     0     3      342.33      114.67        0.00
     0     3      345.00      116.67        0.00
     0     3      347.67      119.33        0.00
     0     3      349.67      122.00        0.00
     0     3      351.00      125.33        0.00
     0     3      352.33      128.67        0.00
     0     3      353.00      132.00        0.00
     0     3      353.00      135.33        0.00
     0     3      353.00      138.67        0.00
     0     3      353.00      142.00        0.00
     0     3      353.67      145.33        0.00
     0     3      353.67      148.67        0.00
     0     3      353.67      152.00        0.00
     0     3      354.33      155.33        0.00
     0     3      354.33      158.67        0.00
     0     3      354.33      162.00        0.00
     0     3      354.33      165.33        0.00
     0     3      354.33      168.67        0.00
     0     3      353.67      172.00        0.00
     0     3      353.00      175.33        0.00
     0     3      351.67      178.67        0.00
     0     3      349.67      182.00        0.00
     0     3      347.67      184.67        0.00
     0     3      345.00      187.33        0.00
     0     3      343.00      190.00        0.00
     0     3      340.33      192.67        0.00
     0     3      337.67      194.67        0.00
     0     3      335.67      197.33        0.00
     0     3      333.00      200.00        0.00
     0     3      330.33      202.00        0.00
     0     3      327.67      204.00        0.00
     0     3      325.00      206.00        0.00
     0     3      322.33      208.00        0.00
     0     3      319.67      210.00        0.00
     0     3      317.00      212.00        0.00
     0     3      314.33      214.00        0.00
     0     3      311.00      216.00        0.00
     0     3      307.67      218.00        0.00
     0     3      304.33      219.33        0.00
     0     4      399.33      571.00        0.00
     0     4      395.33      573.67        0.00
     0     4      392.00      573.67        0.00
     0     4      388.67      573.67        0.00
     0     4      385.33      573.67        0.00
     0     4      382.00      573.67        0.00
     0     4      378.67      573.00        0.00
     0     4      375.33      572.33        0.00
     0     4      372.00      571.00        0.00
     0     4      368.67      569.67        0.00
     0     4      366.00      567.67        0.00
     0     4      364.00      565.00        0.00
     0     4      362.00      562.33        0.00
     0     4      360.67      559.00        0.00
     0     4      359.33      555.67        0.00
     0     4      358.67      552.33        0.00
     0     4      357.33      549.00        0.00
     0     4      357.33      545.67        0.00
     0     4      357.33      542.33        0.00
     0     4      358.00      539.00        0.00
     0     4      358.00      535.67        0.00
     0     4      358.00      532.33        0.00
     0     4      358.67      529.00        0.00
     0     4      359.33      525.67        0.00
     0     4      360.00      522.33        0.00
     0     4      361.33      519.00        0.00
     0     4      362.67      515.67        0.00
     0     4      363.33      512.33        0.00
     0     4      364.67      509.00        0.00
     0     4      366.67      505.67        0.00
     0     4      368.00      502.33        0.00
     0     4      370.00      499.67        0.00
     0     4      372.00      496.33        0.00
     0     4      373.33      493.00        0.00
     0     4      375.33      489.67        0.00
     0     4      376.67      486.33        0.00
     0     4      378.67      483.67        0.00
     0     4      380.00      480.33        0.00
     0     4      382.00      477.67        0.00
     0     4      384.00      475.00        0.00
     0     4      386.00      472.33        0.00
     0     4      388.00      469.67        0.00
     0     4      390.67      467.00        0.00
     0     4      393.33      464.33        0.00
     0     4      396.00      461.67        0.00
     0     4      398.67      459.00        0.00
     0     4      401.33      456.33        0.00
     0     4      403.33      453.67        0.00
     0     4      404.67      450.33        0.00
     0     4      406.67      447.67        0.00
     0     4      408.00      444.33        0.00
     0     4      410.00      441.00        0.00
     0     4      412.00      437.67        0.00
     0     4      413.33      434.33        0.00
     0     4      415.33      431.00        0.00
     0     4      416.67      427.67        0.00
     0     4      418.00      424.33        0.00
     0     4      419.33      421.00        0.00
     0     4      420.67      417.67        0.00
     0     4      422.67      415.00        0.00
     0     4      424.67      412.33        0.00
     0     4      426.00      409.00        0.00
     0     4      427.33      405.67        0.00
     0     4      440.67      384.33        0.00
     0     4      443.33      379.00        0.00
     0     4      445.33      376.33        0.00
     0     4      447.33      373.67        0.00
     0     4      449.33      370.33        0.00
     0     4      451.33      367.67        0.00
     0     4      453.33      364.33        0.00
     0     4      455.33      361.67        0.00
     0     4      456.67      358.33        0.00
     0     4      458.67      355.67        0.00
     0     4      460.00      352.33        0.00
     0     4      462.00      349.67        0.00
     0     4      464.00      346.33        0.00
     0     4      466.00      343.67        0.00
     0     4      468.00      341.00        0.00
     0     4      470.00      338.33        0.00
     0     4      472.00      335.67        0.00
     0     4      474.00      333.00        0.00
     0     4      476.67      331.00        0.00
     0     4      479.33      329.00        0.00
     0     4      482.00      327.00        0.00
     0     4      484.67      325.00        0.00
     0     4      487.33      323.00        0.00
     0     4      489.33      320.33        0.00
     0     4      492.00      318.33        0.00
     0     4      494.67      316.33        0.00
     0     4      497.33      314.33        0.00
     0     4      500.00      312.33        0.00
     0     4      502.67      310.33        0.00
     0     4      505.33      308.33        0.00
     0     4      508.00      306.33        0.00
     0     4      510.00      303.67        0.00
     0     4      512.67      301.00        0.00
     0     4      514.67      298.33        0.00
     0     4      517.33      295.67        0.00
     0     4      520.00      293.67        0.00
     0     4      522.00      291.00        0.00
     0     4      524.67      288.33        0.00
     0     4      527.33      286.33        0.00
     0     4      529.33      283.67        0.00
     0     4      532.00      281.67        0.00
     0     4      534.67      279.67        0.00
     0     4      536.67      277.00        0.00
     0     4      539.33      275.00        0.00
     0     4      542.00      273.00        0.00
     0     4      545.33      271.00        0.00
     0     4      548.00      268.33        0.00
     0     4      550.00      265.67        0.00
     0     4      551.33      262.33        0.00
     0     4      554.67      260.33        0.00
     0     4      558.00      258.33        0.00
     0     4      560.67      256.33        0.00
     0     4      562.67      253.67        0.00
     0     4      564.00      250.33        0.00
     0     4      564.00      247.00        0.00
     0     4      564.00      243.67        0.00
     0     4      565.33      240.33        0.00
     0     4      566.00      237.00        0.00
     0     4      567.33      233.67        0.00
     0     4      568.00      230.33        0.00
     0     4      570.00      227.67        0.00
     0     4      570.67      224.33        0.00
     0     4      571.33      221.00        0.00
     0     4      572.67      217.67        0.00
     0     4      573.33      214.33        0.00
     0     4      574.00      211.00        0.00
     0     4      575.33      207.67        0.00
     0     4      576.00      204.33        0.00
     0     4      576.67      201.00        0.00
     0     4      576.67      197.67        0.00
     0     4      577.33      194.33        0.00
     0     4      578.67      191.00        0.00
     0     4      580.00      187.67        0.00
     0     4      580.67      184.33        0.00
     0     4      582.67      181.00        0.00
     0     4      584.00      177.67        0.00
     0     4      585.33      174.33        0.00
     0     4      586.00      171.00        0.00
     0     4      587.33      167.67        0.00
     0     4      588.67      164.33        0.00
     0     4      590.00      161.00        0.00
     0     4      591.33      157.67        0.00
     0     4      591.33      154.33        0.00
     0     4      592.00      151.00        0.00
     0     4      592.00      147.67        0.00
     0     4      592.00      144.33        0.00
     0     4      592.67      141.00        0.00
     0     4      594.00      137.67        0.00
     0     4      595.33      134.33        0.00
     0     4      597.33      131.00        0.00
     0     4      598.67      127.67        0.00
     0     4      601.33      125.00        0.00
     0     4      604.00      122.33        0.00
     0     4      606.67      120.33        0.00
     0     4      609.33      118.33        0.00
     0     4      612.67      117.67        0.00
     0     4      616.00      116.33        0.00
     0     4      619.33      115.00        0.00
     0     4      622.67      114.33        0.00
     0     4      626.00      113.00        0.00
     0     4      629.33      113.00        0.00
     0     4      632.67      112.33        0.00
     0     4      636.00      112.33        0.00
     0     4      639.33      112.33        0.00
     0     4      642.67      111.67        0.00
     0     4      646.00      111.67        0.00
     0     4      649.33      112.33        0.00
     0     4      652.67      112.33        0.00
     0     4      656.00      113.67        0.00
     0     4      659.33      115.00        0.00
     0     4      661.33      117.67        0.00
     0     4      664.00      119.67        0.00
     0     4      666.00      122.33        0.00
     0     4      667.33      125.67        0.00
     0     4      669.33      128.33        0.00
     0     4      670.67      131.67        0.00
     0     4      672.67      135.00        0.00
     0     4      674.00      138.33        0.00
     0     4      675.33      141.67        0.00
     0     4      676.00      145.00        0.00
     0     4      676.67      148.33        0.00
     0     4      678.00      151.67        0.00
     0     4      678.67      155.00        0.00
     0     4      679.33      158.33        0.00
     0     4      680.00      161.67        0.00
     0     4      680.67      165.00        0.00
     0     4      681.33      168.33        0.00
     0     4      681.33      171.67        0.00
     0     4      681.33      175.00        0.00
     0     4      681.33      178.33        0.00
     0     4      681.33      181.67        0.00
     0     4      680.67      185.00        0.00
     0     4      680.00      189.00        0.00
     0     4      679.33      192.33        0.00
     0     4      677.33      195.67        0.00
     0     4      676.67      199.00        0.00
     0     4      675.33      202.33        0.00
     0     4      674.67      205.67        0.00
     0     4      674.00      209.00        0.00
     0     4      673.33      212.33        0.00
     0     4      672.00      215.67        0.00
     0     4      670.67      219.00        0.00
     0     4      668.67      221.67        0.00
     0     4      667.33      225.00        0.00
     0     4      665.33      227.67        0.00
     0     4      664.00      231.00        0.00
     0     4      662.00      233.67        0.00
     0     4      661.33      237.00        0.00
     0     4      660.67      240.33        0.00
     0     4      660.00      243.67        0.00
     0     4      658.67      247.00        0.00
     0     4      657.33      250.33        0.00
     0     4      655.33      253.00        0.00
     0     4      654.00      256.33        0.00
     0     4      652.67      259.67        0.00
     0     4      650.67      262.33        0.00
     0     4      649.33      265.67        0.00
     0     4      647.33      268.33        0.00
     0     4      645.33      271.67        0.00
     0     4      643.33      274.33        0.00
     0     4      642.00      277.67        0.00
     0     4      640.67      281.00        0.00
     0     4      639.33      284.33        0.00
     0     4      637.33      287.67        0.00
     0     4      635.33      291.00        0.00
     0     4      633.33      293.67        0.00
     0     4      632.00      297.00        0.00
     0     4      631.33      300.33        0.00
     0     4      622.67      316.33        0.00
     0     4      621.33      321.00        0.00
     0     4      619.33      323.67        0.00
     0     4      617.33      326.33        0.00
     0     4      615.33      329.00        0.00
     0     4      612.67      331.00        0.00
     0     4      610.00      333.67        0.00
     0     4      607.33      335.67        0.00
     0     4      605.33      338.33        0.00
     0     4      603.33      341.00        0.00
     0     4      601.33      343.67        0.00
     0     4      599.33      346.33        0.00
     0     4      596.67      348.33        0.00
     0     4      594.00      350.33        0.00
     0     4      590.67      351.67        0.00
     0     4      588.00      353.67        0.00
     0     4      585.33      355.67        0.00
     0     4      583.33      358.33        0.00
     0     4      580.67      360.33        0.00
     0     4      578.00      363.00        0.00
     0     4      576.00      365.67        0.00
     0     4      573.33      368.33        0.00
     0     4      570.67      370.33        0.00
     0     4      567.33      371.67        0.00
     0     4      565.33      374.33        0.00
     0     4      562.67      376.33        0.00
     0     4      560.00      378.33        0.00
     0     4      557.33      380.33        0.00
     0     4      554.67      382.33        0.00
     0     4      552.00      384.33        0.00
     0     4      550.00      387.00        0.00
     0     4      548.00      389.67        0.00
     0     4      546.67      393.00        0.00
     0     4      544.00      395.00        0.00
     0     4      541.33      397.00        0.00
     0     4      539.33      399.67        0.00
     0     4      536.67      401.67        0.00
     0     4      533.33      403.00        0.00
     0     4      530.00      404.33        0.00
     0     4      528.00      407.00        0.00
     0     4      526.00      409.67        0.00
     0     4      524.00      412.33        0.00
     0     4      522.00      415.00        0.00
     0     4      502.67      434.67        0.00
     0     4      500.00      439.33        0.00
     0     4      498.00      442.00        0.00
     0     4      496.00      444.67        0.00
     0     4      494.67      448.00        0.00
     0     4      492.67      450.67        0.00
     0     4      491.33      454.00        0.00
     0     4      490.00      457.33        0.00
     0     4      488.00      460.00        0.00
     0     4      486.00      463.33        0.00
     0     4      484.00      466.00        0.00
     0     4      482.00      468.67        0.00
     0     4      480.67      472.00        0.00
     0     4      478.67      475.33        0.00
     0     4      477.33      478.67        0.00
     0     4      476.00      482.00        0.00
     0     4      474.00      485.33        0.00
     0     4      473.33      488.67        0.00
     0     4      472.00      492.00        0.00
     0     4      470.67      495.33        0.00
     0     4      469.33      498.67        0.00
     0     4      467.33      501.33        0.00
     0     4      465.33      504.67        0.00
     0     4      463.33      507.33        0.00
     0     4      461.33      510.00        0.00
     0     4      459.33      513.33        0.00
     0     4      457.33      516.00        0.00
     0     4      454.67      518.67        0.00
     0     4      452.00      521.33        0.00
     0     4      449.33      524.00        0.00
     0     4      446.67      526.00        0.00
     0     4      444.00      528.67        0.00
     0     4      442.00      531.33        0.00
     0     4      440.00      534.00        0.00
     0     4      437.33      536.67        0.00
     0     4      435.33      539.33        0.00
     0     4      433.33      542.00        0.00
     0     4      431.33      544.67        0.00
     0     4      429.33      547.33        0.00
     0     4      427.33      550.00        0.00
     0     4      425.33      552.67        0.00
     0     4      422.67      555.33        0.00
     0     4      420.00      557.33        0.00
     0     4      417.33      560.00        0.00
     0     4      414.67      562.00        0.00
     0     5      788.00      694.33        0.00
     0     5      784.67      695.00        0.00
     0     5      781.33      695.00        0.00
     0     5      778.00      695.67        0.00
     0     5      774.67      695.67        0.00
     0     5      771.33      696.33        0.00
     0     5      768.00      696.33        0.00
     0     5      764.67      696.33        0.00
     0     5      761.33      696.33        0.00
     0     5      758.00      695.67        0.00
     0     5      754.67      695.00        0.00
     0     5      751.33      694.33        0.00
     0     5      748.00      693.00        0.00
     0     5      744.67      691.67        0.00
     0     5      741.33      690.33        0.00
     0     5      738.67      688.33        0.00
     0     5      735.33      686.33        0.00
     0     5      732.00      685.00        0.00
     0     5      729.33      683.00        0.00
     0     5      727.33      680.33        0.00
     0     5      725.33      677.67        0.00
     0     5      724.00      674.33        0.00
     0     5      722.00      671.67        0.00
     0     5      720.00      669.00        0.00
     0     5      718.67      665.67        0.00
     0     5      717.33      662.33        0.00
     0     5      716.67      659.00        0.00
     0     5      716.00      655.67        0.00
     0     5      715.33      652.33        0.00
     0     5      714.67      649.00        0.00
     0     5      714.00      645.67        0.00
     0     5      713.33      642.33        0.00
     0     5      713.33      639.00        0.00
     0     5      713.33      635.67        0.00
     0     5      713.33      632.33        0.00
     0     5      713.33      629.00        0.00
     0     5      714.00      625.67        0.00
     0     5      715.33      622.33        0.00
     0     5      716.67      619.00        0.00
     0     5      718.67      616.33        0.00
     0     5      720.00      613.00        0.00
     0     5      722.00      609.67        0.00
     0     5      723.33      606.33        0.00
     0     5      725.33      603.67        0.00
     0     5      726.00      600.33        0.00
     0     5      727.33      597.00        0.00
     0     5      729.33      593.67        0.00
     0     5      732.67      591.67        0.00
     0     5      736.00      589.00        0.00
     0     5      739.33      586.33        0.00
     0     5      746.67      582.33        0.00
     0     5      752.00      579.67        0.00
     0     5      755.33      577.00        0.00
     0     5      758.67      575.00        0.00
     0     5      761.33      573.00        0.00
     0     5      764.00      571.00        0.00
     0     5      766.67      569.00        0.00
     0     5      770.00      567.00        0.00
     0     5      773.33      565.00        0.00
     0     5      776.00      563.00        0.00
     0     5      778.67      561.00        0.00
     0     5      781.33      558.33        0.00
     0     5      784.00      555.67        0.00
     0     5      786.67      553.00        0.00
     0     5      789.33      551.00        0.00
     0     5      792.00      549.00        0.00
     0     5      795.33      547.67        0.00
     0     5      798.67      545.67        0.00
     0     5      802.00      544.33        0.00
     0     5      805.33      543.00        0.00
     0     5      808.67      541.67        0.00
     0     5      812.67      540.33        0.00
     0     5      816.00      539.67        0.00
     0     5      820.00      538.33        0.00
     0     5      823.33      537.00        0.00
     0     5      828.00      535.67        0.00
     0     5      833.33      534.33        0.00
     0     5      836.67      533.00        0.00
     0     5      840.67      531.00        0.00
     0     5      844.00      529.67        0.00
     0     5      847.33      528.33        0.00
     0     5      850.67      526.33        0.00
     0     5      854.00      525.00        0.00
     0     5      857.33      523.67        0.00
     0     5      861.33      523.00        0.00
     0     5      865.33      521.67        0.00
     0     5      868.67      521.00        0.00
     0     5      872.67      519.67        0.00
     0     5      876.00      519.00        0.00
     0     5      880.67      518.33        0.00
     0     5      884.00      517.67        0.00
     0     5      887.33      517.67        0.00
     0     5      891.33      517.00        0.00
     0     5      894.67      515.67        0.00
     0     5      898.00      515.00        0.00
     0     5      901.33      514.33        0.00
     0     5      905.33      513.00        0.00
     0     5      908.67      513.00        0.00
     0     5      912.00      511.67        0.00
     0     5      915.33      511.00        0.00
     0     5      918.67      509.67        0.00
     0     5      922.00      509.00        0.00
     0     5      925.33      507.67        0.00
     0     5      928.67      507.00        0.00
     0     5      932.00      506.33        0.00
     0     5      935.33      505.67        0.00
     0     5      938.67      505.67        0.00
     0     5      942.00      505.00        0.00
     0     5      945.33      504.33        0.00
     0     5      948.67      504.33        0.00
     0     5      952.00      504.33        0.00
     0     5      955.33      504.33        0.00
     0     5      958.67      505.00        0.00
     0     5      962.00      505.67        0.00
     0     5      965.33      507.00        0.00
     0     5      968.00      509.00        0.00
     0     5      970.00      512.33        0.00
     0     5      971.33      515.67        0.00
     0     5      971.33      519.00        0.00
     0     5      971.33      522.33        0.00
     0     5      972.00      525.67        0.00
     0     5      973.33      529.00        0.00
     0     5      972.67      532.33        0.00
     0     5      971.33      535.67        0.00
     0     5      969.33      539.00        0.00
     0     5      968.00      542.33        0.00
     0     5      965.33      545.00        0.00
     0     5      963.33      548.33        0.00
     0     5      961.33      551.67        0.00
     0     5      959.33      555.00        0.00
     0     5      958.00      558.33        0.00
     0     5      956.00      561.00        0.00
     0     5      954.00      563.67        0.00
     0     5      952.00      566.33        0.00
     0     5      949.33      569.00        0.00
     0     5      947.33      571.67        0.00
     0     5      945.33      574.33        0.00
     0     5      942.00      577.00        0.00
     0     5      939.33      579.00        0.00
     0     5      936.67      581.67        0.00
     0     5      934.67      584.33        0.00
     0     5      932.00      586.33        0.00
     0     5      929.33      589.00        0.00
     0     5      926.67      591.67        0.00
     0     5      924.00      594.33        0.00
     0     5      922.00      597.00        0.00
     0     5      918.67      599.00        0.00
     0     5      916.00      601.00        0.00
     0     5      913.33      603.00        0.00
     0     5      910.67      605.00        0.00
     0     5      908.00      607.00        0.00
     0     5      905.33      609.00        0.00
     0     5      903.33      611.67        0.00
     0     5      900.67      614.33        0.00
     0     5      898.00      616.33        0.00
     0     5      896.00      619.00        0.00
     0     5      893.33      621.00        0.00
     0     5      890.67      623.00        0.00
     0     5      888.00      625.00        0.00
     0     5      885.33      627.00        0.00
     0     5      882.67      629.00        0.00
     0     5      880.00      631.00        0.00
     0     5      877.33      633.00        0.00
     0     5      874.00      635.00        0.00
     0     5      870.67      636.33        0.00
     0     5      868.00      638.33        0.00
     0     5      864.67      640.33        0.00
     0     5      861.33      641.67        0.00
     0     5      858.67      643.67        0.00
     0     5      855.33      645.00        0.00
     0     5      852.67      647.00        0.00
     0     5      850.00      649.67        0.00
     0     5      847.33      651.67        0.00
     0     5      845.33      654.33        0.00
     0     5      842.67      657.00        0.00
     0     5      840.00      659.67        0.00
     0     5      838.00      662.33        0.00
     0     5      836.00      665.00        0.00
     0     5      833.33      667.00        0.00
     0     5      830.67      669.67        0.00
     0     5      828.00      671.67        0.00
     0     5      825.33      674.33        0.00
     0     5      822.00      675.67        0.00
     0     5      819.33      677.67        0.00
     0     5      816.67      679.67        0.00
     0     5      814.00      681.67        0.00
     0     5      810.67      683.00        0.00
     0     6      545.00      480.67        0.00
     0     6      547.67      478.67        0.00
     0     6      549.67      476.00        0.00
     0     6      551.67      472.67        0.00
     0     6      553.00      469.33        0.00
     0     6      555.00      466.67        0.00
     0     6      556.33      463.33        0.00
     0     6      557.00      460.00        0.00
     0     6      558.33      456.67        0.00
     0     6      559.00      453.33        0.00
     0     6      560.33      450.00        0.00
     0     6      561.67      446.67        0.00
     0     6      563.00      443.33        0.00
     0     6      564.33      440.00        0.00
     0     6      565.67      436.67        0.00
     0     6      567.67      433.33        0.00
     0     6      569.67      430.00        0.00
     0     6      571.67      427.33        0.00
     0     6      573.67      424.67        0.00
     0     6      575.67      422.00        0.00
     0     6      577.67      419.33        0.00
     0     6      579.67      416.00        0.00
     0     6      581.67      412.67        0.00
     0     6      583.00      409.33        0.00
     0     6      585.00      406.67        0.00
     0     6      586.33      403.33        0.00
     0     6      588.33      400.00        0.00
     0     6      589.67      396.67        0.00
     0     6      591.67      393.33        0.00
     0     6      593.67      390.00        0.00
     0     6      595.67      386.67        0.00
     0     6      597.67      383.33        0.00
     0     6      599.67      380.67        0.00
     0     6      601.67      378.00        0.00
     0     6      603.67      375.33        0.00
     0     6      606.33      372.67        0.00
     0     6      608.33      370.00        0.00
     0     6      611.00      368.00        0.00
     0     6      613.67      366.00        0.00
     0     6      617.00      364.67        0.00
     0     6      620.33      362.67        0.00
     0     6      623.67      361.33        0.00
     0     6      627.00      360.00        0.00
     0     6      630.33      358.67        0.00
     0     6      633.67      358.00        0.00
     0     6      637.00      357.33        0.00
     0     6      640.33      357.33        0.00
     0     6      643.67      357.33        0.00
     0     6      647.00      358.67        0.00
     0     6      650.33      360.67        0.00
     0     6      653.00      362.67        0.00
     0     6      655.67      364.67        0.00
     0     6      657.67      367.33        0.00
     0     6      660.33      370.00        0.00
     0     6      662.33      372.67        0.00
     0     6      664.33      375.33        0.00
     0     6      665.67      378.67        0.00
     0     6      666.33      382.00        0.00
     0     6      666.33      385.33        0.00
     0     6      666.33      388.67        0.00
     0     6      665.67      392.00        0.00
     0     6      663.67      395.33        0.00
     0     6      662.33      398.67        0.00
     0     6      661.00      402.00        0.00
     0     6      659.67      405.33        0.00
     0     6      657.67      408.67        0.00
     0     6      656.33      412.00        0.00
     0     6      655.00      415.33        0.00
     0     6      653.67      418.67        0.00
     0     6      652.33      422.00        0.00
     0     6      651.00      425.33        0.00
     0     6      649.00      428.00        0.00
     0     6      647.67      431.33        0.00
     0     6      645.67      434.00        0.00
     0     6      645.00      437.33        0.00
     0     6      643.00      440.00        0.00
     0     6      641.67      443.33        0.00
     0     6      640.33      446.67        0.00
     0     6      639.00      450.00        0.00
     0     6      638.33      453.33        0.00
     0     6      636.33      456.67        0.00
     0     6      634.33      460.00        0.00
     0     6      632.33      463.33        0.00
     0     6      630.33      466.00        0.00
     0     6      628.33      469.33        0.00
     0     6      626.33      472.67        0.00
     0     6      625.00      476.00        0.00
     0     6      623.00      478.67        0.00
     0     6      621.67      482.00        0.00
     0     6      620.33      485.33        0.00
     0     6      618.33      488.00        0.00
     0     6      617.00      491.33        0.00
     0     6      615.67      494.67        0.00
     0     6      614.33      498.00        0.00
     0     6      612.33      501.33        0.00
     0     6      610.33      504.67        0.00
     0     6      609.00      508.00        0.00
     0     6      607.00      510.67        0.00
     0     6      605.67      514.00        0.00
     0     6      603.67      516.67        0.00
     0     6      602.33      520.00        0.00
     0     6      601.00      523.33        0.00
     0     6      599.67      526.67        0.00
     0     6      598.33      530.00        0.00
     0     6      597.67      533.33        0.00
     0     6      596.33      536.67        0.00
     0     6      595.00      540.00        0.00
     0     6      593.67      543.33        0.00
     0     6      592.33      546.67        0.00
     0     6      591.00      550.00        0.00
     0     6      590.33      553.33        0.00
     0     6      589.00      556.67        0.00
     0     6      589.00      560.00        0.00
     0     6      588.33      563.33        0.00
     0     6      587.67      567.33        0.00
     0     6      587.67      570.67        0.00
     0     6      587.00      574.00        0.00
     0     6      586.33      577.33        0.00
     0     6      586.33      580.67        0.00
     0     6      585.67      584.00        0.00
     0     6      584.33      587.33        0.00
     0     6      583.00      590.67        0.00
     0     6      577.67      614.33        0.00
     0     6      575.67      617.00        0.00
     0     6      575.00      620.33        0.00
     0     6      574.33      623.67        0.00
     0     6      573.67      627.00        0.00
     0     6      573.67      630.33        0.00
     0     6      573.67      633.67        0.00
     0     6      573.00      637.00        0.00
     0     6      573.00      640.33        0.00
     0     6      573.00      643.67        0.00
     0     6      573.00      647.00        0.00
     0     6      573.00      650.33        0.00
     0     6      573.00      653.67        0.00
     0     6      573.00      657.00        0.00
     0     6      573.00      660.33        0.00
     0     6      573.00      663.67        0.00
     0     6      572.33      667.00        0.00
     0     6      571.67      670.33        0.00
     0     6      571.00      673.67        0.00
     0     6      570.33      677.00        0.00
     0     6      569.00      680.33        0.00
     0     6      568.33      683.67        0.00
     0     6      567.00      687.00        0.00
     0     6      565.67      690.33        0.00
     0     6      564.33      693.67        0.00
     0     6      563.00      697.00        0.00
     0     6      561.67      700.33        0.00
     0     6      561.00      703.67        0.00
     0     6      560.33      707.00        0.00
     0     6      559.67      710.33        0.00
     0     6      559.00      713.67        0.00
     0     6      558.33      717.00        0.00
     0     6      557.67      720.33        0.00
     0     6      557.00      723.67        0.00
     0     6      556.33      727.00        0.00
     0     6      555.67      730.33        0.00
     0     6      555.67      733.67        0.00
     0     6      555.00      737.00        0.00
     0     6      555.00      740.33        0.00
     0     6      553.67      743.67        0.00
     0     6      553.67      747.00        0.00
     0     6      553.00      750.33        0.00
     0     6      553.00      753.67        0.00
     0     6      552.33      757.00        0.00
     0     6      551.67      760.33        0.00
     0     6      551.00      763.67        0.00
     0     6      550.33      767.00        0.00
     0     6      549.67      770.33        0.00
     0     6      549.00      773.67        0.00
     0     6      548.33      777.00        0.00
     0     6      547.67      780.33        0.00
     0     6      547.67      783.67        0.00
     0     6      547.00      787.67        0.00
     0     6      546.33      791.00        0.00
     0     6      546.33      794.33        0.00
     0     6      545.67      797.67        0.00
     0     6      545.67      801.00        0.00
     0     6      545.67      804.33        0.00
     0     6      545.00      807.67        0.00
     0     6      545.00      811.00        0.00
     0     6      545.00      814.33        0.00
     0     6      545.67      817.67        0.00
     0     6      546.33      821.00        0.00
     0     6      547.00      824.33        0.00
     0     6      547.67      827.67        0.00
     0     6      548.33      831.00        0.00
     0     6      548.33      834.33        0.00
     0     6      549.00      837.67        0.00
     0     6      549.67      841.00        0.00
     0     6      549.67      844.33        0.00
     0     6      547.33      860.00        0.00
     0     6      547.33      863.33        0.00
     0     6      547.33      866.67        0.00
     0     6      547.33      870.00        0.00
     0     6      546.67      873.33        0.00
     0     6      546.67      876.67        0.00
     0     6      545.33      880.00        0.00
     0     6      544.00      883.33        0.00
     0     6      542.00      886.67        0.00
     0     6      540.00      889.33        0.00
     0     6      537.33      892.00        0.00
     0     6      535.33      894.67        0.00
     0     6      533.33      898.00        0.00
     0     6      531.33      900.67        0.00
     0     6      529.33      904.00        0.00
     0     6      527.33      907.33        0.00
     0     6      524.67      910.00        0.00
     0     6      522.00      912.00        0.00
     0     6      519.33      914.67        0.00
     0     6      516.67      917.33        0.00
     0     6      514.00      919.33        0.00
     0     6      512.00      922.00        0.00
     0     6      509.33      924.67        0.00
     0     6      506.67      926.67        0.00
     0     6      504.00      928.67        0.00
     0     6      500.67      930.67        0.00
     0     6      498.00      932.67        0.00
     0     6      495.33      934.67        0.00
     0     6      492.67      937.33        0.00
     0     6      489.33      939.33        0.00
     0     6      486.67      941.33        0.00
     0     6      484.00      943.33        0.00
     0     6      482.00      946.00        0.00
     0     6      480.00      948.67        0.00
     0     6      477.33      950.67        0.00
     0     6      474.00      952.00        0.00
     0     6      470.67      952.67        0.00
     0     6      467.33      953.33        0.00
     0     6      464.00      954.00        0.00
     0     6      460.67      954.00        0.00
     0     6      457.33      954.00        0.00
     0     6      454.00      952.67        0.00
     0     6      451.33      950.67        0.00
     0     6      448.67      948.00        0.00
     0     6      446.00      945.33        0.00
     0     6      444.00      942.67        0.00
     0     6      441.33      940.67        0.00
     0     6      439.33      938.00        0.00
     0     6      438.00      934.67        0.00
     0     6      437.33      931.33        0.00
     0     6      437.33      928.00        0.00
     0     6      437.33      924.67        0.00
     0     6      438.00      921.33        0.00
     0     6      439.33      918.00        0.00
     0     6      440.00      914.67        0.00
     0     6      441.33      911.33        0.00
     0     6      442.67      908.00        0.00
     0     6      444.00      904.67        0.00
     0     6      445.33      901.33        0.00
     0     6      446.00      898.00        0.00
     0     6      448.00      894.67        0.00
     0     6      449.33      891.33        0.00
     0     6      450.67      888.00        0.00
     0     6      451.33      884.67        0.00
     0     6      452.67      881.33        0.00
     0     6      454.00      878.00        0.00
     0     6      454.67      874.67        0.00
     0     6      455.33      871.33        0.00
     0     6      457.33      868.67        0.00
     0     6      459.33      865.33        0.00
     0     6      460.67      862.00        0.00
     0     6      462.00      858.67        0.00
     0     6      463.33      855.33        0.00
     0     6      464.00      852.00        0.00
     0     6      464.00      848.67        0.00
     0     6      464.67      845.33        0.00
     0     6      464.67      842.00        0.00
     0     6      465.33      838.67        0.00
     0     6      465.33      835.33        0.00
     0     6      465.33      832.00        0.00
     0     6      465.33      828.67        0.00
     0     6      465.33      825.33        0.00
     0     6      465.33      822.00        0.00
     0     6      465.33      818.67        0.00
     0     6      465.33      815.33        0.00
     0     6      465.33      812.00        0.00
     0     6      465.33      808.67        0.00
     0     6      465.33      805.33        0.00
     0     6      464.67      802.00        0.00
     0     6      464.67      798.67        0.00
     0     6      464.67      795.33        0.00
     0     6      464.67      792.00        0.00
     0     6      464.67      788.67        0.00
     0     6      464.67      785.33        0.00
     0     6      464.67      782.00        0.00
     0     6      464.67      778.67        0.00
     0     6      464.67      774.67        0.00
     0     6      464.67      770.67        0.00
     0     6      465.33      767.33        0.00
     0     6      466.00      764.00        0.00
     0     6      466.67      760.67        0.00
     0     6      466.67      757.33        0.00
     0     6      466.67      754.00        0.00
     0     6      467.33      750.67        0.00
     0     6      468.00      747.33        0.00
     0     6      468.00      744.00        0.00
     0     6      468.67      740.67        0.00
     0     6      469.33      737.33        0.00
     0     6      469.33      734.00        0.00
     0     6      470.00      730.67        0.00
     0     6      470.00      727.33        0.00
     0     6      474.67      713.00        0.00
     0     6      474.67      709.67        0.00
     0     6      474.00      706.33        0.00
     0     6      474.00      703.00        0.00
     0     6      473.33      699.00        0.00
     0     6      473.33      695.67        0.00
     0     6      473.33      692.33        0.00
     0     6      473.33      689.00        0.00
     0     6      473.33      685.00        0.00
     0     6      473.33      681.00        0.00
     0     6      473.33      677.00        0.00
     0     6      473.33      672.33        0.00
     0     6      474.00      668.33        0.00
     0     6      474.67      663.67        0.00
     0     6      476.00      659.00        0.00
     0     6      476.67      654.33        0.00
     0     6      477.33      651.00        0.00
     0     6      478.67      647.00        0.00
     0     6      479.33      643.67        0.00
     0     6      480.67      640.33        0.00
     0     6      482.00      635.67        0.00
     0     6      482.67      631.67        0.00
     0     6      483.33      625.67        0.00
     0     6      484.67      621.00        0.00
     0     6      486.00      615.00        0.00
     0     6      487.33      610.33        0.00
     0     6      488.67      605.00        0.00
     0     6      490.00      600.33        0.00
     0     6      491.33      595.67        0.00
     0     6      493.33      591.00        0.00
     0     6      495.33      587.00        0.00
     0     6      496.67      583.67        0.00
     0     6      497.33      579.67        0.00
     0     6      498.00      576.33        0.00
     0     6      500.00      572.33        0.00
     0     6      501.33      569.00        0.00
     0     6      502.00      565.67        0.00
     0     6      502.00      559.00        0.00
     0     6      502.67      553.67        0.00
     0     6      504.00      550.33        0.00
     0     6      505.33      547.00        0.00
     0     6      507.33      544.33        0.00
     0     6      509.33      541.00        0.00
     0     6      511.33      538.33        0.00
     0     6      512.67      535.00        0.00
     0     6      514.67      531.00        0.00
     0     6      516.00      527.67        0.00
     0     6      517.33      524.33        0.00
     0     6      519.33      521.00        0.00
     0     6      521.33      517.67        0.00
     0     6      522.67      514.33        0.00
     0     6      524.67      511.00        0.00
     0     6      526.00      507.67        0.00
     0     6      528.00      504.33        0.00
     0     6      530.00      501.67        0.00
     0     6      532.00      499.00        0.00
     0     6      534.67      497.00        0.00
     0     6      536.67      494.33        0.00
     0     6      538.67      491.67        0.00
     0     7      253.33      901.67        0.00
     0     7      246.67      902.33        0.00
     0     7      243.33      901.67        0.00
     0     7      240.00      899.67        0.00
     0     7      236.67      897.67        0.00
     0     7      234.00      895.67        0.00
     0     7      231.33      893.67        0.00
     0     7      227.33      889.67        0.00
     0     7      223.33      885.00        0.00
     0     7      220.00      881.00        0.00
     0     7      218.00      877.00        0.00
     0     7      216.00      873.67        0.00
     0     7      214.00      870.33        0.00
     0     7      212.67      865.67        0.00
     0     7      211.33      862.33        0.00
     0     7      210.67      859.00        0.00
     0     7      210.00      855.67        0.00
     0     7      209.33      852.33        0.00
     0     7      209.33      849.00        0.00
     0     7      209.33      845.00        0.00
     0     7      210.00      841.00        0.00
     0     7      210.67      837.67        0.00
     0     7      211.33      833.00        0.00
     0     7      212.67      829.67        0.00
     0     7      214.67      826.33        0.00
     0     7      216.00      823.00        0.00
     0     7      218.00      819.67        0.00
     0     7      220.00      817.00        0.00
     0     7      222.67      813.67        0.00
     0     7      225.33      811.00        0.00
     0     7      227.33      808.33        0.00
     0     7      230.00      805.67        0.00
     0     7      232.67      803.67        0.00
     0     7      235.33      801.00        0.00
     0     7      238.67      799.00        0.00
     0     7      242.00      797.00        0.00
     0     7      246.00      793.67        0.00
     0     7      249.33      791.67        0.00
     0     7      253.33      788.33        0.00
     0     7      256.00      786.33        0.00
     0     7      260.00      783.00        0.00
     0     7      262.00      780.33        0.00
     0     7      265.33      777.00        0.00
     0     7      268.00      775.00        0.00
     0     7      272.00      772.33        0.00
     0     7      276.00      769.67        0.00
     0     7      280.00      766.33        0.00
     0     7      284.00      764.33        0.00
     0     7      287.33      763.00        0.00
     0     7      292.00      760.33        0.00
     0     7      295.33      758.33        0.00
     0     7      301.33      756.33        0.00
     0     7      305.33      755.00        0.00
     0     7      309.33      753.00        0.00
     0     7      312.67      751.67        0.00
     0     7      316.67      750.33        0.00
     0     7      320.00      749.00        0.00
     0     7      323.33      747.67        0.00
     0     7      326.67      747.00        0.00
     0     7      330.00      747.00        0.00
     0     7      333.33      747.00        0.00
     0     7      336.67      747.67        0.00
     0     7      340.00      749.00        0.00
     0     7      343.33      750.33        0.00
     0     7      346.67      752.33        0.00
     0     7      350.00      754.33        0.00
     0     7      352.67      756.33        0.00
     0     7      355.33      758.33        0.00
     0     7      358.00      760.33        0.00
     0     7      360.00      763.67        0.00
     0     7      361.33      767.00        0.00
     0     7      361.33      770.33        0.00
     0     7      361.33      773.67        0.00
     0     7      360.67      777.00        0.00
     0     7      360.00      780.33        0.00
     0     7      358.67      783.67        0.00
     0     7      357.33      787.00        0.00
     0     7      356.00      790.33        0.00
     0     7      353.33      793.00        0.00
     0     7      351.33      795.67        0.00
     0     7      349.33      798.33        0.00
     0     7      347.33      801.00        0.00
     0     7      345.33      804.33        0.00
     0     7      343.33      807.67        0.00
     0     7      341.33      811.00        0.00
     0     7      339.33      813.67        0.00
     0     7      337.33      817.00        0.00
     0     7      336.00      820.33        0.00
     0     7      334.00      823.00        0.00
     0     7      332.00      826.33        0.00
     0     7      330.00      829.67        0.00
     0     7      328.00      833.00        0.00
     0     7      326.67      836.33        0.00
     0     7      325.33      839.67        0.00
     0     7      324.00      843.00        0.00
     0     7      322.00      845.67        0.00
     0     7      320.00      848.33        0.00
     0     7      318.00      851.00        0.00
     0     7      315.33      853.67        0.00
     0     7      312.67      855.67        0.00
     0     7      310.00      857.67        0.00
     0     7      307.33      859.67        0.00
     0     7      304.67      861.67        0.00
     0     7      302.00      863.67        0.00
     0     7      299.33      865.67        0.00
     0     7      296.67      867.67        0.00
     0     7      293.33      869.67        0.00
     0     7      290.67      871.67        0.00
     0     7      288.67      874.33        0.00
     0     7      286.00      876.33        0.00
     0     7      284.00      879.00        0.00
     0     7      281.33      881.00        0.00
     0     7      279.33      883.67        0.00
     0     7      276.67      885.67        0.00
     0     7      274.67      888.33        0.00
     0     7      272.00      890.33        0.00
     0     7      270.00      893.00        0.00
     0     7      267.33      895.00        0.00
     1     0      669.00      383.50        0.00
     1     0      667.00      385.00        0.00
     1     0      664.50      384.50        0.00
     1     0      663.00      382.50        0.00
     1     0      662.00      380.00        0.00
     1     0      662.00      377.50        0.00
     1     0      663.00      375.00        0.00
     1     0      664.50      373.00        0.00
     1     0      667.00      372.50        0.00
     1     0      669.00      374.00        0.00
     1     0      670.00      376.50        0.00
     1     0      670.50      379.00        0.00
