     0     0      572.00        1.33        0.00
     0     0      568.00        0.00        0.00
     0     0      565.33        2.67        0.00
     0     0      562.67        5.33        0.00
     0     0      560.00        8.00        0.00
     0     0      557.33       12.00        0.00
     0     0      554.67       14.67        0.00
     0     0      552.00       17.33        0.00
     0     0      549.33       21.33        0.00
     0     0      546.67       24.00        0.00
     0     0      544.00       26.67        0.00
     0     0      542.67       30.67        0.00
     0     0      540.00       33.33        0.00
     0     0      538.67       37.33        0.00
     0     0      537.33       41.33        0.00
     0     0      536.00       45.33        0.00
     0     0      534.67       49.33        0.00
     0     0      532.00       53.33        0.00
     0     0      530.67       57.33        0.00
     0     0      529.33       61.33        0.00
     0     0      526.67       64.00        0.00
     0     0      525.33       68.00        0.00
     0     0      522.67       72.00        0.00
     0     0      521.33       76.00        0.00
     0     0      520.00       80.00        0.00
     0     0      517.33       84.00        0.00
     0     0      516.00       88.00        0.00
     0     0      513.33       92.00        0.00
     0     0      512.00       96.00        0.00
     0     0      510.67      100.00        0.00
     0     0      509.33      104.00        0.00
     0     0      508.00      108.00        0.00
     0     0      508.00      112.00        0.00
     0     0      505.33      116.00        0.00
     0     0      504.00      120.00        0.00
     0     0      502.67      124.00        0.00
     0     0      501.33      128.00        0.00
     0     0      500.00      133.33        0.00
     0     0      498.67      137.33        0.00
     0     0      497.33      142.67        0.00
     0     0      496.00      146.67        0.00
     0     0      494.67      150.67        0.00
     0     0      493.33      156.00        0.00
     0     0      490.67      158.67        0.00
     0     0      489.33      164.00        0.00
     0     0      486.67      169.33        0.00
     0     0      484.00      173.33        0.00
     0     0      481.33      178.67        0.00
     0     0      477.33      184.00        0.00
     0     0      474.67      188.00        0.00
     0     0      473.33      192.00        0.00
     0     0      470.67      196.00        0.00
     0     0      468.00      200.00        0.00
     0     0      466.67      204.00        0.00
     0     0      465.33      208.00        0.00
     0     0      464.00      213.33        0.00
     0     0      462.67      218.67        0.00
     0     0      460.00      224.00        0.00
     0     0      457.33      228.00        0.00
     0     0      454.67      233.33        0.00
     0     0      450.67      240.00        0.00
     0     0      446.67      246.67        0.00
     0     0      444.00      252.00        0.00
     0     0      440.00      257.33        0.00
     0     0      436.00      264.00        0.00
     0     0      433.33      270.67        0.00
     0     0      432.00      274.67        0.00
     0     0      429.33      280.00        0.00
     0     0      428.00      284.00        0.00
     0     0      425.33      290.67        0.00
     0     0      424.00      297.33        0.00
     0     0      422.67      302.67        0.00
     0     0      420.00      306.67        0.00
     0     0      417.33      312.00        0.00
     0     0      416.00      317.33        0.00
     0     0      414.67      322.67        0.00
     0     0      413.33      326.67        0.00
     0     0      413.33      332.00        0.00
     0     0      413.33      340.00        0.00
     0     0      413.33      345.33        0.00
     0     0      413.33      350.67        0.00
     0     0      413.33      356.00        0.00
     0     0      413.33      362.67        0.00
     0     0      413.33      369.33        0.00
     0     0      412.00      373.33        0.00
     0     0      410.67      377.33        0.00
     0     0      410.67      381.33        0.00
     0     0      409.33      385.33        0.00
     0     0      408.00      390.67        0.00
     0     0      408.00      394.67        0.00
     0     0      408.00      398.67        0.00
     0     0      408.00      404.00        0.00
     0     0      408.00      408.00        0.00
     0     0      408.00      412.00        0.00
     0     0      406.67      417.33        0.00
     0     0      402.67      422.67        0.00
     0     0      400.00      426.67        0.00
     0     0      397.33      432.00        0.00
     0     0      396.00      437.33        0.00
     0     0      394.67      445.33        0.00
     0     0      394.67      450.67        0.00
     0     0      393.33      456.00        0.00
     0     0      392.00      461.33        0.00
     0     0      390.67      465.33        0.00
     0     0      388.00      472.00        0.00
     0     0      386.67      477.33        0.00
     0     0      385.33      484.00        0.00
     0     0      384.00      488.00        0.00
     0     0      382.67      492.00        0.00
     0     0      382.67      496.00        0.00
     0     0      382.67      500.00        0.00
     0     0      382.67      504.00        0.00
     0     0      381.33      508.00        0.00
     0     0      380.00      512.00        0.00
     0     0      378.67      516.00        0.00
     0     0      376.00      518.67        0.00
     0     0      374.67      524.00        0.00
     0     0      372.00      529.33        0.00
     0     0      370.67      534.67        0.00
     0     0      369.33      538.67        0.00
     0     0      369.33      542.67        0.00
     0     0      369.33      546.67        0.00
     0     0      369.33      550.67        0.00
     0     0      369.33      554.67        0.00
     0     0      369.33      558.67        0.00
     0     0      369.33      562.67        0.00
     0     0      369.33      566.67        0.00
     0     0      369.33      570.67        0.00
     0     0      369.33      574.67        0.00
     0     0      370.67      578.67        0.00
     0     0      373.33      582.67        0.00
     0     0      374.67      586.67        0.00
     0     0      377.33      589.33        0.00
     0     0      380.00      592.00        0.00
     0     0      384.00      596.00        0.00
     0     0      386.67      600.00        0.00
     0     0      390.67      604.00        0.00
     0     0      393.33      608.00        0.00
     0     0      396.00      610.67        0.00
     0     0      400.00      612.00        0.00
     0     0      404.00      613.33        0.00
     0     0      408.00      614.67        0.00
     0     0      412.00      614.67        0.00
     0     0      416.00      614.67        0.00
     0     0      420.00      614.67        0.00
     0     0      424.00      613.33        0.00
     0     0      428.00      613.33        0.00
     0     0      433.33      613.33        0.00
     0     0      437.33      612.00        0.00
     0     0      444.00      612.00        0.00
     0     0      448.00      610.67        0.00
     0     0      454.67      608.00        0.00
     0     0      461.33      605.33        0.00
     0     0      465.33      602.67        0.00
     0     0      469.33      600.00        0.00
     0     0      473.33      594.67        0.00
     0     0      477.33      590.67        0.00
     0     0      481.33      586.67        0.00
     0     0      485.33      580.00        0.00
     0     0      488.00      574.67        0.00
     0     0      492.00      569.33        0.00
     0     0      497.33      562.67        0.00
     0     0      500.00      557.33        0.00
     0     0      502.67      552.00        0.00
     0     0      508.00      546.67        0.00
     0     0      512.00      542.67        0.00
     0     0      516.00      537.33        0.00
     0     0      520.00      532.00        0.00
     0     0      524.00      528.00        0.00
     0     0      526.67      521.33        0.00
     0     0      529.33      516.00        0.00
     0     0      533.33      509.33        0.00
     0     0      536.00      504.00        0.00
     0     0      538.67      496.00        0.00
     0     0      540.00      492.00        0.00
     0     0      541.33      486.67        0.00
     0     0      542.67      481.33        0.00
     0     0      544.00      477.33        0.00
     0     0      546.67      472.00        0.00
     0     0      549.33      466.67        0.00
     0     0      552.00      461.33        0.00
     0     0      554.67      457.33        0.00
     0     0      557.33      453.33        0.00
     0     0      560.00      448.00        0.00
     0     0      561.33      444.00        0.00
     0     0      562.67      437.33        0.00
     0     0      564.00      432.00        0.00
     0     0      566.67      426.67        0.00
     0     0      566.67      421.33        0.00
     0     0      568.00      416.00        0.00
     0     0      569.33      409.33        0.00
     0     0      569.33      405.33        0.00
     0     0      570.67      400.00        0.00
     0     0      572.00      394.67        0.00
     0     0      572.00      390.67        0.00
     0     0      574.67      388.00        0.00
     0     0      576.00      384.00        0.00
     0     0      577.33      380.00        0.00
     0     0      578.67      376.00        0.00
     0     0      580.00      370.67        0.00
     0     0      581.33      364.00        0.00
     0     0      582.67      358.67        0.00
     0     0      584.00      352.00        0.00
     0     0      586.67      342.67        0.00
     0     0      588.00      336.00        0.00
     0     0      589.33      329.33        0.00
     0     0      590.67      324.00        0.00
     0     0      593.33      318.67        0.00
     0     0      594.67      314.67        0.00
     0     0      596.00      309.33        0.00
     0     0      597.33      305.33        0.00
     0     0      600.00      301.33        0.00
     0     0      601.33      297.33        0.00
     0     0      602.67      293.33        0.00
     0     0      604.00      289.33        0.00
     0     0      606.67      285.33        0.00
     0     0      608.00      281.33        0.00
     0     0      609.33      277.33        0.00
     0     0      612.00      272.00        0.00
     0     0      613.33      268.00        0.00
     0     0      614.67      264.00        0.00
     0     0      616.00      260.00        0.00
     0     0      617.33      256.00        0.00
     0     0      620.00      252.00        0.00
     0     0      621.33      248.00        0.00
     0     0      624.00      244.00        0.00
     0     0      626.67      237.33        0.00
     0     0      629.33      233.33        0.00
     0     0      632.00      229.33        0.00
     0     0      636.00      224.00        0.00
     0     0      638.67      220.00        0.00
     0     0      640.00      216.00        0.00
     0     0      641.33      212.00        0.00
     0     0      644.00      209.33        0.00
     0     0      646.67      206.67        0.00
     0     0      648.00      202.67        0.00
     0     0      650.67      200.00        0.00
     0     0      653.33      196.00        0.00
     0     0      654.67      192.00        0.00
     0     0      656.00      188.00        0.00
     0     0      657.33      184.00        0.00
     0     0      657.33      180.00        0.00
     0     0      658.67      176.00        0.00
     0     0      658.67      172.00        0.00
     0     0      660.00      168.00        0.00
     0     0      660.00      162.67        0.00
     0     0      661.33      158.67        0.00
     0     0      661.33      153.33        0.00
     0     0      662.67      149.33        0.00
     0     0      662.67      145.33        0.00
     0     0      664.00      141.33        0.00
     0     0      665.33      137.33        0.00
     0     0      666.67      133.33        0.00
     0     0      668.00      129.33        0.00
     0     0      669.33      125.33        0.00
     0     0      670.67      121.33        0.00
     0     0      672.00      117.33        0.00
     0     0      673.33      113.33        0.00
     0     0      674.67      109.33        0.00
     0     0      677.33      106.67        0.00
     0     0      678.67      102.67        0.00
     0     0      680.00       98.67        0.00
     0     0      682.67       94.67        0.00
     0     0      684.00       90.67        0.00
     0     0      685.33       86.67        0.00
     0     0      686.67       82.67        0.00
     0     0      689.33       80.00        0.00
     0     0      689.33       76.00        0.00
     0     0      690.67       72.00        0.00
     0     0      693.33       69.33        0.00
     0     0      693.33       65.33        0.00
     0     0      696.00       61.33        0.00
     0     0      697.33       57.33        0.00
     0     0      697.33       53.33        0.00
     0     0      698.67       49.33        0.00
     0     0      701.33       46.67        0.00
     0     0      702.67       42.67        0.00
     0     0      704.00       38.67        0.00
     0     0      706.67       36.00        0.00
     0     0      709.33       32.00        0.00
     0     0      712.00       29.33        0.00
     0     0      714.67       26.67        0.00
     0     0      717.33       24.00        0.00
     0     0      720.00       21.33        0.00
     0     0      724.00       20.00        0.00
     0     0      728.00       18.67        0.00
     0     0      732.00       18.67        0.00
     0     0      736.00       18.67        0.00
     0     0      741.33       18.67        0.00
     0     0      748.00       18.67        0.00
     0     0      757.33       20.00        0.00
     0     0      765.33       21.33        0.00
     0     0      769.33       22.67        0.00
     0     0      776.00       24.00        0.00
     0     0      781.33       26.67        0.00
     0     0      786.67       29.33        0.00
     0     0      793.33       33.33        0.00
     0     0      797.33       34.67        0.00
     0     0      800.00       37.33        0.00
     0     0      802.67       41.33        0.00
     0     0      805.33       44.00        0.00
     0     0      806.67       48.00        0.00
     0     0      808.00       52.00        0.00
     0     0      810.67       56.00        0.00
     0     0      812.00       60.00        0.00
     0     0      812.00       64.00        0.00
     0     0      812.00       68.00        0.00
     0     0      812.00       72.00        0.00
     0     0      812.00       76.00        0.00
     0     0      810.67       80.00        0.00
     0     0      810.67       85.33        0.00
     0     0      809.33       90.67        0.00
     0     0      808.00       94.67        0.00
     0     0      806.67      101.33        0.00
     0     0      805.33      106.67        0.00
     0     0      802.67      113.33        0.00
     0     0      800.00      118.67        0.00
     0     0      798.67      124.00        0.00
     0     0      796.00      129.33        0.00
     0     0      794.67      134.67        0.00
     0     0      793.33      144.00        0.00
     0     0      792.00      149.33        0.00
     0     0      789.33      158.67        0.00
     0     0      788.00      164.00        0.00
     0     0      785.33      170.67        0.00
     0     0      784.00      177.33        0.00
     0     0      781.33      184.00        0.00
     0     0      778.67      189.33        0.00
     0     0      776.00      196.00        0.00
     0     0      774.67      201.33        0.00
     0     0      772.00      205.33        0.00
     0     0      772.00      212.00        0.00
     0     0      770.67      217.33        0.00
     0     0      769.33      224.00        0.00
     0     0      768.00      229.33        0.00
     0     0      765.33      237.33        0.00
     0     0      764.00      244.00        0.00
     0     0      762.67      250.67        0.00
     0     0      760.00      258.67        0.00
     0     0      758.67      262.67        0.00
     0     0      757.33      268.00        0.00
     0     0      757.33      274.67        0.00
     0     0      756.00      281.33        0.00
     0     0      756.00      286.67        0.00
     0     0      756.00      293.33        0.00
     0     0      756.00      298.67        0.00
     0     0      756.00      304.00        0.00
     0     0      756.00      310.67        0.00
     0     0      756.00      316.00        0.00
     0     0      756.00      321.33        0.00
     0     0      754.67      325.33        0.00
     0     0      754.67      329.33        0.00
     0     0      754.67      333.33        0.00
     0     0      753.33      337.33        0.00
     0     0      753.33      341.33        0.00
     0     0      753.33      345.33        0.00
     0     0      752.00      349.33        0.00
     0     0      749.33      353.33        0.00
     0     0      749.33      357.33        0.00
     0     0      746.67      360.00        0.00
     0     0      744.00      364.00        0.00
     0     0      740.00      370.67        0.00
     0     0      734.67      378.67        0.00
     0     0      732.00      385.33        0.00
     0     0      728.00      392.00        0.00
     0     0      725.33      397.33        0.00
     0     0      724.00      401.33        0.00
     0     0      722.67      405.33        0.00
     0     0      721.33      409.33        0.00
     0     0      721.33      413.33        0.00
     0     0      721.33      417.33        0.00
     0     0      718.67      421.33        0.00
     0     0      717.33      425.33        0.00
     0     0      716.00      429.33        0.00
     0     0      713.33      432.00        0.00
     0     0      710.67      434.67        0.00
     0     0      709.33      438.67        0.00
     0     0      708.00      442.67        0.00
     0     0      705.33      445.33        0.00
     0     0      702.67      449.33        0.00
     0     0      700.00      453.33        0.00
     0     0      698.67      457.33        0.00
     0     0      696.00      460.00        0.00
     0     0      693.33      462.67        0.00
     0     0      690.67      466.67        0.00
     0     0      688.00      470.67        0.00
     0     0      686.67      474.67        0.00
     0     0      684.00      477.33        0.00
     0     0      682.67      481.33        0.00
     0     0      680.00      485.33        0.00
     0     0      677.33      489.33        0.00
     0     0      674.67      493.33        0.00
     0     0      672.00      497.33        0.00
     0     0      668.00      501.33        0.00
     0     0      665.33      505.33        0.00
     0     0      662.67      510.67        0.00
     0     0      660.00      514.67        0.00
     0     0      657.33      518.67        0.00
     0     0      654.67      522.67        0.00
     0     0      652.00      528.00        0.00
     0     0      649.33      530.67        0.00
     0     0      646.67      534.67        0.00
     0     0      644.00      537.33        0.00
     0     0      642.67      541.33        0.00
     0     0      640.00      544.00        0.00
     0     0      637.33      548.00        0.00
     0     0      636.00      552.00        0.00
     0     0      633.33      554.67        0.00
     0     0      630.67      557.33        0.00
     0     0      628.00      561.33        0.00
     0     0      625.33      566.67        0.00
     0     0      622.67      570.67        0.00
     0     0      620.00      573.33        0.00
     0     0      618.67      577.33        0.00
     0     0      617.33      581.33        0.00
     0     0      616.00      585.33        0.00
     0     0      614.67      589.33        0.00
     0     0      613.33      593.33        0.00
     0     0      612.00      597.33        0.00
     0     0      609.33      601.33        0.00
     0     0      608.00      605.33        0.00
     0     0      605.33      608.00        0.00
     0     0      604.00      612.00        0.00
     0     0      601.33      616.00        0.00
     0     0      598.67      618.67        0.00
     0     0      596.00      621.33        0.00
     0     0      592.00      625.33        0.00
     0     0      589.33      628.00        0.00
     0     0      585.33      630.67        0.00
     0     0      581.33      633.33        0.00
     0     0      578.67      637.33        0.00
     0     0      576.00      640.00        0.00
     0     0      572.00      642.67        0.00
     0     0      569.33      645.33        0.00
     0     0      566.67      648.00        0.00
     0     0      562.67      650.67        0.00
     0     0      560.00      653.33        0.00
     0     0      529.33      683.33        0.00
     0     0      524.00      688.67        0.00
     0     0      521.33      692.67        0.00
     0     0      520.00      696.67        0.00
     0     0      517.33      699.33        0.00
     0     0      514.67      703.33        0.00
     0     0      512.00      706.00        0.00
     0     0      509.33      708.67        0.00
     0     0      506.67      711.33        0.00
     0     0      504.00      715.33        0.00
     0     0      501.33      719.33        0.00
     0     0      500.00      723.33        0.00
     0     0      497.33      726.00        0.00
     0     0      494.67      728.67        0.00
     0     0      493.33      732.67        0.00
     0     0      490.67      735.33        0.00
     0     0      489.33      739.33        0.00
     0     0      486.67      742.00        0.00
     0     0      482.67      746.00        0.00
     0     0      478.67      750.00        0.00
     0     0      476.00      754.00        0.00
     0     0      473.33      758.00        0.00
     0     0      470.67      760.67        0.00
     0     0      465.33      764.67        0.00
     0     0      462.67      767.33        0.00
     0     0      458.67      771.33        0.00
     0     0      454.67      776.67        0.00
     0     0      450.67      780.67        0.00
     0     0      446.67      783.33        0.00
     0     0      441.33      788.67        0.00
     0     0      437.33      792.67        0.00
     0     0      433.33      796.67        0.00
     0     0      432.00      800.67        0.00
     0     0      429.33      804.67        0.00
     0     0      425.33      808.67        0.00
     0     0      420.00      812.67        0.00
     0     0      416.00      818.00        0.00
     0     0      412.00      822.00        0.00
     0     0      409.33      824.67        0.00
     0     0      406.67      827.33        0.00
     0     0      404.00      831.33        0.00
     0     0      400.00      834.00        0.00
     0     0      397.33      836.67        0.00
     0     0      394.67      840.67        0.00
     0     0      390.67      844.67        0.00
     0     0      386.67      847.33        0.00
     0     0      384.00      851.33        0.00
     0     0      380.00      855.33        0.00
     0     0      376.00      859.33        0.00
     0     0      372.00      863.33        0.00
     0     0      368.00      866.00        0.00
     0     0      364.00      868.67        0.00
     0     0      358.67      872.67        0.00
     0     0      354.67      875.33        0.00
     0     0      349.33      878.00        0.00
     0     0      342.67      880.67        0.00
     0     0      338.67      883.33        0.00
     0     0      334.67      886.00        0.00
     0     0      330.67      886.00        0.00
     0     0      325.33      887.33        0.00
     0     0      318.67      888.67        0.00
     0     0      312.00      888.67        0.00
     0     0      304.00      888.67        0.00
     0     0      298.67      888.67        0.00
     0     0      289.33      890.00        0.00
     0     0      281.33      890.00        0.00
     0     0      273.33      890.00        0.00
     0     0      264.00      888.67        0.00
     0     0      260.00      887.33        0.00
     0     0      256.00      886.00        0.00
     0     0      250.67      883.33        0.00
     0     0      242.67      878.00        0.00
     0     0      237.33      875.33        0.00
     0     0      229.33      871.33        0.00
     0     0      224.00      868.67        0.00
     0     0      220.00      867.33        0.00
     0     0      212.00      864.67        0.00
     0     0      205.33      860.67        0.00
     0     0      200.00      858.00        0.00
     0     0      192.00      854.00        0.00
     0     0      188.00      850.00        0.00
     0     0      182.67      847.33        0.00
     0     0      176.00      842.00        0.00
     0     0      170.67      838.00        0.00
     0     0      168.00      835.33        0.00
     0     0      164.00      831.33        0.00
     0     0      161.33      826.00        0.00
     0     0      156.00      820.67        0.00
     0     0      152.00      815.33        0.00
     0     0      149.33      807.33        0.00
     0     0      148.00      802.00        0.00
     0     0      146.67      796.67        0.00
     0     0      145.33      790.00        0.00
     0     0      142.67      782.00        0.00
     0     0      141.33      776.67        0.00
     0     0      140.00      771.33        0.00
     0     0      138.67      766.00        0.00
     0     0      134.67      759.33        0.00
     0     0      130.67      751.33        0.00
     0     0      129.33      747.33        0.00
     0     0      126.67      740.67        0.00
     0     0      125.33      735.33        0.00
     0     0      122.67      728.67        0.00
     0     0      120.00      722.00        0.00
     0     0      120.00      716.67        0.00
     0     0      117.33      710.00        0.00
     0     0      114.67      706.00        0.00
     0     0      114.67      700.67        0.00
     0     0      113.33      695.33        0.00
     0     0      112.00      687.33        0.00
     0     0      112.00      682.00        0.00
     0     0      113.33      672.67        0.00
     0     0      113.33      666.00        0.00
     0     0      114.67      659.33        0.00
     0     0      116.00      650.00        0.00
     0     0      117.33      642.00        0.00
     0     0      120.00      635.33        0.00
     0     0      122.67      630.00        0.00
     0     0      126.67      623.33        0.00
     0     0      129.33      619.33        0.00
     0     0      132.00      614.00        0.00
     0     0      134.67      610.00        0.00
     0     0      138.67      606.00        0.00
     0     0      140.00      602.00        0.00
     0     0      142.67      598.00        0.00
     0     0      145.33      594.00        0.00
     0     0      146.67      590.00        0.00
     0     0      148.00      586.00        0.00
     0     0      150.67      582.00        0.00
     0     0      152.00      578.00        0.00
     0     0      153.33      574.00        0.00
     0     0      156.00      570.00        0.00
     0     0      157.33      564.67        0.00
     0     0      158.67      559.33        0.00
     0     0      162.67      555.33        0.00
     0     0      164.00      550.00        0.00
     0     0      166.67      544.67        0.00
     0     0      168.00      540.67        0.00
     0     0      170.67      535.33        0.00
     0     0      172.00      531.33        0.00
     0     0      173.33      526.00        0.00
     0     0      176.00      522.00        0.00
     0     0      178.67      518.00        0.00
     0     0      181.33      514.00        0.00
     0     0      184.00      511.33        0.00
     0     0      185.33      506.00        0.00
     0     0      188.00      502.00        0.00
     0     0      192.00      496.67        0.00
     0     0      194.67      492.67        0.00
     0     0      196.00      488.67        0.00
     0     0      198.67      482.00        0.00
     0     0      200.00      478.00        0.00
     0     0      202.67      472.67        0.00
     0     0      205.33      467.33        0.00
     0     0      208.00      462.00        0.00
     0     0      210.67      456.67        0.00
     0     0      213.33      451.33        0.00
     0     0      216.00      446.00        0.00
     0     0      218.67      439.33        0.00
     0     0      221.33      432.67        0.00
     0     0      222.67      427.33        0.00
     0     0      225.33      420.67        0.00
     0     0      226.67      414.00        0.00
     0     0      229.33      407.33        0.00
     0     0      230.67      402.00        0.00
     0     0      233.33      394.00        0.00
     0     0      234.67      387.33        0.00
     0     0      236.00      379.33        0.00
     0     0      238.67      372.67        0.00
     0     0      240.00      367.33        0.00
     0     0      241.33      359.33        0.00
     0     0      242.67      352.67        0.00
     0     0      245.33      346.00        0.00
     0     0      246.67      340.67        0.00
     0     0      248.00      334.00        0.00
     0     0      249.33      328.67        0.00
     0     0      252.00      322.00        0.00
     0     0      253.33      315.33        0.00
     0     0      254.67      308.67        0.00
     0     0      256.00      300.67        0.00
     0     0      257.33      292.67        0.00
     0     0      260.00      283.33        0.00
     0     0      261.33      275.33        0.00
     0     0      262.67      267.33        0.00
     0     0      264.00      260.67        0.00
     0     0      266.67      254.00        0.00
     0     0      269.33      246.00        0.00
     0     0      270.67      242.00        0.00
     0     0      273.33      235.33        0.00
     0     0      276.00      230.00        0.00
     0     0      280.00      224.67        0.00
     0     0      282.67      219.33        0.00
     0     0      288.00      212.67        0.00
     0     0      290.67      208.67        0.00
     0     0      296.00      203.33        0.00
     0     0      300.00      198.00        0.00
     0     0      304.00      192.67        0.00
     0     0      309.33      186.00        0.00
     0     0      313.33      179.33        0.00
     0     0      318.67      172.67        0.00
     0     0      321.33      166.00        0.00
     0     0      326.67      160.67        0.00
     0     0      332.00      156.67        0.00
     0     0      336.00      152.67        0.00
     0     0      338.67      148.67        0.00
     0     0      342.67      146.00        0.00
     0     0      346.67      142.00        0.00
     0     0      349.33      138.00        0.00
     0     0      353.33      134.00        0.00
     0     0      356.00      130.00        0.00
     0     0      358.67      124.67        0.00
     0     0      361.33      119.33        0.00
     0     0      364.00      111.33        0.00
     0     0      366.67      107.33        0.00
     0     0      368.00      102.00        0.00
     0     0      370.67       96.67        0.00
     0     0      373.33       92.67        0.00
     0     0      374.67       87.33        0.00
     0     0      374.67       83.33        0.00
     0     0      376.00       79.33        0.00
     0     0      377.33       75.33        0.00
     0     0      378.67       71.33        0.00
     0     0      381.33       68.67        0.00
     0     0      382.67       64.67        0.00
     0     0      384.00       60.67        0.00
     0     0      385.33       56.67        0.00
     0     0      386.67       52.67        0.00
     0     0      388.00       48.67        0.00
     0     0      390.67       46.00        0.00
     0     0      392.00       42.00        0.00
     0     0      393.33       38.00        0.00
     0     0      396.00       35.33        0.00
     0     0      397.33       31.33        0.00
     0     0      398.67       27.33        0.00
     0     0      401.33       24.67        0.00
     0     0      404.00       22.00        0.00
     0     0      406.67       19.33        0.00
     0     0      410.67       18.00        0.00
     0     0      414.67       18.00        0.00
     0     1     1300.00       18.67        0.00
     0     1     1298.67       30.67        0.00
     0     1     1297.33       34.67        0.00
     0     1     1294.67       38.67        0.00
     0     1     1292.00       41.33        0.00
     0     1     1288.00       44.00        0.00
     0     1     1282.67       46.67        0.00
     0     1     1273.33       50.67        0.00
     0     1     1265.33       53.33        0.00
     0     1     1260.00       56.00        0.00
     0     1     1253.33       60.00        0.00
     0     1     1246.67       61.33        0.00
     0     1     1240.00       64.00        0.00
     0     1     1230.67       66.67        0.00
     0     1     1224.00       69.33        0.00
     0     1     1218.67       72.00        0.00
     0     1     1212.00       74.67        0.00
     0     1     1202.67       78.67        0.00
     0     1     1194.67       80.00        0.00
     0     1     1188.00       84.00        0.00
     0     1     1184.00       86.67        0.00
     0     1     1180.00       89.33        0.00
     0     1     1173.33       93.33        0.00
     0     1     1168.00       96.00        0.00
     0     1     1161.33      101.33        0.00
     0     1     1156.00      106.67        0.00
     0     1     1149.33      112.00        0.00
     0     1     1144.00      114.67        0.00
     0     1     1136.00      120.00        0.00
     0     1     1128.00      122.67        0.00
     0     1     1120.00      126.67        0.00
     0     1     1112.00      130.67        0.00
     0     1     1106.67      133.33        0.00
     0     1     1101.33      137.33        0.00
     0     1     1094.67      141.33        0.00
     0     1     1086.67      145.33        0.00
     0     1     1081.33      149.33        0.00
     0     1     1073.33      153.33        0.00
     0     1     1070.67      157.33        0.00
     0     1     1065.33      160.00        0.00
     0     1     1061.33      162.67        0.00
     0     1     1057.33      165.33        0.00
     0     1     1053.33      166.67        0.00
     0     1     1048.00      170.67        0.00
     0     1     1044.00      173.33        0.00
     0     1     1038.67      174.67        0.00
     0     1     1032.00      177.33        0.00
     0     1     1025.33      178.67        0.00
     0     1     1018.67      180.00        0.00
     0     1     1013.33      181.33        0.00
     0     1     1006.67      182.67        0.00
     0     1      998.67      184.00        0.00
     0     1      994.67      186.67        0.00
     0     1      989.33      188.00        0.00
     0     1      985.33      189.33        0.00
     0     1      981.33      189.33        0.00
     0     1      977.33      188.00        0.00
     0     1      973.33      186.67        0.00
     0     1      969.33      185.33        0.00
     0     1      966.67      182.67        0.00
     0     1      964.00      180.00        0.00
     0     1      961.33      176.00        0.00
     0     1      960.00      172.00        0.00
     0     1      958.67      168.00        0.00
     0     1      958.67      164.00        0.00
     0     1      957.33      160.00        0.00
     0     1      957.33      156.00        0.00
     0     1      957.33      152.00        0.00
     0     1      957.33      148.00        0.00
     0     1      957.33      142.67        0.00
     0     1      957.33      137.33        0.00
     0     1      960.00      132.00        0.00
     0     1      961.33      126.67        0.00
     0     1      964.00      121.33        0.00
     0     1      965.33      116.00        0.00
     0     1      968.00      110.67        0.00
     0     1      970.67      105.33        0.00
     0     1      973.33      100.00        0.00
     0     1      978.67       96.00        0.00
     0     1      981.33       90.67        0.00
     0     1      986.67       86.67        0.00
     0     1      990.67       82.67        0.00
     0     1      997.33       78.67        0.00
     0     1     1001.33       74.67        0.00
     0     1     1005.33       72.00        0.00
     0     1     1010.67       66.67        0.00
     0     1     1016.00       64.00        0.00
     0     1     1021.33       60.00        0.00
     0     1     1025.33       57.33        0.00
     0     1     1030.67       53.33        0.00
     0     1     1034.67       49.33        0.00
     0     1     1040.00       45.33        0.00
     0     1     1044.00       42.67        0.00
     0     1     1048.00       38.67        0.00
     0     1     1053.33       36.00        0.00
     0     1     1057.33       32.00        0.00
     0     1     1061.33       29.33        0.00
     0     1     1065.33       26.67        0.00
     0     1     1069.33       24.00        0.00
     0     1     1073.33       22.67        0.00
     0     1     1077.33       21.33        0.00
     0     1     1080.00       18.67        0.00
     0     1     1084.00       17.33        0.00
     0     1     1088.00       16.00        0.00
     0     1     1092.00       14.67        0.00
     0     1     1097.33       13.33        0.00
     0     1     1101.33       12.00        0.00
     0     1     1105.33       10.67        0.00
     0     1     1110.67       10.67        0.00
     0     1     1117.33        9.33        0.00
     0     1     1124.00        9.33        0.00
     0     1     1130.67        8.00        0.00
     0     1     1136.00        8.00        0.00
     0     1     1140.00        8.00        0.00
     0     1     1144.00        6.67        0.00
     0     1     1148.00        6.67        0.00
     0     1     1152.00        5.33        0.00
     0     1     1156.00        5.33        0.00
     0     1     1161.33        4.00        0.00
     0     1     1165.33        4.00        0.00
     0     1     1172.00        2.67        0.00
     0     1     1180.00        1.33        0.00
     0     1     1185.33        1.33        0.00
     0     1     1194.67        1.33        0.00
     0     1     1200.00        0.00        0.00
     0     1     1206.67        0.00        0.00
     0     1     1210.67        0.00        0.00
     0     1     1217.33       -1.33        0.00
     0     1     1221.33       -1.33        0.00
     0     1     1225.33       -1.33        0.00
     0     1     1232.00       -1.33        0.00
     0     1     1236.00       -1.33        0.00
     0     1     1242.67       -1.33        0.00
     0     1     1248.00        0.00        0.00
     0     1     1254.67        0.00        0.00
     0     1     1260.00        0.00        0.00
     0     1     1264.00        0.00        0.00
     0     1     1269.33        0.00        0.00
     0     1     1273.33        0.00        0.00
     0     1     1277.33       -1.33        0.00
     0     1     1281.33       -1.33        0.00
     0     1     1285.33       -1.33        0.00
     0     1     1289.33        0.00        0.00
     0     1     1293.33        0.00        0.00
     0     1     1296.00        2.67        0.00
