     0     0      351.00      408.00        0.00
     0     0      344.00      406.00        0.00
     0     0      341.00      405.00        0.00
     0     0      337.00      405.00        0.00
     0     0      333.00      405.00        0.00
     0     0      329.00      405.00        0.00
     0     0      325.00      405.00        0.00
     0     0      321.00      405.00        0.00
     0     0      317.00      405.00        0.00
     0     0      313.00      404.00        0.00
     0     0      310.00      402.00        0.00
     0     0      307.00      400.00        0.00
     0     0      304.00      397.00        0.00
     0     0      302.00      394.00        0.00
     0     0      300.00      391.00        0.00
     0     0      299.00      388.00        0.00
     0     0      296.00      385.00        0.00
     0     0      295.00      382.00        0.00
     0     0      294.00      379.00        0.00
     0     0      293.00      376.00        0.00
     0     0      292.00      373.00        0.00
     0     0      291.00      369.00        0.00
     0     0      291.00      365.00        0.00
     0     0      291.00      361.00        0.00
     0     0      291.00      357.00        0.00
     0     0      292.00      353.00        0.00
     0     0      293.00      349.00        0.00
     0     0      293.00      345.00        0.00
     0     0      294.00      342.00        0.00
     0     0      294.00      338.00        0.00
     0     0      295.00      334.00        0.00
     0     0      297.00      328.00        0.00
     0     0      298.00      324.00        0.00
     0     0      299.00      319.00        0.00
     0     0      300.00      315.00        0.00
     0     0      302.00      311.00        0.00
     0     0      303.00      307.00        0.00
     0     0      304.00      302.00        0.00
     0     0      305.00      299.00        0.00
     0     0      306.00      296.00        0.00
     0     0      308.00      292.00        0.00
     0     0      309.00      289.00        0.00
     0     0      311.00      285.00        0.00
     0     0      312.00      282.00        0.00
     0     0      314.00      279.00        0.00
     0     0      316.00      276.00        0.00
     0     0      318.00      273.00        0.00
     0     0      321.00      271.00        0.00
     0     0      324.00      269.00        0.00
     0     0      327.00      266.00        0.00
     0     0      330.00      264.00        0.00
     0     0      333.00      261.00        0.00
     0     0      337.00      260.00        0.00
     0     0      340.00      259.00        0.00
     0     0      343.00      258.00        0.00
     0     0      347.00      258.00        0.00
     0     0      351.00      258.00        0.00
     0     0      355.00      258.00        0.00
     0     0      358.00      259.00        0.00
     0     0      361.00      260.00        0.00
     0     0      364.00      262.00        0.00
     0     0      368.00      263.00        0.00
     0     0      371.00      265.00        0.00
     0     0      375.00      267.00        0.00
     0     0      380.00      269.00        0.00
     0     0      383.00      271.00        0.00
     0     0      386.00      273.00        0.00
     0     0      389.00      274.00        0.00
     0     0      391.00      277.00        0.00
     0     0      394.00      278.00        0.00
     0     0      397.00      281.00        0.00
     0     0      399.00      284.00        0.00
     0     0      401.00      287.00        0.00
     0     0      403.00      290.00        0.00
     0     0      404.00      293.00        0.00
     0     0      405.00      296.00        0.00
     0     0      407.00      299.00        0.00
     0     0      408.00      303.00        0.00
     0     0      409.00      307.00        0.00
     0     0      410.00      311.00        0.00
     0     0      411.00      315.00        0.00
     0     0      411.00      319.00        0.00
     0     0      411.00      323.00        0.00
     0     0      411.00      327.00        0.00
     0     0      411.00      331.00        0.00
     0     0      411.00      335.00        0.00
     0     0      411.00      339.00        0.00
     0     0      410.00      342.00        0.00
     0     0      410.00      346.00        0.00
     0     0      409.00      349.00        0.00
     0     0      408.00      352.00        0.00
     0     0      407.00      355.00        0.00
     0     0      406.00      358.00        0.00
     0     0      404.00      361.00        0.00
     0     0      402.00      364.00        0.00
     0     0      400.00      367.00        0.00
     0     0      397.00      369.00        0.00
     0     0      395.00      372.00        0.00
     0     0      392.00      375.00        0.00
     0     0      390.00      378.00        0.00
     0     0      388.00      381.00        0.00
     0     0      385.00      384.00        0.00
     0     0      382.00      386.00        0.00
     0     0      380.00      389.00        0.00
     0     0      377.00      391.00        0.00
     0     0      374.00      393.00        0.00
     0     0      372.00      396.00        0.00
     0     0      369.00      398.00        0.00
     0     0      366.00      401.00        0.00
     0     0      363.00      403.00        0.00
     0     1      419.00      605.00        0.00
     0     1      414.00      609.00        0.00
     0     1      411.00      611.00        0.00
     0     1      408.00      613.00        0.00
     0     1      405.00      614.00        0.00
     0     1      402.00      615.00        0.00
     0     1      399.00      616.00        0.00
     0     1      396.00      617.00        0.00
     0     1      393.00      618.00        0.00
     0     1      390.00      619.00        0.00
     0     1      387.00      620.00        0.00
     0     1      384.00      621.00        0.00
     0     1      380.00      622.00        0.00
     0     1      376.00      622.00        0.00
     0     1      373.00      623.00        0.00
     0     1      369.00      624.00        0.00
     0     1      363.00      624.00        0.00
     0     1      359.00      624.00        0.00
     0     1      355.00      624.00        0.00
     0     1      351.00      624.00        0.00
     0     1      346.00      623.00        0.00
     0     1      341.00      622.00        0.00
     0     1      337.00      620.00        0.00
     0     1      332.00      617.00        0.00
     0     1      328.00      613.00        0.00
     0     1      325.00      610.00        0.00
     0     1      323.00      605.00        0.00
     0     1      321.00      601.00        0.00
     0     1      320.00      596.00        0.00
     0     1      319.00      591.00        0.00
     0     1      318.00      585.00        0.00
     0     1      317.00      581.00        0.00
     0     1      317.00      574.00        0.00
     0     1      317.00      569.00        0.00
     0     1      317.00      564.00        0.00
     0     1      318.00      557.00        0.00
     0     1      319.00      552.00        0.00
     0     1      320.00      547.00        0.00
     0     1      323.00      541.00        0.00
     0     1      325.00      536.00        0.00
     0     1      326.00      531.00        0.00
     0     1      328.00      527.00        0.00
     0     1      330.00      524.00        0.00
     0     1      331.00      520.00        0.00
     0     1      332.00      515.00        0.00
     0     1      334.00      512.00        0.00
     0     1      336.00      508.00        0.00
     0     1      337.00      504.00        0.00
     0     1      338.00      501.00        0.00
     0     1      339.00      495.00        0.00
     0     1      341.00      490.00        0.00
     0     1      342.00      487.00        0.00
     0     1      343.00      483.00        0.00
     0     1      346.00      478.00        0.00
     0     1      348.00      474.00        0.00
     0     1      350.00      469.00        0.00
     0     1      353.00      467.00        0.00
     0     1      356.00      463.00        0.00
     0     1      359.00      459.00        0.00
     0     1      362.00      455.00        0.00
     0     1      364.00      452.00        0.00
     0     1      367.00      449.00        0.00
     0     1      369.00      446.00        0.00
     0     1      371.00      443.00        0.00
     0     1      373.00      440.00        0.00
     0     1      376.00      437.00        0.00
     0     1      378.00      434.00        0.00
     0     1      381.00      431.00        0.00
     0     1      383.00      427.00        0.00
     0     1      385.00      424.00        0.00
     0     1      389.00      419.00        0.00
     0     1      391.00      416.00        0.00
     0     1      393.00      413.00        0.00
     0     1      395.00      410.00        0.00
     0     1      397.00      407.00        0.00
     0     1      398.00      404.00        0.00
     0     1      399.00      401.00        0.00
     0     1      400.00      398.00        0.00
     0     1      401.00      395.00        0.00
     0     1      402.00      391.00        0.00
     0     1      404.00      388.00        0.00
     0     1      405.00      384.00        0.00
     0     1      406.00      381.00        0.00
     0     1      408.00      377.00        0.00
     0     1      409.00      372.00        0.00
     0     1      409.00      368.00        0.00
     0     1      410.00      365.00        0.00
     0     1      411.00      362.00        0.00
     0     1      412.00      359.00        0.00
     0     1      414.00      356.00        0.00
     0     1      415.00      353.00        0.00
     0     1      416.00      350.00        0.00
     0     1      417.00      347.00        0.00
     0     1      418.00      344.00        0.00
     0     1      420.00      341.00        0.00
     0     1      421.00      338.00        0.00
     0     1      422.00      335.00        0.00
     0     1      422.00      331.00        0.00
     0     1      422.00      327.00        0.00
     0     1      422.00      323.00        0.00
     0     1      422.00      319.00        0.00
     0     1      422.00      315.00        0.00
     0     1      421.00      312.00        0.00
     0     1      421.00      308.00        0.00
     0     1      420.00      305.00        0.00
     0     1      420.00      301.00        0.00
     0     1      419.00      298.00        0.00
     0     1      418.00      294.00        0.00
     0     1      418.00      290.00        0.00
     0     1      417.00      287.00        0.00
     0     1      416.00      283.00        0.00
     0     1      415.00      280.00        0.00
     0     1      414.00      276.00        0.00
     0     1      414.00      272.00        0.00
     0     1      413.00      269.00        0.00
     0     1      413.00      265.00        0.00
     0     1      412.00      262.00        0.00
     0     1      411.00      259.00        0.00
     0     1      410.00      256.00        0.00
     0     1      409.00      253.00        0.00
     0     1      408.00      249.00        0.00
     0     1      407.00      246.00        0.00
     0     1      406.00      242.00        0.00
     0     1      405.00      238.00        0.00
     0     1      404.00      233.00        0.00
     0     1      404.00      229.00        0.00
     0     1      403.00      224.00        0.00
     0     1      402.00      221.00        0.00
     0     1      402.00      217.00        0.00
     0     1      401.00      214.00        0.00
     0     1      400.00      211.00        0.00
     0     1      400.00      207.00        0.00
     0     1      399.00      204.00        0.00
     0     1      398.00      199.00        0.00
     0     1      398.00      194.00        0.00
     0     1      397.00      190.00        0.00
     0     1      397.00      185.00        0.00
     0     1      397.00      179.00        0.00
     0     1      396.00      174.00        0.00
     0     1      396.00      170.00        0.00
     0     1      396.00      165.00        0.00
     0     1      396.00      158.00        0.00
     0     1      396.00      154.00        0.00
     0     1      396.00      149.00        0.00
     0     1      396.00      144.00        0.00
     0     1      396.00      139.00        0.00
     0     1      395.00      135.00        0.00
     0     1      394.00      130.00        0.00
     0     1      394.00      125.00        0.00
     0     1      393.00      120.00        0.00
     0     1      393.00      114.00        0.00
     0     1      392.00      109.00        0.00
     0     1      392.00      105.00        0.00
     0     1      392.00       99.00        0.00
     0     1      391.00       94.00        0.00
     0     1      390.00       90.00        0.00
     0     1      390.00       85.00        0.00
     0     1      390.00       81.00        0.00
     0     1      390.00       77.00        0.00
     0     1      389.00       71.00        0.00
     0     1      389.00       67.00        0.00
     0     1      389.00       63.00        0.00
     0     1      389.00       59.00        0.00
     0     1      389.00       55.00        0.00
     0     1      390.00       51.00        0.00
     0     1      390.00       47.00        0.00
     0     1      390.00       43.00        0.00
     0     1      391.00       40.00        0.00
     0     1      391.00       36.00        0.00
     0     1      392.00       33.00        0.00
     0     1      392.00       29.00        0.00
     0     1      393.00       26.00        0.00
     0     1      394.00       23.00        0.00
     0     1      395.00       20.00        0.00
     0     1      393.00       17.00        0.00
     0     1      407.00        2.00        0.00
     0     1      507.00        2.00        0.00
     0     1      507.00        6.00        0.00
     0     1      508.00        9.00        0.00
     0     1      508.00       13.00        0.00
     0     1      509.00       16.00        0.00
     0     1      509.00       20.00        0.00
     0     1      509.00       25.00        0.00
     0     1      509.00       29.00        0.00
     0     1      510.00       33.00        0.00
     0     1      511.00       38.00        0.00
     0     1      511.00       43.00        0.00
     0     1      511.00       48.00        0.00
     0     1      511.00       53.00        0.00
     0     1      512.00       57.00        0.00
     0     1      512.00       61.00        0.00
     0     1      512.00       65.00        0.00
     0     1      513.00       69.00        0.00
     0     1      513.00       73.00        0.00
     0     1      513.00       77.00        0.00
     0     1      513.00       81.00        0.00
     0     1      514.00       84.00        0.00
     0     1      514.00       88.00        0.00
     0     1      515.00       91.00        0.00
     0     1      515.00       96.00        0.00
     0     1      515.00      101.00        0.00
     0     1      515.00      105.00        0.00
     0     1      515.00      109.00        0.00
     0     1      515.00      114.00        0.00
     0     1      515.00      118.00        0.00
     0     1      515.00      122.00        0.00
     0     1      515.00      127.00        0.00
     0     1      515.00      132.00        0.00
     0     1      515.00      137.00        0.00
     0     1      515.00      142.00        0.00
     0     1      515.00      147.00        0.00
     0     1      515.00      151.00        0.00
     0     1      515.00      155.00        0.00
     0     1      515.00      159.00        0.00
     0     1      515.00      163.00        0.00
     0     1      515.00      167.00        0.00
     0     1      515.00      171.00        0.00
     0     1      515.00      175.00        0.00
     0     1      515.00      179.00        0.00
     0     1      515.00      183.00        0.00
     0     1      514.00      186.00        0.00
     0     1      513.00      190.00        0.00
     0     1      512.00      194.00        0.00
     0     1      511.00      197.00        0.00
     0     1      510.00      201.00        0.00
     0     1      510.00      205.00        0.00
     0     1      509.00      208.00        0.00
     0     1      508.00      211.00        0.00
     0     1      507.00      214.00        0.00
     0     1      507.00      218.00        0.00
     0     1      506.00      221.00        0.00
     0     1      506.00      225.00        0.00
     0     1      506.00      229.00        0.00
     0     1      506.00      233.00        0.00
     0     1      506.00      237.00        0.00
     0     1      506.00      241.00        0.00
     0     1      506.00      245.00        0.00
     0     1      508.00      248.00        0.00
     0     1      509.00      251.00        0.00
     0     1      510.00      254.00        0.00
     0     1      511.00      257.00        0.00
     0     1      512.00      260.00        0.00
     0     1      513.00      263.00        0.00
     0     1      514.00      266.00        0.00
     0     1      515.00      269.00        0.00
     0     1      516.00      272.00        0.00
     0     1      517.00      275.00        0.00
     0     1      519.00      279.00        0.00
     0     1      520.00      283.00        0.00
     0     1      521.00      287.00        0.00
     0     1      522.00      291.00        0.00
     0     1      522.00      295.00        0.00
     0     1      522.00      299.00        0.00
     0     1      522.00      304.00        0.00
     0     1      523.00      309.00        0.00
     0     1      523.00      314.00        0.00
     0     1      523.00      318.00        0.00
     0     1      522.00      322.00        0.00
     0     1      521.00      325.00        0.00
     0     1      519.00      328.00        0.00
     0     1      518.00      331.00        0.00
     0     1      517.00      334.00        0.00
     0     1      516.00      337.00        0.00
     0     1      515.00      340.00        0.00
     0     1      514.00      343.00        0.00
     0     1      514.00      347.00        0.00
     0     1      513.00      350.00        0.00
     0     1      512.00      353.00        0.00
     0     1      510.00      356.00        0.00
     0     1      509.00      359.00        0.00
     0     1      508.00      362.00        0.00
     0     1      507.00      365.00        0.00
     0     1      506.00      368.00        0.00
     0     1      505.00      371.00        0.00
     0     1      505.00      375.00        0.00
     0     1      502.00      395.00        0.00
     0     1      500.00      405.00        0.00
     0     1      499.00      409.00        0.00
     0     1      498.00      413.00        0.00
     0     1      497.00      418.00        0.00
     0     1      496.00      422.00        0.00
     0     1      495.00      426.00        0.00
     0     1      493.00      432.00        0.00
     0     1      491.00      436.00        0.00
     0     1      489.00      440.00        0.00
     0     1      486.00      445.00        0.00
     0     1      484.00      448.00        0.00
     0     1      482.00      453.00        0.00
     0     1      481.00      457.00        0.00
     0     1      479.00      461.00        0.00
     0     1      478.00      464.00        0.00
     0     1      476.00      470.00        0.00
     0     1      474.00      475.00        0.00
     0     1      473.00      480.00        0.00
     0     1      472.00      484.00        0.00
     0     1      472.00      488.00        0.00
     0     1      472.00      492.00        0.00
     0     1      472.00      497.00        0.00
     0     1      471.00      501.00        0.00
     0     1      471.00      507.00        0.00
     0     1      469.00      512.00        0.00
     0     1      468.00      517.00        0.00
     0     1      467.00      520.00        0.00
     0     1      466.00      523.00        0.00
     0     1      465.00      527.00        0.00
     0     1      463.00      531.00        0.00
     0     1      461.00      535.00        0.00
     0     1      460.00      539.00        0.00
     0     1      458.00      544.00        0.00
     0     1      456.00      547.00        0.00
     0     1      454.00      552.00        0.00
     0     1      453.00      555.00        0.00
     0     1      451.00      560.00        0.00
     0     1      451.00      564.00        0.00
     0     1      450.00      568.00        0.00
     0     1      449.00      571.00        0.00
     0     1      449.00      575.00        0.00
     0     1      448.00      579.00        0.00
     0     1      447.00      584.00        0.00
     0     1      446.00      589.00        0.00
     0     1      445.00      592.00        0.00
     0     1      443.00      595.00        0.00
     0     1      441.00      598.00        0.00
     0     1      439.00      601.00        0.00
     0     1      437.00      604.00        0.00
     0     1      436.00      607.00        0.00
     0     2      457.00     1029.00        0.00
     0     2      460.00     1026.00        0.00
     0     2      462.00     1023.00        0.00
     0     2      464.00     1020.00        0.00
     0     2      465.00     1017.00        0.00
     0     2      468.00     1014.00        0.00
     0     2      469.00     1011.00        0.00
     0     2      472.00     1008.00        0.00
     0     2      473.00     1005.00        0.00
     0     2      475.00     1002.00        0.00
     0     2      476.00      999.00        0.00
     0     2      477.00      996.00        0.00
     0     2      478.00      993.00        0.00
     0     2      479.00      990.00        0.00
     0     2      481.00      987.00        0.00
     0     2      482.00      982.00        0.00
     0     2      484.00      979.00        0.00
     0     2      486.00      976.00        0.00
     0     2      488.00      972.00        0.00
     0     2      490.00      969.00        0.00
     0     2      492.00      966.00        0.00
     0     2      493.00      963.00        0.00
     0     2      494.00      960.00        0.00
     0     2      496.00      957.00        0.00
     0     2      499.00      954.00        0.00
     0     2      502.00      952.00        0.00
     0     2      504.00      949.00        0.00
     0     2      507.00      947.00        0.00
     0     2      509.00      944.00        0.00
     0     2      512.00      942.00        0.00
     0     2      515.00      941.00        0.00
     0     2      518.00      939.00        0.00
     0     2      521.00      935.00        0.00
     0     2      525.00      933.00        0.00
     0     2      528.00      930.00        0.00
     0     2      530.00      927.00        0.00
     0     2      533.00      925.00        0.00
     0     2      534.00      922.00        0.00
     0     2      535.00      919.00        0.00
     0     2      536.00      916.00        0.00
     0     2      538.00      913.00        0.00
     0     2      539.00      910.00        0.00
     0     2      540.00      907.00        0.00
     0     2      541.00      904.00        0.00
     0     2      542.00      901.00        0.00
     0     2      543.00      898.00        0.00
     0     2      545.00      895.00        0.00
     0     2      546.00      892.00        0.00
     0     2      547.00      889.00        0.00
     0     2      548.00      886.00        0.00
     0     2      549.00      883.00        0.00
     0     2      551.00      880.00        0.00
     0     2      552.00      877.00        0.00
     0     2      554.00      874.00        0.00
     0     2      555.00      871.00        0.00
     0     2      558.00      868.00        0.00
     0     2      559.00      865.00        0.00
     0     2      561.00      862.00        0.00
     0     2      563.00      859.00        0.00
     0     2      565.00      856.00        0.00
     0     2      567.00      853.00        0.00
     0     2      568.00      850.00        0.00
     0     2      569.00      847.00        0.00
     0     2      571.00      844.00        0.00
     0     2      573.00      841.00        0.00
     0     2      574.00      838.00        0.00
     0     2      576.00      835.00        0.00
     0     2      578.00      832.00        0.00
     0     2      581.00      830.00        0.00
     0     2      582.00      827.00        0.00
     0     2      585.00      825.00        0.00
     0     2      587.00      822.00        0.00
     0     2      588.00      819.00        0.00
     0     2      591.00      816.00        0.00
     0     2      593.00      813.00        0.00
     0     2      594.00      810.00        0.00
     0     2      596.00      807.00        0.00
     0     2      598.00      804.00        0.00
     0     2      600.00      801.00        0.00
     0     2      602.00      798.00        0.00
     0     2      604.00      795.00        0.00
     0     2      607.00      792.00        0.00
     0     2      610.00      789.00        0.00
     0     2      612.00      786.00        0.00
     0     2      614.00      783.00        0.00
     0     2      617.00      780.00        0.00
     0     2      619.00      777.00        0.00
     0     2      621.00      774.00        0.00
     0     2      623.00      771.00        0.00
     0     2      624.00      768.00        0.00
     0     2      625.00      764.00        0.00
     0     2      626.00      761.00        0.00
     0     2      627.00      758.00        0.00
     0     2      628.00      754.00        0.00
     0     2      629.00      751.00        0.00
     0     2      629.00      747.00        0.00
     0     2      630.00      744.00        0.00
     0     2      631.00      741.00        0.00
     0     2      632.00      738.00        0.00
     0     2      633.00      735.00        0.00
     0     2      635.00      732.00        0.00
     0     2      637.00      729.00        0.00
     0     2      639.00      726.00        0.00
     0     2      641.00      723.00        0.00
     0     2      643.00      720.00        0.00
     0     2      645.00      717.00        0.00
     0     2      647.00      714.00        0.00
     0     2      648.00      711.00        0.00
     0     2      650.00      708.00        0.00
     0     2      651.00      705.00        0.00
     0     2      652.00      702.00        0.00
     0     2      653.00      699.00        0.00
     0     2      655.00      696.00        0.00
     0     2      657.00      693.00        0.00
     0     2      659.00      690.00        0.00
     0     2      661.00      687.00        0.00
     0     2      663.00      684.00        0.00
     0     2      665.00      681.00        0.00
     0     2      668.00      679.00        0.00
     0     2      671.00      676.00        0.00
     0     2      674.00      673.00        0.00
     0     2      676.00      670.00        0.00
     0     2      679.00      667.00        0.00
     0     2      680.00      664.00        0.00
     0     2      681.00      661.00        0.00
     0     2      682.00      657.00        0.00
     0     2      682.00      653.00        0.00
     0     2      682.00      649.00        0.00
     0     2      682.00      645.00        0.00
     0     2      683.00      642.00        0.00
     0     2      684.00      638.00        0.00
     0     2      686.00      635.00        0.00
     0     2      688.00      632.00        0.00
     0     2      691.00      630.00        0.00
     0     2      694.00      628.00        0.00
     0     2      697.00      626.00        0.00
     0     2      700.00      623.00        0.00
     0     2      703.00      621.00        0.00
     0     2      705.00      618.00        0.00
     0     2      707.00      615.00        0.00
     0     2      709.00      612.00        0.00
     0     2      710.00      609.00        0.00
     0     2      711.00      605.00        0.00
     0     2      711.00      601.00        0.00
     0     2      711.00      597.00        0.00
     0     2      711.00      593.00        0.00
     0     2      712.00      589.00        0.00
     0     2      712.00      585.00        0.00
     0     2      712.00      581.00        0.00
     0     2      712.00      577.00        0.00
     0     2      713.00      574.00        0.00
     0     2      714.00      571.00        0.00
     0     2      715.00      567.00        0.00
     0     2      716.00      564.00        0.00
     0     2      717.00      561.00        0.00
     0     2      718.00      558.00        0.00
     0     2      719.00      554.00        0.00
     0     2      718.00      549.00        0.00
     0     2      718.00      545.00        0.00
     0     2      729.00      520.00        0.00
     0     2      729.00      516.00        0.00
     0     2      730.00      513.00        0.00
     0     2      732.00      510.00        0.00
     0     2      733.00      507.00        0.00
     0     2      734.00      504.00        0.00
     0     2      735.00      501.00        0.00
     0     2      737.00      498.00        0.00
     0     2      739.00      495.00        0.00
     0     2      740.00      492.00        0.00
     0     2      742.00      489.00        0.00
     0     2      742.00      485.00        0.00
     0     2      743.00      482.00        0.00
     0     2      743.00      478.00        0.00
     0     2      743.00      474.00        0.00
     0     2      743.00      470.00        0.00
     0     2      743.00      466.00        0.00
     0     2      744.00      462.00        0.00
     0     2      744.00      458.00        0.00
     0     2      744.00      454.00        0.00
     0     2      744.00      450.00        0.00
     0     2      745.00      447.00        0.00
     0     2      745.00      443.00        0.00
     0     2      745.00      439.00        0.00
     0     2      746.00      434.00        0.00
     0     2      747.00      430.00        0.00
     0     2      748.00      425.00        0.00
     0     2      749.00      421.00        0.00
     0     2      750.00      417.00        0.00
     0     2      751.00      414.00        0.00
     0     2      752.00      411.00        0.00
     0     2      753.00      408.00        0.00
     0     2      754.00      404.00        0.00
     0     2      755.00      401.00        0.00
     0     2      756.00      397.00        0.00
     0     2      757.00      394.00        0.00
     0     2      757.00      390.00        0.00
     0     2      757.00      386.00        0.00
     0     2      757.00      382.00        0.00
     0     2      757.00      378.00        0.00
     0     2      757.00      374.00        0.00
     0     2      757.00      369.00        0.00
     0     2      757.00      365.00        0.00
     0     2      758.00      361.00        0.00
     0     2      758.00      357.00        0.00
     0     2      759.00      354.00        0.00
     0     2      760.00      350.00        0.00
     0     2      760.00      346.00        0.00
     0     2      760.00      342.00        0.00
     0     2      761.00      338.00        0.00
     0     2      762.00      335.00        0.00
     0     2      763.00      331.00        0.00
     0     2      765.00      327.00        0.00
     0     2      766.00      323.00        0.00
     0     2      767.00      320.00        0.00
     0     2      768.00      315.00        0.00
     0     2      769.00      312.00        0.00
     0     2      770.00      308.00        0.00
     0     2      770.00      303.00        0.00
     0     2      772.00      298.00        0.00
     0     2      773.00      293.00        0.00
     0     2      773.00      289.00        0.00
     0     2      774.00      283.00        0.00
     0     2      774.00      279.00        0.00
     0     2      775.00      274.00        0.00
     0     2      775.00      270.00        0.00
     0     2      775.00      266.00        0.00
     0     2      776.00      263.00        0.00
     0     2      776.00      259.00        0.00
     0     2      776.00      255.00        0.00
     0     2      776.00      251.00        0.00
     0     2      776.00      247.00        0.00
     0     2      776.00      243.00        0.00
     0     2      775.00      239.00        0.00
     0     2      774.00      235.00        0.00
     0     2      773.00      232.00        0.00
     0     2      772.00      229.00        0.00
     0     2      771.00      226.00        0.00
     0     2      770.00      223.00        0.00
     0     2      770.00      219.00        0.00
     0     2      770.00      215.00        0.00
     0     2      770.00      210.00        0.00
     0     2      770.00      206.00        0.00
     0     2      770.00      201.00        0.00
     0     2      770.00      196.00        0.00
     0     2      771.00      191.00        0.00
     0     2      772.00      185.00        0.00
     0     2      773.00      180.00        0.00
     0     2      774.00      174.00        0.00
     0     2      775.00      169.00        0.00
     0     2      776.00      166.00        0.00
     0     2      776.00      162.00        0.00
     0     2      777.00      158.00        0.00
     0     2      779.00      153.00        0.00
     0     2      781.00      149.00        0.00
     0     2      783.00      143.00        0.00
     0     2      785.00      138.00        0.00
     0     2      788.00      134.00        0.00
     0     2      790.00      130.00        0.00
     0     2      792.00      127.00        0.00
     0     2      795.00      124.00        0.00
     0     2      798.00      120.00        0.00
     0     2      802.00      116.00        0.00
     0     2      805.00      112.00        0.00
     0     2      811.00      109.00        0.00
     0     2      815.00      106.00        0.00
     0     2      819.00      102.00        0.00
     0     2      824.00      100.00        0.00
     0     2      828.00       98.00        0.00
     0     2      833.00       96.00        0.00
     0     2      839.00       94.00        0.00
     0     2      845.00       93.00        0.00
     0     2      852.00       92.00        0.00
     0     2      859.00       92.00        0.00
     0     2      864.00       91.00        0.00
     0     2      868.00       91.00        0.00
     0     2      872.00       91.00        0.00
     0     2      875.00       92.00        0.00
     0     2      878.00       93.00        0.00
     0     2      882.00       95.00        0.00
     0     2      885.00       97.00        0.00
     0     2      888.00       98.00        0.00
     0     2      891.00      100.00        0.00
     0     2      894.00      103.00        0.00
     0     2      896.00      106.00        0.00
     0     2      899.00      108.00        0.00
     0     2      902.00      110.00        0.00
     0     2      904.00      113.00        0.00
     0     2      906.00      116.00        0.00
     0     2      908.00      119.00        0.00
     0     2      909.00      122.00        0.00
     0     2      910.00      125.00        0.00
     0     2      910.00      129.00        0.00
     0     2      909.00      133.00        0.00
     0     2      909.00      137.00        0.00
     0     2      908.00      140.00        0.00
     0     2      907.00      145.00        0.00
     0     2      906.00      151.00        0.00
     0     2      905.00      154.00        0.00
     0     2      904.00      158.00        0.00
     0     2      904.00      162.00        0.00
     0     2      903.00      165.00        0.00
     0     2      902.00      170.00        0.00
     0     2      901.00      175.00        0.00
     0     2      900.00      179.00        0.00
     0     2      898.00      183.00        0.00
     0     2      897.00      189.00        0.00
     0     2      896.00      194.00        0.00
     0     2      895.00      198.00        0.00
     0     2      894.00      204.00        0.00
     0     2      893.00      209.00        0.00
     0     2      893.00      213.00        0.00
     0     2      893.00      219.00        0.00
     0     2      892.00      223.00        0.00
     0     2      892.00      228.00        0.00
     0     2      892.00      234.00        0.00
     0     2      892.00      238.00        0.00
     0     2      892.00      242.00        0.00
     0     2      892.00      247.00        0.00
     0     2      892.00      252.00        0.00
     0     2      892.00      257.00        0.00
     0     2      892.00      262.00        0.00
     0     2      893.00      267.00        0.00
     0     2      893.00      272.00        0.00
     0     2      893.00      276.00        0.00
     0     2      893.00      281.00        0.00
     0     2      893.00      285.00        0.00
     0     2      893.00      290.00        0.00
     0     2      894.00      294.00        0.00
     0     2      894.00      298.00        0.00
     0     2      895.00      303.00        0.00
     0     2      897.00      308.00        0.00
     0     2      898.00      312.00        0.00
     0     2      899.00      316.00        0.00
     0     2      900.00      320.00        0.00
     0     2      900.00      324.00        0.00
     0     2      900.00      328.00        0.00
     0     2      900.00      332.00        0.00
     0     2      900.00      336.00        0.00
     0     2      899.00      339.00        0.00
     0     2      898.00      342.00        0.00
     0     2      897.00      345.00        0.00
     0     2      896.00      348.00        0.00
     0     2      895.00      352.00        0.00
     0     2      894.00      355.00        0.00
     0     2      892.00      358.00        0.00
     0     2      891.00      362.00        0.00
     0     2      890.00      365.00        0.00
     0     2      889.00      368.00        0.00
     0     2      888.00      371.00        0.00
     0     2      887.00      374.00        0.00
     0     2      886.00      377.00        0.00
     0     2      886.00      381.00        0.00
     0     2      885.00      384.00        0.00
     0     2      884.00      388.00        0.00
     0     2      884.00      392.00        0.00
     0     2      883.00      395.00        0.00
     0     2      882.00      400.00        0.00
     0     2      882.00      404.00        0.00
     0     2      880.00      407.00        0.00
     0     2      880.00      411.00        0.00
     0     2      879.00      414.00        0.00
     0     2      878.00      417.00        0.00
     0     2      878.00      421.00        0.00
     0     2      877.00      424.00        0.00
     0     2      876.00      427.00        0.00
     0     2      875.00      430.00        0.00
     0     2      874.00      433.00        0.00
     0     2      873.00      436.00        0.00
     0     2      872.00      439.00        0.00
     0     2      871.00      442.00        0.00
     0     2      870.00      445.00        0.00
     0     2      869.00      448.00        0.00
     0     2      868.00      451.00        0.00
     0     2      867.00      454.00        0.00
     0     2      865.00      457.00        0.00
     0     2      864.00      460.00        0.00
     0     2      863.00      464.00        0.00
     0     2      862.00      468.00        0.00
     0     2      860.00      473.00        0.00
     0     2      858.00      477.00        0.00
     0     2      856.00      481.00        0.00
     0     2      854.00      485.00        0.00
     0     2      852.00      489.00        0.00
     0     2      849.00      492.00        0.00
     0     2      847.00      496.00        0.00
     0     2      845.00      500.00        0.00
     0     2      842.00      505.00        0.00
     0     2      841.00      510.00        0.00
     0     2      839.00      516.00        0.00
     0     2      837.00      522.00        0.00
     0     2      836.00      526.00        0.00
     0     2      835.00      530.00        0.00
     0     2      834.00      535.00        0.00
     0     2      833.00      538.00        0.00
     0     2      833.00      542.00        0.00
     0     2      832.00      545.00        0.00
     0     2      832.00      549.00        0.00
     0     2      831.00      552.00        0.00
     0     2      831.00      556.00        0.00
     0     2      830.00      559.00        0.00
     0     2      829.00      563.00        0.00
     0     2      828.00      567.00        0.00
     0     2      828.00      571.00        0.00
     0     2      827.00      574.00        0.00
     0     2      825.00      578.00        0.00
     0     2      824.00      582.00        0.00
     0     2      823.00      585.00        0.00
     0     2      822.00      588.00        0.00
     0     2      820.00      591.00        0.00
     0     2      819.00      594.00        0.00
     0     2      818.00      597.00        0.00
     0     2      817.00      600.00        0.00
     0     2      817.00      604.00        0.00
     0     2      816.00      607.00        0.00
     0     2      816.00      611.00        0.00
     0     2      816.00      615.00        0.00
     0     2      815.00      618.00        0.00
     0     2      815.00      622.00        0.00
     0     2      814.00      625.00        0.00
     0     2      813.00      628.00        0.00
     0     2      807.00      650.00        0.00
     0     2      807.00      657.00        0.00
     0     2      806.00      660.00        0.00
     0     2      805.00      663.00        0.00
     0     2      804.00      667.00        0.00
     0     2      803.00      671.00        0.00
     0     2      802.00      674.00        0.00
     0     2      801.00      677.00        0.00
     0     2      800.00      681.00        0.00
     0     2      798.00      684.00        0.00
     0     2      797.00      687.00        0.00
     0     2      796.00      690.00        0.00
     0     2      795.00      693.00        0.00
     0     2      794.00      697.00        0.00
     0     2      793.00      700.00        0.00
     0     2      793.00      704.00        0.00
     0     2      792.00      707.00        0.00
     0     2      790.00      710.00        0.00
     0     2      789.00      713.00        0.00
     0     2      788.00      716.00        0.00
     0     2      786.00      719.00        0.00
     0     2      784.00      722.00        0.00
     0     2      782.00      726.00        0.00
     0     2      780.00      729.00        0.00
     0     2      778.00      732.00        0.00
     0     2      776.00      736.00        0.00
     0     2      774.00      740.00        0.00
     0     2      772.00      743.00        0.00
     0     2      771.00      746.00        0.00
     0     2      770.00      750.00        0.00
     0     2      768.00      753.00        0.00
     0     2      767.00      756.00        0.00
     0     2      765.00      759.00        0.00
     0     2      764.00      763.00        0.00
     0     2      763.00      768.00        0.00
     0     2      761.00      772.00        0.00
     0     2      759.00      776.00        0.00
     0     2      757.00      781.00        0.00
     0     2      755.00      785.00        0.00
     0     2      753.00      788.00        0.00
     0     2      751.00      793.00        0.00
     0     2      749.00      796.00        0.00
     0     2      747.00      799.00        0.00
     0     2      745.00      802.00        0.00
     0     2      742.00      805.00        0.00
     0     2      740.00      808.00        0.00
     0     2      738.00      812.00        0.00
     0     2      736.00      815.00        0.00
     0     2      734.00      818.00        0.00
     0     2      732.00      821.00        0.00
     0     2      729.00      824.00        0.00
     0     2      727.00      827.00        0.00
     0     2      726.00      830.00        0.00
     0     2      723.00      833.00        0.00
     0     2      722.00      836.00        0.00
     0     2      720.00      839.00        0.00
     0     2      718.00      842.00        0.00
     0     2      716.00      845.00        0.00
     0     2      714.00      848.00        0.00
     0     2      712.00      851.00        0.00
     0     2      711.00      855.00        0.00
     0     2      709.00      859.00        0.00
     0     2      706.00      864.00        0.00
     0     2      704.00      868.00        0.00
     0     2      701.00      872.00        0.00
     0     2      698.00      876.00        0.00
     0     2      695.00      879.00        0.00
     0     2      692.00      884.00        0.00
     0     2      690.00      887.00        0.00
     0     2      686.00      891.00        0.00
     0     2      685.00      894.00        0.00
     0     2      683.00      897.00        0.00
     0     2      680.00      900.00        0.00
     0     2      677.00      904.00        0.00
     0     2      675.00      907.00        0.00
     0     2      672.00      909.00        0.00
     0     2      670.00      913.00        0.00
     0     2      667.00      916.00        0.00
     0     2      665.00      919.00        0.00
     0     2      663.00      922.00        0.00
     0     2      660.00      924.00        0.00
     0     2      658.00      927.00        0.00
     0     2      656.00      930.00        0.00
     0     2      654.00      933.00        0.00
     0     2      652.00      936.00        0.00
     0     2      649.00      939.00        0.00
     0     2      647.00      942.00        0.00
     0     2      643.00      946.00        0.00
     0     2      639.00      951.00        0.00
     0     2      636.00      954.00        0.00
     0     2      633.00      957.00        0.00
     0     2      631.00      962.00        0.00
     0     2      630.00      967.00        0.00
     0     2      628.00      972.00        0.00
     0     2      626.00      975.00        0.00
     0     2      624.00      979.00        0.00
     0     2      621.00      984.00        0.00
     0     2      617.00      987.00        0.00
     0     2      614.00      990.00        0.00
     0     2      612.00      993.00        0.00
     0     2      609.00      996.00        0.00
     0     2      607.00      999.00        0.00
     0     2      606.00     1002.00        0.00
     0     2      604.00     1005.00        0.00
     0     2      603.00     1008.00        0.00
     0     2      602.00     1011.00        0.00
     0     2      601.00     1014.00        0.00
     0     2      600.00     1017.00        0.00
     0     2      600.00     1021.00        0.00
     0     2      600.00     1025.00        0.00
     0     2      599.00     1028.00        0.00
     0     3      788.00       18.00        0.00
     0     3      790.00       11.00        0.00
     0     3      788.00       14.00        0.00
     0     3      787.00       17.00        0.00
     0     3      785.00       20.00        0.00
     0     3      782.00       23.00        0.00
     0     3      780.00       26.00        0.00
     0     3      777.00       28.00        0.00
     0     3      773.00       32.00        0.00
     0     3      767.00       37.00        0.00
     0     3      764.00       41.00        0.00
     0     3      760.00       44.00        0.00
     0     3      754.00       48.00        0.00
     0     3      750.00       51.00        0.00
     0     3      745.00       54.00        0.00
     0     3      741.00       57.00        0.00
     0     3      737.00       60.00        0.00
     0     3      733.00       63.00        0.00
     0     3      729.00       66.00        0.00
     0     3      725.00       69.00        0.00
     0     3      721.00       71.00        0.00
     0     3      716.00       73.00        0.00
     0     3      712.00       75.00        0.00
     0     3      706.00       76.00        0.00
     0     3      700.00       77.00        0.00
     0     3      696.00       78.00        0.00
     0     3      691.00       79.00        0.00
     0     3      685.00       81.00        0.00
     0     3      681.00       82.00        0.00
     0     3      677.00       84.00        0.00
     0     3      673.00       85.00        0.00
     0     3      669.00       85.00        0.00
     0     3      665.00       85.00        0.00
     0     3      661.00       85.00        0.00
     0     3      658.00       84.00        0.00
     0     3      652.00       83.00        0.00
     0     3      646.00       82.00        0.00
     0     3      642.00       82.00        0.00
     0     3      636.00       81.00        0.00
     0     3      629.00       81.00        0.00
     0     3      624.00       81.00        0.00
     0     3      619.00       81.00        0.00
     0     3      615.00       81.00        0.00
     0     3      612.00       80.00        0.00
     0     3      608.00       80.00        0.00
     0     3      603.00       79.00        0.00
     0     3      600.00       78.00        0.00
     0     3      596.00       77.00        0.00
     0     3      593.00       76.00        0.00
     0     3      590.00       75.00        0.00
     0     3      587.00       74.00        0.00
     0     3      583.00       74.00        0.00
     0     3      580.00       72.00        0.00
     0     3      577.00       71.00        0.00
     0     3      574.00       70.00        0.00
     0     3      571.00       68.00        0.00
     0     3      568.00       67.00        0.00
     0     3      565.00       65.00        0.00
     0     3      562.00       63.00        0.00
     0     3      560.00       60.00        0.00
     0     3      558.00       57.00        0.00
     0     3      556.00       54.00        0.00
     0     3      555.00       51.00        0.00
     0     3      554.00       48.00        0.00
     0     3      553.00       45.00        0.00
     0     3      553.00       41.00        0.00
     0     3      553.00       37.00        0.00
     0     3      553.00       33.00        0.00
     0     3      554.00       30.00        0.00
     0     3      555.00       26.00        0.00
     0     3      556.00       23.00        0.00
     0     3      558.00       20.00        0.00
     0     3      560.00       17.00        0.00
     0     3      562.00       14.00        0.00
     0     3      565.00       12.00        0.00
     0     3      567.00        9.00        0.00
     0     3      570.00        6.00        0.00
     0     3      572.00        3.00        0.00
     0     3      573.00        0.00        0.00
     0     3      787.00        3.00        0.00
     0     4      561.00      627.00        0.00
     0     4      557.00      630.00        0.00
     0     4      554.00      631.00        0.00
     0     4      551.00      632.00        0.00
     0     4      548.00      633.00        0.00
     0     4      544.00      633.00        0.00
     0     4      540.00      633.00        0.00
     0     4      536.00      633.00        0.00
     0     4      532.00      633.00        0.00
     0     4      528.00      633.00        0.00
     0     4      524.00      631.00        0.00
     0     4      519.00      629.00        0.00
     0     4      516.00      627.00        0.00
     0     4      511.00      623.00        0.00
     0     4      508.00      620.00        0.00
     0     4      504.00      615.00        0.00
     0     4      501.00      611.00        0.00
     0     4      498.00      607.00        0.00
     0     4      497.00      603.00        0.00
     0     4      496.00      599.00        0.00
     0     4      495.00      595.00        0.00
     0     4      495.00      591.00        0.00
     0     4      494.00      586.00        0.00
     0     4      494.00      582.00        0.00
     0     4      494.00      578.00        0.00
     0     4      494.00      574.00        0.00
     0     4      494.00      570.00        0.00
     0     4      495.00      567.00        0.00
     0     4      496.00      564.00        0.00
     0     4      497.00      561.00        0.00
     0     4      498.00      558.00        0.00
     0     4      499.00      555.00        0.00
     0     4      501.00      552.00        0.00
     0     4      502.00      549.00        0.00
     0     4      504.00      546.00        0.00
     0     4      506.00      543.00        0.00
     0     4      508.00      540.00        0.00
     0     4      511.00      538.00        0.00
     0     4      513.00      535.00        0.00
     0     4      516.00      532.00        0.00
     0     4      519.00      530.00        0.00
     0     4      522.00      528.00        0.00
     0     4      525.00      525.00        0.00
     0     4      528.00      523.00        0.00
     0     4      531.00      521.00        0.00
     0     4      534.00      519.00        0.00
     0     4      537.00      516.00        0.00
     0     4      540.00      514.00        0.00
     0     4      545.00      511.00        0.00
     0     4      551.00      509.00        0.00
     0     4      558.00      506.00        0.00
     0     4      564.00      505.00        0.00
     0     4      570.00      504.00        0.00
     0     4      573.00      503.00        0.00
     0     4      577.00      502.00        0.00
     0     4      584.00      502.00        0.00
     0     4      588.00      502.00        0.00
     0     4      592.00      502.00        0.00
     0     4      596.00      502.00        0.00
     0     4      600.00      502.00        0.00
     0     4      603.00      503.00        0.00
     0     4      606.00      506.00        0.00
     0     4      609.00      509.00        0.00
     0     4      611.00      512.00        0.00
     0     4      613.00      515.00        0.00
     0     4      614.00      518.00        0.00
     0     4      615.00      521.00        0.00
     0     4      616.00      524.00        0.00
     0     4      616.00      528.00        0.00
     0     4      616.00      532.00        0.00
     0     4      616.00      536.00        0.00
     0     4      616.00      540.00        0.00
     0     4      616.00      544.00        0.00
     0     4      615.00      547.00        0.00
     0     4      614.00      551.00        0.00
     0     4      613.00      554.00        0.00
     0     4      612.00      557.00        0.00
     0     4      611.00      560.00        0.00
     0     4      609.00      563.00        0.00
     0     4      608.00      566.00        0.00
     0     4      606.00      569.00        0.00
     0     4      605.00      572.00        0.00
     0     4      604.00      575.00        0.00
     0     4      603.00      578.00        0.00
     0     4      601.00      581.00        0.00
     0     4      600.00      584.00        0.00
     0     4      598.00      587.00        0.00
     0     4      597.00      590.00        0.00
     0     4      596.00      593.00        0.00
     0     4      594.00      596.00        0.00
     0     4      593.00      599.00        0.00
     0     4      590.00      601.00        0.00
     1     0      490.00      534.67        0.00
     1     0      488.00      537.33        0.00
     1     0      484.67      537.33        0.00
     1     0      482.00      535.33        0.00
     1     0      480.67      532.00        0.00
     1     0      480.67      528.67        0.00
     1     0      480.67      525.33        0.00
     1     0      481.33      522.00        0.00
     1     0      483.33      519.33        0.00
     1     0      486.67      518.67        0.00
     1     0      490.00      519.33        0.00
     1     0      492.67      521.33        0.00
     1     0      494.67      524.00        0.00
     1     0      495.33      527.33        0.00
