     0     0      756.67     1006.67        0.00
     0     0      753.33     1012.67        0.00
     0     0      750.67     1014.67        0.00
     0     0      748.00     1017.33        0.00
     0     0      745.33     1019.33        0.00
     0     0      742.00     1020.67        0.00
     0     0      738.67     1022.00        0.00
     0     0      735.33     1024.00        0.00
     0     0      732.00     1025.33        0.00
     0     0      728.67     1026.67        0.00
     0     0      725.33     1028.00        0.00
     0     0      722.00     1028.67        0.00
     0     0      718.67     1029.33        0.00
     0     0      715.33     1030.00        0.00
     0     0      712.00     1030.67        0.00
     0     0      708.67     1030.67        0.00
     0     0      705.33     1030.67        0.00
     0     0      702.00     1030.67        0.00
     0     0      698.67     1030.67        0.00
     0     0      695.33     1029.33        0.00
     0     0      692.00     1028.00        0.00
     0     0      688.67     1027.33        0.00
     0     0      685.33     1025.33        0.00
     0     0      682.00     1023.33        0.00
     0     0      679.33     1020.67        0.00
     0     0      678.00     1017.33        0.00
     0     0      677.33     1014.00        0.00
     0     0      676.67     1010.67        0.00
     0     0      676.67     1007.33        0.00
     0     0      677.33     1004.00        0.00
     0     0      678.67     1000.67        0.00
     0     0      679.33      997.33        0.00
     0     0      680.67      994.00        0.00
     0     0      682.00      990.67        0.00
     0     0      684.00      987.33        0.00
     0     0      685.33      984.00        0.00
     0     0      686.00      980.67        0.00
     0     0      687.33      977.33        0.00
     0     0      688.00      974.00        0.00
     0     0      688.67      970.67        0.00
     0     0      689.33      967.33        0.00
     0     0      689.33      964.00        0.00
     0     0      690.00      960.67        0.00
     0     0      691.33      957.33        0.00
     0     0      692.00      954.00        0.00
     0     0      694.00      950.67        0.00
     0     0      696.00      948.00        0.00
     0     0      698.00      945.33        0.00
     0     0      700.00      942.67        0.00
     0     0      702.00      940.00        0.00
     0     0      704.00      936.67        0.00
     0     0      706.00      933.33        0.00
     0     0      708.00      930.00        0.00
     0     0      709.33      926.67        0.00
     0     0      711.33      923.33        0.00
     0     0      713.33      920.00        0.00
     0     0      715.33      916.67        0.00
     0     0      717.33      913.33        0.00
     0     0      719.33      910.67        0.00
     0     0      721.33      908.00        0.00
     0     0      723.33      904.67        0.00
     0     0      725.33      902.00        0.00
     0     0      727.33      899.33        0.00
     0     0      729.33      896.00        0.00
     0     0      731.33      893.33        0.00
     0     0      734.67      891.33        0.00
     0     0      737.33      889.33        0.00
     0     0      740.00      887.33        0.00
     0     0      743.33      885.33        0.00
     0     0      746.67      884.00        0.00
     0     0      749.33      882.00        0.00
     0     0      752.00      880.00        0.00
     0     0      755.33      878.00        0.00
     0     0      758.67      876.00        0.00
     0     0      762.00      874.00        0.00
     0     0      764.67      872.00        0.00
     0     0      768.00      870.67        0.00
     0     0      771.33      870.00        0.00
     0     0      774.67      868.67        0.00
     0     0      778.67      867.33        0.00
     0     0      782.00      866.67        0.00
     0     0      785.33      866.67        0.00
     0     0      789.33      865.33        0.00
     0     0      792.67      864.67        0.00
     0     0      796.00      864.00        0.00
     0     0      799.33      864.00        0.00
     0     0      802.67      863.33        0.00
     0     0      806.00      863.33        0.00
     0     0      809.33      862.67        0.00
     0     0      812.67      862.67        0.00
     0     0      816.00      862.67        0.00
     0     0      819.33      863.33        0.00
     0     0      822.67      864.67        0.00
     0     0      825.33      866.67        0.00
     0     0      828.00      869.33        0.00
     0     0      830.00      872.00        0.00
     0     0      832.00      874.67        0.00
     0     0      834.67      877.33        0.00
     0     0      836.67      880.67        0.00
     0     0      838.67      883.33        0.00
     0     0      840.00      886.67        0.00
     0     0      841.33      890.00        0.00
     0     0      843.33      893.33        0.00
     0     0      844.00      896.67        0.00
     0     0      844.67      900.00        0.00
     0     0      844.67      903.33        0.00
     0     0      844.67      906.67        0.00
     0     0      844.67      910.00        0.00
     0     0      844.00      914.00        0.00
     0     0      842.67      917.33        0.00
     0     0      842.00      921.33        0.00
     0     0      840.67      925.33        0.00
     0     0      840.00      928.67        0.00
     0     0      838.67      932.00        0.00
     0     0      836.67      935.33        0.00
     0     0      834.67      938.00        0.00
     0     0      832.67      940.67        0.00
     0     0      830.67      943.33        0.00
     0     0      828.00      946.00        0.00
     0     0      825.33      948.00        0.00
     0     0      822.67      950.00        0.00
     0     0      820.67      952.67        0.00
     0     0      818.00      955.33        0.00
     0     0      815.33      958.00        0.00
     0     0      813.33      960.67        0.00
     0     0      810.67      963.33        0.00
     0     0      808.00      965.33        0.00
     0     0      806.00      968.00        0.00
     0     0      803.33      970.00        0.00
     0     0      800.00      972.00        0.00
     0     0      797.33      974.00        0.00
     0     0      794.67      976.67        0.00
     0     0      792.67      979.33        0.00
     0     0      790.00      981.33        0.00
     0     0      788.00      984.00        0.00
     0     0      785.33      986.00        0.00
     0     0      782.67      988.67        0.00
     0     0      780.00      990.67        0.00
     0     0      777.33      992.67        0.00
     0     0      774.00      994.00        0.00
     0     0      770.67      995.33        0.00
     0     0      768.00      997.33        0.00
     0     1     1258.00      974.33        0.00
     0     1     1256.00      979.67        0.00
     0     1     1254.00      982.33        0.00
     0     1     1252.00      985.00        0.00
     0     1     1249.33      987.00        0.00
     0     1     1246.00      989.00        0.00
     0     1     1242.67      990.33        0.00
     0     1     1239.33      991.00        0.00
     0     1     1236.00      991.67        0.00
     0     1     1232.67      991.67        0.00
     0     1     1229.33      991.67        0.00
     0     1     1226.00      990.33        0.00
     0     1     1222.67      989.00        0.00
     0     1     1219.33      987.67        0.00
     0     1     1216.67      985.67        0.00
     0     1     1213.33      983.67        0.00
     0     1     1210.67      981.00        0.00
     0     1     1208.00      978.33        0.00
     0     1     1206.00      975.00        0.00
     0     1     1204.67      971.67        0.00
     0     1     1202.67      968.33        0.00
     0     1     1202.00      965.00        0.00
     0     1     1200.00      961.67        0.00
     0     1     1199.33      958.33        0.00
     0     1     1198.00      955.00        0.00
     0     1     1197.33      951.67        0.00
     0     1     1196.67      947.67        0.00
     0     1     1196.00      944.33        0.00
     0     1     1196.00      941.00        0.00
     0     1     1196.00      937.67        0.00
     0     1     1196.00      934.33        0.00
     0     1     1195.33      931.00        0.00
     0     1     1195.33      927.67        0.00
     0     1     1195.33      924.33        0.00
     0     1     1195.33      921.00        0.00
     0     1     1195.33      917.67        0.00
     0     1     1195.33      914.33        0.00
     0     1     1196.00      910.33        0.00
     0     1     1196.00      907.00        0.00
     0     1     1196.67      903.67        0.00
     0     1     1196.67      899.67        0.00
     0     1     1197.33      896.33        0.00
     0     1     1198.00      893.00        0.00
     0     1     1198.67      889.00        0.00
     0     1     1199.33      885.67        0.00
     0     1     1200.00      882.33        0.00
     0     1     1201.33      879.00        0.00
     0     1     1202.67      875.67        0.00
     0     1     1204.00      872.33        0.00
     0     1     1205.33      869.00        0.00
     0     1     1207.33      865.67        0.00
     0     1     1214.67      855.00        0.00
     0     1     1216.67      852.33        0.00
     0     1     1220.00      850.33        0.00
     0     1     1223.33      849.00        0.00
     0     1     1226.67      847.00        0.00
     0     1     1230.00      846.33        0.00
     0     1     1233.33      846.33        0.00
     0     1     1236.67      845.67        0.00
     0     1     1240.00      845.67        0.00
     0     1     1243.33      845.00        0.00
     0     1     1246.67      844.33        0.00
     0     1     1250.00      844.33        0.00
     0     1     1253.33      845.00        0.00
     0     1     1256.67      845.67        0.00
     0     1     1260.00      847.00        0.00
     0     1     1263.33      849.00        0.00
     0     1     1266.67      850.33        0.00
     0     1     1269.33      853.00        0.00
     0     1     1271.33      855.67        0.00
     0     1     1274.67      857.67        0.00
     0     1     1277.33      860.33        0.00
     0     1     1280.00      863.00        0.00
     0     1     1282.00      865.67        0.00
     0     1     1284.00      868.33        0.00
     0     1     1286.00      871.00        0.00
     0     1     1288.00      873.67        0.00
     0     1     1289.33      877.00        0.00
     0     1     1291.33      879.67        0.00
     0     1     1292.67      883.00        0.00
     0     1     1294.67      885.67        0.00
     0     1     1295.33      889.00        0.00
     0     1     1296.00      892.33        0.00
     0     1     1296.67      895.67        0.00
     0     1     1297.33      899.00        0.00
     0     1     1297.33      902.33        0.00
     0     1     1298.00      905.67        0.00
     0     1     1298.00      909.00        0.00
     0     1     1298.00      912.33        0.00
     0     1     1298.00      915.67        0.00
     0     1     1297.33      919.00        0.00
     0     1     1296.67      922.33        0.00
     0     1     1296.00      925.67        0.00
     0     1     1294.00      928.33        0.00
     0     1     1292.00      931.00        0.00
     0     1     1290.00      933.67        0.00
     0     1     1288.00      937.00        0.00
     0     1     1286.00      939.67        0.00
     0     1     1284.00      942.33        0.00
     0     1     1282.00      945.00        0.00
     0     1     1280.67      948.33        0.00
     0     1     1279.33      951.67        0.00
     0     1     1276.67      953.67        0.00
     0     1     1274.67      956.33        0.00
     0     1     1272.00      958.33        0.00
     0     1     1269.33      960.33        0.00
     0     1     1266.67      962.33        0.00
     0     1     1264.00      964.33        0.00
     0     2     1154.67      465.67        0.00
     0     2     1152.00      467.67        0.00
     0     2     1150.00      470.33        0.00
     0     2     1147.33      472.33        0.00
     0     2     1144.00      473.67        0.00
     0     2     1140.67      475.00        0.00
     0     2     1137.33      475.67        0.00
     0     2     1134.00      476.33        0.00
     0     2     1130.67      477.00        0.00
     0     2     1127.33      477.67        0.00
     0     2     1124.00      477.67        0.00
     0     2     1120.67      478.33        0.00
     0     2     1117.33      478.33        0.00
     0     2     1114.00      477.67        0.00
     0     2     1110.67      476.33        0.00
     0     2     1107.33      474.33        0.00
     0     2     1104.00      473.00        0.00
     0     2     1101.33      471.00        0.00
     0     2     1098.67      468.33        0.00
     0     2     1096.67      465.67        0.00
     0     2     1094.00      463.00        0.00
     0     2     1092.00      460.33        0.00
     0     2     1091.33      457.00        0.00
     0     2     1090.00      453.67        0.00
     0     2     1089.33      450.33        0.00
     0     2     1089.33      447.00        0.00
     0     2     1089.33      443.67        0.00
     0     2     1090.00      440.33        0.00
     0     2     1090.00      437.00        0.00
     0     2     1090.67      433.67        0.00
     0     2     1091.33      430.33        0.00
     0     2     1092.00      427.00        0.00
     0     2     1092.67      423.67        0.00
     0     2     1093.33      420.33        0.00
     0     2     1094.00      417.00        0.00
     0     2     1096.00      414.33        0.00
     0     2     1096.67      411.00        0.00
     0     2     1098.00      407.67        0.00
     0     2     1099.33      404.33        0.00
     0     2     1100.00      401.00        0.00
     0     2     1100.67      397.67        0.00
     0     2     1101.33      394.33        0.00
     0     2     1102.00      391.00        0.00
     0     2     1102.00      387.67        0.00
     0     2     1102.00      384.33        0.00
     0     2     1102.00      381.00        0.00
     0     2     1102.67      377.67        0.00
     0     2     1102.67      374.33        0.00
     0     2     1102.67      371.00        0.00
     0     2     1103.33      367.67        0.00
     0     2     1104.00      364.33        0.00
     0     2     1105.33      361.00        0.00
     0     2     1107.33      357.67        0.00
     0     2     1109.33      354.33        0.00
     0     2     1111.33      351.67        0.00
     0     2     1112.67      348.33        0.00
     0     2     1114.67      345.67        0.00
     0     2     1116.67      343.00        0.00
     0     2     1119.33      341.00        0.00
     0     2     1122.00      339.00        0.00
     0     2     1124.00      336.33        0.00
     0     2     1126.00      333.67        0.00
     0     2     1127.33      330.33        0.00
     0     2     1129.33      327.67        0.00
     0     2     1130.67      324.33        0.00
     0     2     1132.67      321.67        0.00
     0     2     1134.67      319.00        0.00
     0     2     1136.67      316.33        0.00
     0     2     1138.67      313.67        0.00
     0     2     1140.67      311.00        0.00
     0     2     1142.00      307.67        0.00
     0     2     1144.00      305.00        0.00
     0     2     1145.33      301.67        0.00
     0     2     1147.33      298.33        0.00
     0     2     1148.67      295.00        0.00
     0     2     1150.67      291.67        0.00
     0     2     1152.00      288.33        0.00
     0     2     1153.33      285.00        0.00
     0     2     1154.67      281.67        0.00
     0     2     1156.00      278.33        0.00
     0     2     1158.00      275.67        0.00
     0     2     1160.00      273.00        0.00
     0     2     1161.33      269.67        0.00
     0     2     1163.33      267.00        0.00
     0     2     1164.67      263.67        0.00
     0     2     1166.67      260.33        0.00
     0     2     1167.33      257.00        0.00
     0     2     1168.00      253.67        0.00
     0     2     1169.33      250.33        0.00
     0     2     1170.00      247.00        0.00
     0     2     1170.67      243.67        0.00
     0     2     1172.00      240.33        0.00
     0     2     1174.00      237.67        0.00
     0     2     1176.00      235.00        0.00
     0     2     1178.67      233.00        0.00
     0     2     1181.33      231.00        0.00
     0     2     1184.00      229.00        0.00
     0     2     1186.67      226.33        0.00
     0     2     1188.67      223.67        0.00
     0     2     1190.67      221.00        0.00
     0     2     1192.00      217.67        0.00
     0     2     1193.33      214.33        0.00
     0     2     1194.00      211.00        0.00
     0     2     1194.67      207.67        0.00
     0     2     1195.33      204.33        0.00
     0     2     1198.00      201.67        0.00
     0     2     1200.67      199.00        0.00
     0     2     1203.33      196.33        0.00
     0     2     1206.00      194.33        0.00
     0     2     1208.67      191.67        0.00
     0     2     1210.67      189.00        0.00
     0     2     1212.00      185.67        0.00
     0     2     1214.00      183.00        0.00
     0     2     1214.67      179.67        0.00
     0     2     1215.33      176.33        0.00
     0     2     1216.67      173.00        0.00
     0     2     1218.67      169.67        0.00
     0     2     1220.67      166.33        0.00
     0     2     1222.67      163.67        0.00
     0     2     1225.33      161.67        0.00
     0     2     1228.67      160.33        0.00
     0     2     1232.00      159.67        0.00
     0     2     1235.33      159.00        0.00
     0     2     1238.67      158.33        0.00
     0     2     1242.00      158.33        0.00
     0     2     1245.33      159.00        0.00
     0     2     1248.67      160.33        0.00
     0     2     1252.00      161.00        0.00
     0     2     1254.67      163.00        0.00
     0     2     1257.33      165.00        0.00
     0     2     1259.33      167.67        0.00
     0     2     1261.33      171.00        0.00
     0     2     1261.33      174.33        0.00
     0     2     1262.00      177.67        0.00
     0     2     1262.67      181.00        0.00
     0     2     1263.33      184.33        0.00
     0     2     1264.67      187.67        0.00
     0     2     1265.33      191.00        0.00
     0     2     1266.00      194.33        0.00
     0     2     1266.67      197.67        0.00
     0     2     1266.67      201.00        0.00
     0     2     1266.67      204.33        0.00
     0     2     1266.00      207.67        0.00
     0     2     1265.33      211.00        0.00
     0     2     1264.00      214.33        0.00
     0     2     1262.67      217.67        0.00
     0     2     1260.67      220.33        0.00
     0     2     1259.33      223.67        0.00
     0     2     1257.33      226.33        0.00
     0     2     1256.00      229.67        0.00
     0     2     1254.00      232.33        0.00
     0     2     1252.00      235.67        0.00
     0     2     1250.67      239.00        0.00
     0     2     1250.00      242.33        0.00
     0     2     1248.67      245.67        0.00
     0     2     1246.67      249.00        0.00
     0     2     1246.00      252.33        0.00
     0     2     1244.67      255.67        0.00
     0     2     1243.33      259.00        0.00
     0     2     1242.00      262.33        0.00
     0     2     1240.67      265.67        0.00
     0     2     1238.67      269.00        0.00
     0     2     1237.33      272.33        0.00
     0     2     1235.33      275.00        0.00
     0     2     1233.33      277.67        0.00
     0     2     1230.67      280.33        0.00
     0     2     1229.33      283.67        0.00
     0     2     1227.33      286.33        0.00
     0     2     1225.33      289.00        0.00
     0     2     1223.33      292.33        0.00
     0     2     1222.00      295.67        0.00
     0     2     1220.67      299.00        0.00
     0     2     1219.33      302.33        0.00
     0     2     1217.33      305.67        0.00
     0     2     1216.00      309.00        0.00
     0     2     1214.67      312.33        0.00
     0     2     1214.00      315.67        0.00
     0     2     1213.33      319.00        0.00
     0     2     1212.00      322.33        0.00
     0     2     1211.33      325.67        0.00
     0     2     1210.00      329.00        0.00
     0     2     1208.67      332.33        0.00
     0     2     1208.00      335.67        0.00
     0     2     1206.67      339.00        0.00
     0     2     1205.33      342.33        0.00
     0     2     1204.67      345.67        0.00
     0     2     1203.33      349.00        0.00
     0     2     1202.00      352.33        0.00
     0     2     1201.33      355.67        0.00
     0     2     1200.00      359.00        0.00
     0     2     1199.33      362.33        0.00
     0     2     1198.00      365.67        0.00
     0     2     1196.67      369.00        0.00
     0     2     1196.00      372.33        0.00
     0     2     1195.33      375.67        0.00
     0     2     1194.00      379.00        0.00
     0     2     1192.67      382.33        0.00
     0     2     1192.00      385.67        0.00
     0     2     1190.67      389.00        0.00
     0     2     1188.67      392.33        0.00
     0     2     1187.33      395.67        0.00
     0     2     1186.00      399.00        0.00
     0     2     1184.67      402.33        0.00
     0     2     1184.00      405.67        0.00
     0     2     1184.00      409.00        0.00
     0     2     1183.33      412.33        0.00
     0     2     1183.33      415.67        0.00
     0     2     1182.00      419.00        0.00
     0     2     1181.33      422.33        0.00
     0     2     1180.67      425.67        0.00
     0     2     1180.00      429.00        0.00
     0     2     1178.00      431.67        0.00
     0     2     1176.00      434.33        0.00
     0     2     1174.00      437.00        0.00
     0     2     1172.67      440.33        0.00
     0     2     1170.67      443.00        0.00
     0     2     1169.33      446.33        0.00
     0     2     1167.33      449.00        0.00
     0     2     1164.67      451.00        0.00
     0     2     1162.67      453.67        0.00
     0     3     1362.33      478.00        0.00
     0     3     1359.00      484.67        0.00
     0     3     1356.33      487.33        0.00
     0     3     1354.33      490.00        0.00
     0     3     1351.67      492.67        0.00
     0     3     1349.00      495.33        0.00
     0     3     1346.33      497.33        0.00
     0     3     1343.67      499.33        0.00
     0     3     1341.00      501.33        0.00
     0     3     1337.67      502.67        0.00
     0     3     1334.33      504.00        0.00
     0     3     1331.00      506.00        0.00
     0     3     1327.67      507.33        0.00
     0     3     1323.67      508.67        0.00
     0     3     1320.33      509.33        0.00
     0     3     1316.33      510.67        0.00
     0     3     1313.00      512.67        0.00
     0     3     1309.00      514.00        0.00
     0     3     1305.67      514.67        0.00
     0     3     1302.33      515.33        0.00
     0     3     1299.00      516.00        0.00
     0     3     1294.33      516.67        0.00
     0     3     1291.00      516.67        0.00
     0     3     1287.67      517.33        0.00
     0     3     1284.33      517.33        0.00
     0     3     1277.67      516.67        0.00
     0     3     1274.33      516.67        0.00
     0     3     1271.00      516.00        0.00
     0     3     1267.00      515.33        0.00
     0     3     1263.67      514.67        0.00
     0     3     1259.67      513.33        0.00
     0     3     1256.33      512.67        0.00
     0     3     1253.00      511.33        0.00
     0     3     1249.67      510.00        0.00
     0     3     1246.33      508.67        0.00
     0     3     1243.00      506.67        0.00
     0     3     1240.33      504.67        0.00
     0     3     1237.67      502.67        0.00
     0     3     1235.00      500.00        0.00
     0     3     1232.33      498.00        0.00
     0     3     1230.33      495.33        0.00
     0     3     1228.33      492.67        0.00
     0     3     1226.33      490.00        0.00
     0     3     1224.33      486.67        0.00
     0     3     1223.00      483.33        0.00
     0     3     1222.33      479.33        0.00
     0     3     1221.00      476.00        0.00
     0     3     1220.33      472.00        0.00
     0     3     1219.67      468.67        0.00
     0     3     1219.67      465.33        0.00
     0     3     1219.67      462.00        0.00
     0     3     1219.67      458.67        0.00
     0     3     1219.67      454.67        0.00
     0     3     1220.33      450.67        0.00
     0     3     1220.33      447.33        0.00
     0     3     1221.00      444.00        0.00
     0     3     1222.33      440.67        0.00
     0     3     1223.00      437.33        0.00
     0     3     1223.67      434.00        0.00
     0     3     1225.00      430.67        0.00
     0     3     1226.33      427.33        0.00
     0     3     1227.00      424.00        0.00
     0     3     1227.67      420.67        0.00
     0     3     1228.33      417.33        0.00
     0     3     1229.00      414.00        0.00
     0     3     1229.67      410.67        0.00
     0     3     1230.33      407.33        0.00
     0     3     1230.33      403.33        0.00
     0     3     1230.33      399.33        0.00
     0     3     1230.33      395.33        0.00
     0     3     1230.33      392.00        0.00
     0     3     1229.67      388.67        0.00
     0     3     1229.67      385.33        0.00
     0     3     1229.00      382.00        0.00
     0     3     1228.33      378.67        0.00
     0     3     1228.33      375.33        0.00
     0     3     1227.67      372.00        0.00
     0     3     1225.67      368.67        0.00
     0     3     1224.33      365.33        0.00
     0     3     1223.00      362.00        0.00
     0     3     1223.00      358.67        0.00
     0     3     1221.67      355.33        0.00
     0     3     1221.00      352.00        0.00
     0     3     1220.33      348.67        0.00
     0     3     1220.33      345.33        0.00
     0     3     1219.67      341.33        0.00
     0     3     1219.00      338.00        0.00
     0     3     1218.33      334.67        0.00
     0     3     1217.67      331.33        0.00
     0     3     1217.00      328.00        0.00
     0     3     1217.00      324.67        0.00
     0     3     1216.33      321.33        0.00
     0     3     1216.33      318.00        0.00
     0     3     1216.33      314.67        0.00
     0     3     1216.33      311.33        0.00
     0     3     1216.33      308.00        0.00
     0     3     1217.00      304.67        0.00
     0     3     1218.33      301.33        0.00
     0     3     1219.00      298.00        0.00
     0     3     1219.67      294.67        0.00
     0     3     1221.67      291.33        0.00
     0     3     1223.00      288.00        0.00
     0     3     1225.00      284.67        0.00
     0     3     1227.00      282.00        0.00
     0     3     1229.00      278.67        0.00
     0     3     1231.67      276.00        0.00
     0     3     1234.33      273.33        0.00
     0     3     1237.00      270.67        0.00
     0     3     1239.67      268.00        0.00
     0     3     1243.00      266.00        0.00
     0     3     1246.33      264.67        0.00
     0     3     1249.67      263.33        0.00
     0     3     1253.00      262.67        0.00
     0     3     1256.33      261.33        0.00
     0     3     1259.67      261.33        0.00
     0     3     1263.00      260.67        0.00
     0     3     1266.33      260.00        0.00
     0     3     1269.67      259.33        0.00
     0     3     1273.00      258.00        0.00
     0     3     1276.33      256.67        0.00
     0     3     1279.67      256.00        0.00
     0     3     1283.00      255.33        0.00
     0     3     1286.33      255.33        0.00
     0     3     1289.67      256.67        0.00
     0     3     1292.33      258.67        0.00
     0     3     1294.33      261.33        0.00
     0     3     1297.00      263.33        0.00
     0     3     1299.00      266.00        0.00
     0     3     1301.00      268.67        0.00
     0     3     1303.00      271.33        0.00
     0     3     1305.00      274.67        0.00
     0     3     1305.67      278.00        0.00
     0     3     1307.00      281.33        0.00
     0     3     1307.67      285.33        0.00
     0     3     1308.33      288.67        0.00
     0     3     1308.33      292.00        0.00
     0     3     1308.33      295.33        0.00
     0     3     1308.33      298.67        0.00
     0     3     1308.33      302.00        0.00
     0     3     1308.33      305.33        0.00
     0     3     1307.67      308.67        0.00
     0     3     1307.67      312.00        0.00
     0     3     1307.67      315.33        0.00
     0     3     1308.33      318.67        0.00
     0     3     1309.00      322.67        0.00
     0     3     1309.00      326.00        0.00
     0     3     1309.00      329.33        0.00
     0     3     1310.33      332.67        0.00
     0     3     1310.33      336.00        0.00
     0     3     1311.00      339.33        0.00
     0     3     1311.67      342.67        0.00
     0     3     1312.33      346.00        0.00
     0     3     1312.33      349.33        0.00
     0     3     1312.33      352.67        0.00
     0     3     1312.33      356.00        0.00
     0     3     1312.33      360.00        0.00
     0     3     1312.33      363.33        0.00
     0     3     1312.33      366.67        0.00
     0     3     1312.33      370.00        0.00
     0     3     1312.33      373.33        0.00
     0     3     1312.33      376.67        0.00
     0     3     1312.33      380.00        0.00
     0     3     1311.00      383.33        0.00
     0     3     1310.33      386.67        0.00
     0     3     1309.67      390.00        0.00
     0     3     1309.00      393.33        0.00
     0     3     1308.33      396.67        0.00
     0     3     1307.67      400.00        0.00
     0     3     1307.00      403.33        0.00
     0     3     1306.33      406.67        0.00
     0     3     1306.33      410.00        0.00
     0     3     1306.33      413.33        0.00
     0     3     1306.33      416.67        0.00
     0     3     1305.67      420.00        0.00
     0     3     1305.00      423.33        0.00
     0     3     1305.00      426.67        0.00
     0     3     1305.00      430.00        0.00
     0     3     1305.00      433.33        0.00
     0     3     1306.33      436.67        0.00
     0     3     1309.67      438.00        0.00
     0     3     1313.00      438.00        0.00
     0     3     1316.33      438.00        0.00
     0     3     1319.67      436.67        0.00
     0     3     1322.33      434.67        0.00
     0     3     1325.67      432.67        0.00
     0     3     1328.33      430.67        0.00
     0     3     1330.33      428.00        0.00
     0     3     1333.00      425.33        0.00
     0     3     1335.67      423.33        0.00
     0     3     1338.33      420.67        0.00
     0     3     1341.00      418.00        0.00
     0     3     1343.67      416.00        0.00
     0     3     1346.33      413.33        0.00
     0     3     1349.00      411.33        0.00
     0     3     1352.33      408.67        0.00
     0     3     1355.67      407.33        0.00
     0     3     1359.00      406.67        0.00
     0     3     1362.33      406.00        0.00
     0     3     1365.67      406.00        0.00
     0     3     1369.00      405.33        0.00
     0     3     1371.00      408.00        0.00
     0     3     1371.67      411.33        0.00
     0     3     1372.33      414.67        0.00
     0     3     1372.33      418.00        0.00
     0     3     1373.67      421.33        0.00
     0     3     1374.33      424.67        0.00
     0     3     1374.33      428.00        0.00
     0     3     1375.00      431.33        0.00
     0     3     1375.00      434.67        0.00
     0     3     1375.00      438.00        0.00
     0     3     1375.67      441.33        0.00
     0     3     1376.33      444.67        0.00
     0     3     1377.00      448.00        0.00
     0     3     1377.67      451.33        0.00
     0     3     1377.67      454.67        0.00
     0     3     1377.00      458.00        0.00
     0     3     1375.67      461.33        0.00
     0     3     1374.33      464.67        0.00
     0     3     1372.33      468.00        0.00
     0     3     1370.33      471.33        0.00
     0     4     1374.67      166.67        0.00
     0     4     1372.67      169.33        0.00
     0     4     1370.67      172.67        0.00
     0     4     1368.67      175.33        0.00
     0     4     1366.67      178.00        0.00
     0     4     1364.67      180.67        0.00
     0     4     1364.00      184.00        0.00
     0     4     1362.67      187.33        0.00
     0     4     1362.00      190.67        0.00
     0     4     1361.33      194.00        0.00
     0     4     1360.67      197.33        0.00
     0     4     1360.00      200.67        0.00
     0     4     1359.33      204.00        0.00
     0     4     1358.00      207.33        0.00
     0     4     1356.00      210.67        0.00
     0     4     1354.00      214.00        0.00
     0     4     1351.33      216.67        0.00
     0     4     1348.67      218.67        0.00
     0     4     1346.00      220.67        0.00
     0     4     1343.33      222.67        0.00
     0     4     1340.67      224.67        0.00
     0     4     1337.33      226.00        0.00
     0     4     1334.00      226.67        0.00
     0     4     1330.67      227.33        0.00
     0     4     1327.33      228.00        0.00
     0     4     1324.00      228.00        0.00
     0     4     1320.67      228.00        0.00
     0     4     1317.33      228.00        0.00
     0     4     1314.00      227.33        0.00
     0     4     1310.67      226.67        0.00
     0     4     1307.33      225.33        0.00
     0     4     1304.00      224.00        0.00
     0     4     1301.33      222.00        0.00
     0     4     1298.00      220.00        0.00
     0     4     1294.67      218.67        0.00
     0     4     1291.33      216.67        0.00
     0     4     1288.00      214.67        0.00
     0     4     1285.33      212.00        0.00
     0     4     1283.33      209.33        0.00
     0     4     1282.00      206.00        0.00
     0     4     1280.67      202.67        0.00
     0     4     1279.33      199.33        0.00
     0     4     1278.67      196.00        0.00
     0     4     1277.33      192.67        0.00
     0     4     1276.67      189.33        0.00
     0     4     1276.67      186.00        0.00
     0     4     1276.00      182.00        0.00
     0     4     1275.33      178.67        0.00
     0     4     1275.33      175.33        0.00
     0     4     1276.00      172.00        0.00
     0     4     1276.67      168.67        0.00
     0     4     1277.33      165.33        0.00
     0     4     1278.67      162.00        0.00
     0     4     1280.00      158.67        0.00
     0     4     1280.67      155.33        0.00
     0     4     1282.00      152.00        0.00
     0     4     1283.33      148.67        0.00
     0     4     1284.00      145.33        0.00
     0     4     1285.33      142.00        0.00
     0     4     1286.00      138.67        0.00
     0     4     1286.67      135.33        0.00
     0     4     1287.33      132.00        0.00
     0     4     1288.00      128.67        0.00
     0     4     1288.67      125.33        0.00
     0     4     1289.33      122.00        0.00
     0     4     1290.67      118.67        0.00
     0     4     1292.67      115.33        0.00
     0     4     1294.67      112.00        0.00
     0     4     1296.67      109.33        0.00
     0     4     1298.67      106.67        0.00
     0     4     1300.00      103.33        0.00
     0     4     1300.67      100.00        0.00
     0     4     1302.00       96.67        0.00
     0     4     1304.00       94.00        0.00
     0     4     1305.33       90.67        0.00
     0     4     1307.33       87.33        0.00
     0     4     1309.33       84.67        0.00
     0     4     1311.33       82.00        0.00
     0     4     1314.00       80.00        0.00
     0     4     1316.00       77.33        0.00
     0     4     1318.67       74.67        0.00
     0     4     1320.00       71.33        0.00
     0     4     1322.00       68.00        0.00
     0     4     1323.33       64.67        0.00
     0     4     1324.67       61.33        0.00
     0     4     1324.67       58.00        0.00
     0     4     1324.67       54.67        0.00
     0     4     1323.33       51.33        0.00
     0     4     1322.67       48.00        0.00
     0     4     1322.67       44.67        0.00
     0     4     1322.67       41.33        0.00
     0     4     1324.67       38.67        0.00
     0     4     1326.67       36.00        0.00
     0     4     1329.33       34.00        0.00
     0     4     1330.67       30.67        0.00
     0     4     1332.67       28.00        0.00
     0     4     1334.67       25.33        0.00
     0     4     1338.00       24.00        0.00
     0     4     1341.33       23.33        0.00
     0     4     1344.67       22.67        0.00
     0     4     1348.00       22.00        0.00
     0     4     1351.33       22.00        0.00
     0     4     1354.67       21.33        0.00
     0     4     1358.00       21.33        0.00
     0     4     1361.33       21.33        0.00
     0     4     1364.67       22.00        0.00
     0     4     1368.00       22.67        0.00
     0     4     1371.33       23.33        0.00
     0     4     1374.67       24.67        0.00
     0     5     1187.33      138.00        0.00
     0     5     1187.33      145.33        0.00
     0     5     1187.33      148.67        0.00
     0     5     1187.33      152.00        0.00
     0     5     1187.33      156.00        0.00
     0     5     1187.33      159.33        0.00
     0     5     1187.33      163.33        0.00
     0     5     1186.67      166.67        0.00
     0     5     1186.67      170.00        0.00
     0     5     1186.67      174.00        0.00
     0     5     1186.00      177.33        0.00
     0     5     1185.33      181.33        0.00
     0     5     1184.67      185.33        0.00
     0     5     1184.67      189.33        0.00
     0     5     1184.67      193.33        0.00
     0     5     1184.67      197.33        0.00
     0     5     1184.67      200.67        0.00
     0     5     1184.67      204.00        0.00
     0     5     1184.00      207.33        0.00
     0     5     1184.00      210.67        0.00
     0     5     1183.33      214.00        0.00
     0     5     1182.67      217.33        0.00
     0     5     1182.00      220.67        0.00
     0     5     1180.67      224.00        0.00
     0     5     1178.67      227.33        0.00
     0     5     1177.33      230.67        0.00
     0     5     1176.00      234.00        0.00
     0     5     1174.67      237.33        0.00
     0     5     1173.33      240.67        0.00
     0     5     1172.67      244.00        0.00
     0     5     1171.33      247.33        0.00
     0     5     1170.67      250.67        0.00
     0     5     1170.00      254.00        0.00
     0     5     1169.33      257.33        0.00
     0     5     1168.00      260.67        0.00
     0     5     1167.33      264.00        0.00
     0     5     1166.00      267.33        0.00
     0     5     1164.67      270.67        0.00
     0     5     1162.67      273.33        0.00
     0     5     1160.67      276.00        0.00
     0     5     1158.67      278.67        0.00
     0     5     1156.67      281.33        0.00
     0     5     1154.67      284.00        0.00
     0     5     1152.67      287.33        0.00
     0     5     1150.67      290.00        0.00
     0     5     1148.67      293.33        0.00
     0     5     1146.67      296.00        0.00
     0     5     1144.67      298.67        0.00
     0     5     1142.67      301.33        0.00
     0     5     1140.67      304.00        0.00
     0     5     1138.00      306.00        0.00
     0     5     1134.67      307.33        0.00
     0     5     1131.33      308.67        0.00
     0     5     1127.33      309.33        0.00
     0     5     1124.00      310.00        0.00
     0     5     1120.67      310.00        0.00
     0     5     1117.33      310.67        0.00
     0     5     1114.00      310.67        0.00
     0     5     1110.67      309.33        0.00
     0     5     1107.33      307.33        0.00
     0     5     1104.67      305.33        0.00
     0     5     1102.00      303.33        0.00
     0     5     1099.33      300.67        0.00
     0     5     1096.67      298.00        0.00
     0     5     1094.00      295.33        0.00
     0     5     1092.00      292.67        0.00
     0     5     1090.00      289.33        0.00
     0     5     1088.00      286.67        0.00
     0     5     1086.00      283.33        0.00
     0     5     1084.67      280.00        0.00
     0     5     1082.67      276.67        0.00
     0     5     1081.33      273.33        0.00
     0     5     1079.33      270.67        0.00
     0     5     1078.67      267.33        0.00
     0     5     1077.33      264.00        0.00
     0     5     1076.00      260.67        0.00
     0     5     1075.33      257.33        0.00
     0     5     1074.00      254.00        0.00
     0     5     1073.33      250.67        0.00
     0     5     1072.67      247.33        0.00
     0     5     1072.00      244.00        0.00
     0     5     1071.33      240.67        0.00
     0     5     1070.00      237.33        0.00
     0     5     1068.67      234.00        0.00
     0     5     1066.67      231.33        0.00
     0     5     1065.33      228.00        0.00
     0     5     1064.00      224.67        0.00
     0     5     1063.33      221.33        0.00
     0     5     1062.00      218.00        0.00
     0     5     1062.00      214.67        0.00
     0     5     1062.00      211.33        0.00
     0     5     1063.33      208.00        0.00
     0     5     1064.00      204.67        0.00
     0     5     1065.33      201.33        0.00
     0     5     1066.67      198.00        0.00
     0     5     1068.00      194.67        0.00
     0     5     1070.00      191.33        0.00
     0     5     1071.33      188.00        0.00
     0     5     1073.33      184.67        0.00
     0     5     1074.67      181.33        0.00
     0     5     1076.00      178.00        0.00
     0     5     1077.33      174.67        0.00
     0     5     1078.67      171.33        0.00
     0     5     1079.33      168.00        0.00
     0     5     1080.67      164.67        0.00
     0     5     1081.33      161.33        0.00
     0     5     1083.33      158.00        0.00
     0     5     1085.33      154.67        0.00
     0     5     1086.67      151.33        0.00
     0     5     1088.67      148.00        0.00
     0     5     1089.33      144.67        0.00
     0     5     1090.67      141.33        0.00
     0     5     1090.67      138.00        0.00
     0     5     1091.33      134.67        0.00
     0     5     1091.33      130.67        0.00
     0     5     1091.33      127.33        0.00
     0     5     1092.00      124.00        0.00
     0     5     1092.00      120.00        0.00
     0     5     1093.33      116.00        0.00
     0     5     1094.00      112.67        0.00
     0     5     1094.67      109.33        0.00
     0     5     1096.00      106.00        0.00
     0     5     1096.67      102.67        0.00
     0     5     1096.67       99.33        0.00
     0     5     1096.00       96.00        0.00
     0     5     1094.67       92.67        0.00
     0     5     1094.00       89.33        0.00
     0     5     1094.00       86.00        0.00
     0     5     1093.33       82.67        0.00
     0     5     1093.33       79.33        0.00
     0     5     1093.33       76.00        0.00
     0     5     1094.00       72.67        0.00
     0     5     1095.33       69.33        0.00
     0     5     1096.67       66.00        0.00
     0     5     1097.33       62.67        0.00
     0     5     1098.00       59.33        0.00
     0     5     1098.67       56.00        0.00
     0     5     1098.67       52.67        0.00
     0     5     1098.67       49.33        0.00
     0     5     1098.67       46.00        0.00
     0     5     1098.67       42.67        0.00
     0     5     1098.67       39.33        0.00
     0     5     1098.00       36.00        0.00
     0     5     1098.00       32.67        0.00
     0     5     1098.00       29.33        0.00
     0     5     1097.33       26.00        0.00
     0     5     1097.33       22.67        0.00
     0     5     1097.33       19.33        0.00
     0     5     1096.67       16.00        0.00
     0     5     1096.67       12.67        0.00
     0     5     1096.67        9.33        0.00
     0     5     1097.33        6.00        0.00
     0     5     1097.33        2.67        0.00
     0     5     1210.00       -0.67        0.00
     0     5     1207.33       23.33        0.00
     0     5     1206.00       28.00        0.00
     0     5     1205.33       31.33        0.00
     0     5     1204.67       34.67        0.00
     0     5     1204.67       38.00        0.00
     0     5     1204.67       41.33        0.00
     0     5     1204.00       44.67        0.00
     0     5     1203.33       48.00        0.00
     0     5     1201.33       51.33        0.00
     0     5     1199.33       54.67        0.00
     0     5     1197.33       57.33        0.00
     0     5     1195.33       60.67        0.00
     0     5     1193.33       64.00        0.00
     0     5     1192.00       67.33        0.00
     0     5     1190.67       70.67        0.00
     0     5     1190.00       74.00        0.00
     0     5     1188.67       77.33        0.00
     0     5     1188.00       80.67        0.00
     0     5     1187.33       84.00        0.00
     0     5     1186.67       87.33        0.00
     0     5     1186.00       90.67        0.00
     0     5     1185.33       94.00        0.00
     0     5     1184.67       97.33        0.00
     0     5     1184.67      100.67        0.00
     0     5     1184.67      104.00        0.00
     0     5     1185.33      107.33        0.00
     0     5     1186.00      110.67        0.00
     0     5     1186.67      114.00        0.00
     0     5     1187.33      117.33        0.00
     0     5     1188.00      120.67        0.00
     0     6     1027.33      186.00        0.00
     0     6     1022.67      185.33        0.00
     0     6     1019.33      184.00        0.00
     0     6     1016.00      183.33        0.00
     0     6     1012.67      182.00        0.00
     0     6     1009.33      180.67        0.00
     0     6     1006.00      179.33        0.00
     0     6     1002.67      178.00        0.00
     0     6      999.33      176.00        0.00
     0     6      996.67      174.00        0.00
     0     6      994.00      171.33        0.00
     0     6      992.00      168.67        0.00
     0     6      990.67      165.33        0.00
     0     6      988.67      162.67        0.00
     0     6      987.33      159.33        0.00
     0     6      986.00      156.00        0.00
     0     6      985.33      152.67        0.00
     0     6      984.67      149.33        0.00
     0     6      984.00      146.00        0.00
     0     6      984.00      142.67        0.00
     0     6      984.00      138.67        0.00
     0     6      984.00      135.33        0.00
     0     6      983.33      132.00        0.00
     0     6      983.33      128.67        0.00
     0     6      983.33      125.33        0.00
     0     6      983.33      122.00        0.00
     0     6      983.33      118.67        0.00
     0     6      983.33      115.33        0.00
     0     6      983.33      112.00        0.00
     0     6      983.33      108.67        0.00
     0     6      983.33      105.33        0.00
     0     6      982.67      102.00        0.00
     0     6      982.67       98.67        0.00
     0     6      982.00       95.33        0.00
     0     6      981.33       92.00        0.00
     0     6      981.33       88.67        0.00
     0     6      980.67       85.33        0.00
     0     6      979.33       82.00        0.00
     0     6      978.00       78.00        0.00
     0     6      978.00       74.67        0.00
     0     6      977.33       71.33        0.00
     0     6      976.67       68.00        0.00
     0     6      976.00       64.67        0.00
     0     6      975.33       61.33        0.00
     0     6      975.33       58.00        0.00
     0     6      976.00       54.67        0.00
     0     6      976.00       51.33        0.00
     0     6      976.00       48.00        0.00
     0     6      976.67       44.67        0.00
     0     6      976.67       41.33        0.00
     0     6      977.33       38.00        0.00
     0     6      978.00       34.67        0.00
     0     6      979.33       31.33        0.00
     0     6      980.00       28.00        0.00
     0     6      980.67       24.67        0.00
     0     6      982.00       21.33        0.00
     0     6      983.33       18.00        0.00
     0     6      984.00       14.67        0.00
     0     6      984.67       11.33        0.00
     0     6      985.33        8.00        0.00
     0     6      986.67        4.67        0.00
     0     6      987.33        1.33        0.00
     0     6      988.67       -2.00        0.00
     0     6     1090.67       -2.00        0.00
     0     6     1089.33        1.33        0.00
     0     6     1088.00        4.67        0.00
     0     6     1087.33        8.00        0.00
     0     6     1086.67       11.33        0.00
     0     6     1086.67       14.67        0.00
     0     6     1086.00       18.00        0.00
     0     6     1086.00       21.33        0.00
     0     6     1085.33       24.67        0.00
     0     6     1085.33       28.00        0.00
     0     6     1084.67       31.33        0.00
     0     6     1084.67       34.67        0.00
     0     6     1084.00       38.00        0.00
     0     6     1083.33       41.33        0.00
     0     6     1082.67       44.67        0.00
     0     6     1082.67       48.00        0.00
     0     6     1082.00       51.33        0.00
     0     6     1082.00       54.67        0.00
     0     6     1081.33       58.00        0.00
     0     6     1081.33       61.33        0.00
     0     6     1080.67       64.67        0.00
     0     6     1080.00       68.00        0.00
     0     6     1080.00       71.33        0.00
     0     6     1079.33       74.67        0.00
     0     6     1079.33       78.00        0.00
     0     6     1078.67       81.33        0.00
     0     6     1078.67       84.67        0.00
     0     6     1078.00       88.00        0.00
     0     6     1076.67       91.33        0.00
     0     6     1075.33       94.67        0.00
     0     6     1073.33       97.33        0.00
     0     6     1072.00      100.67        0.00
     0     6     1070.67      104.00        0.00
     0     6     1068.67      106.67        0.00
     0     6     1067.33      110.00        0.00
     0     6     1066.00      113.33        0.00
     0     6     1065.33      116.67        0.00
     0     6     1064.00      120.00        0.00
     0     6     1062.67      123.33        0.00
     0     6     1061.33      126.67        0.00
     0     6     1060.67      130.00        0.00
     0     6     1059.33      133.33        0.00
     0     6     1058.67      136.67        0.00
     0     6     1057.33      140.00        0.00
     0     6     1056.67      143.33        0.00
     0     6     1055.33      146.67        0.00
     0     6     1054.00      150.00        0.00
     0     6     1052.67      153.33        0.00
     0     6     1051.33      156.67        0.00
     0     6     1049.33      160.00        0.00
     0     6     1047.33      162.67        0.00
     0     6     1045.33      166.00        0.00
     0     6     1043.33      168.67        0.00
     0     6     1041.33      171.33        0.00
     0     6     1039.33      174.00        0.00
     0     6     1036.67      176.67        0.00
     0     7      754.67       59.33        0.00
     0     7      752.67       62.00        0.00
     0     7      751.33       65.33        0.00
     0     7      750.00       68.67        0.00
     0     7      748.67       72.00        0.00
     0     7      746.67       75.33        0.00
     0     7      744.67       78.00        0.00
     0     7      741.33       79.33        0.00
     0     7      738.00       80.00        0.00
     0     7      734.67       80.67        0.00
     0     7      730.67       81.33        0.00
     0     7      727.33       81.33        0.00
     0     7      724.00       82.00        0.00
     0     7      720.67       82.00        0.00
     0     7      717.33       82.67        0.00
     0     7      713.33       83.33        0.00
     0     7      710.00       84.00        0.00
     0     7      707.33       86.00        0.00
     0     7      704.67       88.00        0.00
     0     7      702.00       90.00        0.00
     0     7      698.67       91.33        0.00
     0     7      695.33       93.33        0.00
     0     7      692.00       93.33        0.00
     0     7      688.67       94.00        0.00
     0     7      685.33       94.00        0.00
     0     7      681.33       94.00        0.00
     0     7      677.33       93.33        0.00
     0     7      670.67       91.33        0.00
     0     7      665.33       89.33        0.00
     0     7      662.00       88.00        0.00
     0     7      658.00       85.33        0.00
     0     7      654.67       83.33        0.00
     0     7      650.67       81.33        0.00
     0     7      647.33       80.00        0.00
     0     7      644.67       77.33        0.00
     0     7      642.00       74.67        0.00
     0     7      640.00       72.00        0.00
     0     7      638.00       69.33        0.00
     0     7      636.00       66.67        0.00
     0     7      634.00       64.00        0.00
     0     7      631.33       61.33        0.00
     0     7      629.33       58.00        0.00
     0     7      628.67       54.67        0.00
     0     7      628.00       51.33        0.00
     0     7      628.67       48.00        0.00
     0     7      630.00       44.67        0.00
     0     7      631.33       41.33        0.00
     0     7      632.67       38.00        0.00
     0     7      633.33       34.67        0.00
     0     7      634.00       31.33        0.00
     0     7      634.67       28.00        0.00
     0     7      636.00       24.67        0.00
     0     7      636.67       21.33        0.00
     0     7      638.00       18.00        0.00
     0     7      640.00       14.67        0.00
     0     7      642.67       12.00        0.00
     0     7      646.67        9.33        0.00
     0     7      650.00        7.33        0.00
     0     7      654.67        4.67        0.00
     0     7      658.67        3.33        0.00
     0     7      664.00        1.33        0.00
     0     7      668.67        0.67        0.00
     0     7      672.00        0.67        0.00
     0     7      675.33        0.67        0.00
     0     7      678.67        0.00        0.00
     0     7      682.00        0.00        0.00
     0     7      685.33       -0.67        0.00
     0     7      688.67       -0.67        0.00
     0     7      692.00       -1.33        0.00
     0     7      695.33       -1.33        0.00
     0     7      699.33       -1.33        0.00
     0     7      702.67       -1.33        0.00
     0     7      706.00       -1.33        0.00
     0     7      709.33       -1.33        0.00
     0     7      712.67       -1.33        0.00
     0     7      716.00       -1.33        0.00
     0     7      719.33       -0.67        0.00
     0     7      722.67       -0.67        0.00
     0     7      726.00        0.00        0.00
     0     7      730.00        0.67        0.00
     0     7      733.33        1.33        0.00
     0     7      736.67        2.67        0.00
     0     7      740.00        4.00        0.00
     0     7      743.33        6.00        0.00
     0     7      746.00        8.00        0.00
     0     7      748.00       10.67        0.00
     0     7      750.00       13.33        0.00
     0     7      751.33       16.67        0.00
     0     7      753.33       20.00        0.00
     0     7      754.00       23.33        0.00
     0     7      754.67       26.67        0.00
     0     7      755.33       30.00        0.00
     0     7      756.00       33.33        0.00
     0     7      756.00       36.67        0.00
     0     7      756.67       40.00        0.00
     0     7      756.67       43.33        0.00
     0     7      756.67       46.67        0.00
     0     7      755.33       50.00        0.00
     0     8      478.33        1.33        0.00
     0     8      476.33        4.00        0.00
     0     8      475.00        7.33        0.00
     0     8      473.67       10.67        0.00
     0     8      473.00       14.00        0.00
     0     8      472.33       17.33        0.00
     0     8      471.00       20.67        0.00
     0     8      470.33       24.00        0.00
     0     8      469.67       28.00        0.00
     0     8      469.00       31.33        0.00
     0     8      467.67       34.67        0.00
     0     8      467.67       38.00        0.00
     0     8      467.67       41.33        0.00
     0     8      467.67       44.67        0.00
     0     8      467.67       48.00        0.00
     0     8      468.33       51.33        0.00
     0     8      469.00       54.67        0.00
     0     8      470.33       58.00        0.00
     0     8      471.00       61.33        0.00
     0     8      471.67       64.67        0.00
     0     8      472.33       68.00        0.00
     0     8      473.00       71.33        0.00
     0     8      474.33       74.67        0.00
     0     8      476.33       78.00        0.00
     0     8      477.67       81.33        0.00
     0     8      479.00       84.67        0.00
     0     8      481.00       87.33        0.00
     0     8      483.00       90.67        0.00
     0     8      485.00       93.33        0.00
     0     8      487.00       96.00        0.00
     0     8      489.67       98.00        0.00
     0     8      492.33      100.00        0.00
     0     8      495.00      102.00        0.00
     0     8      497.67      104.00        0.00
     0     8      500.33      106.00        0.00
     0     8      503.00      108.00        0.00
     0     8      505.67      110.67        0.00
     0     8      508.33      113.33        0.00
     0     8      511.00      116.00        0.00
     0     8      513.00      118.67        0.00
     0     8      515.00      121.33        0.00
     0     8      517.00      124.00        0.00
     0     8      519.00      126.67        0.00
     0     8      521.00      130.00        0.00
     0     8      523.67      132.00        0.00
     0     8      527.00      134.00        0.00
     0     8      529.67      136.00        0.00
     0     8      533.00      136.67        0.00
     0     8      536.33      137.33        0.00
     0     8      539.67      138.67        0.00
     0     8      543.00      138.67        0.00
     0     8      546.33      138.67        0.00
     0     8      549.67      137.33        0.00
     0     8      552.33      135.33        0.00
     0     8      555.67      133.33        0.00
     0     8      558.33      131.33        0.00
     0     8      560.33      128.67        0.00
     0     8      562.33      126.00        0.00
     0     8      564.33      123.33        0.00
     0     8      565.67      120.00        0.00
     0     8      567.00      116.67        0.00
     0     8      568.33      113.33        0.00
     0     8      569.00      110.00        0.00
     0     8      569.00      106.67        0.00
     0     8      569.67      103.33        0.00
     0     8      569.67      100.00        0.00
     0     8      570.33       96.67        0.00
     0     8      571.00       93.33        0.00
     0     8      571.00       90.00        0.00
     0     8      571.67       86.67        0.00
     0     8      571.67       83.33        0.00
     0     8      571.67       80.00        0.00
     0     8      572.33       76.67        0.00
     0     8      572.33       73.33        0.00
     0     8      572.33       70.00        0.00
     0     8      572.33       66.67        0.00
     0     8      572.33       63.33        0.00
     0     8      572.33       60.00        0.00
     0     8      572.33       56.67        0.00
     0     8      573.00       53.33        0.00
     0     8      574.33       50.00        0.00
     0     8      575.67       46.67        0.00
     0     8      577.00       43.33        0.00
     0     8      578.33       40.00        0.00
     0     8      579.67       36.67        0.00
     0     8      580.33       33.33        0.00
     0     8      581.00       30.00        0.00
     0     8      581.67       26.67        0.00
     0     8      583.00       23.33        0.00
     0     8      583.67       20.00        0.00
     0     8      583.67       16.67        0.00
     0     8      584.33       13.33        0.00
     0     8      585.00       10.00        0.00
     0     8      585.67        6.67        0.00
     0     8      585.67        3.33        0.00
     0     8      585.67        0.00        0.00
     0     9      106.67      352.67        0.00
     0     9      100.00      355.33        0.00
     0     9       96.67      355.33        0.00
     0     9       93.33      356.00        0.00
     0     9       90.00      356.00        0.00
     0     9       86.67      355.33        0.00
     0     9       83.33      354.67        0.00
     0     9       80.00      353.33        0.00
     0     9       77.33      351.33        0.00
     0     9       74.00      349.33        0.00
     0     9       71.33      347.33        0.00
     0     9       68.67      345.33        0.00
     0     9       66.67      342.67        0.00
     0     9       64.67      340.00        0.00
     0     9       63.33      336.67        0.00
     0     9       62.67      333.33        0.00
     0     9       61.33      330.00        0.00
     0     9       61.33      326.67        0.00
     0     9       61.33      323.33        0.00
     0     9       61.33      320.00        0.00
     0     9       61.33      316.67        0.00
     0     9       61.33      313.33        0.00
     0     9       62.00      310.00        0.00
     0     9       63.33      306.67        0.00
     0     9       64.67      303.33        0.00
     0     9       66.67      300.67        0.00
     0     9       68.67      298.00        0.00
     0     9       70.67      295.33        0.00
     0     9       73.33      293.33        0.00
     0     9       75.33      290.67        0.00
     0     9       78.00      288.67        0.00
     0     9       80.00      286.00        0.00
     0     9       82.67      283.33        0.00
     0     9       85.33      281.33        0.00
     0     9       88.00      279.33        0.00
     0     9       90.67      277.33        0.00
     0     9       94.00      275.33        0.00
     0     9       96.67      273.33        0.00
     0     9      100.00      272.67        0.00
     0     9      103.33      270.67        0.00
     0     9      106.67      268.67        0.00
     0     9      110.00      268.00        0.00
     0     9      113.33      266.67        0.00
     0     9      116.67      266.00        0.00
     0     9      120.00      264.67        0.00
     0     9      123.33      264.00        0.00
     0     9      126.67      263.33        0.00
     0     9      130.00      263.33        0.00
     0     9      133.33      263.33        0.00
     0     9      137.33      263.33        0.00
     0     9      141.33      263.33        0.00
     0     9      145.33      264.00        0.00
     0     9      148.67      264.67        0.00
     0     9      152.00      264.67        0.00
     0     9      155.33      265.33        0.00
     0     9      158.67      266.00        0.00
     0     9      162.00      266.67        0.00
     0     9      165.33      268.67        0.00
     0     9      168.00      270.67        0.00
     0     9      170.67      272.67        0.00
     0     9      174.00      274.67        0.00
     0     9      176.67      276.67        0.00
     0     9      179.33      278.67        0.00
     0     9      182.00      280.67        0.00
     0     9      184.67      282.67        0.00
     0     9      188.00      284.00        0.00
     0     9      190.67      286.00        0.00
     0     9      193.33      288.67        0.00
     0     9      196.67      290.67        0.00
     0     9      199.33      292.67        0.00
     0     9      202.00      294.67        0.00
     0     9      205.33      296.67        0.00
     0     9      208.00      298.67        0.00
     0     9      210.00      301.33        0.00
     0     9      212.67      303.33        0.00
     0     9      215.33      306.00        0.00
     0     9      217.33      308.67        0.00
     0     9      219.33      311.33        0.00
     0     9      221.33      314.67        0.00
     0     9      223.33      318.00        0.00
     0     9      224.67      321.33        0.00
     0     9      226.67      324.00        0.00
     0     9      228.00      327.33        0.00
     0     9      229.33      331.33        0.00
     0     9      231.33      334.00        0.00
     0     9      232.67      337.33        0.00
     0     9      234.67      341.33        0.00
     0     9      236.67      344.67        0.00
     0     9      238.00      348.00        0.00
     0     9      240.00      350.67        0.00
     0     9      242.00      353.33        0.00
     0     9      244.00      356.00        0.00
     0     9      246.00      358.67        0.00
     0     9      248.67      361.33        0.00
     0     9      250.67      364.00        0.00
     0     9      253.33      366.00        0.00
     0     9      256.00      368.67        0.00
     0     9      258.67      370.67        0.00
     0     9      262.00      372.67        0.00
     0     9      264.67      375.33        0.00
     0     9      267.33      377.33        0.00
     0     9      270.00      380.00        0.00
     0     9      272.00      383.33        0.00
     0     9      274.00      386.67        0.00
     0     9      274.00      390.00        0.00
     0     9      274.67      393.33        0.00
     0     9      274.67      396.67        0.00
     0     9      274.67      400.00        0.00
     0     9      274.67      403.33        0.00
     0     9      274.00      406.67        0.00
     0     9      272.67      410.00        0.00
     0     9      270.67      412.67        0.00
     0     9      268.00      415.33        0.00
     0     9      265.33      418.00        0.00
     0     9      262.00      419.33        0.00
     0     9      258.67      420.67        0.00
     0     9      255.33      421.33        0.00
     0     9      252.00      423.33        0.00
     0     9      248.67      424.00        0.00
     0     9      245.33      424.67        0.00
     0     9      242.00      424.67        0.00
     0     9      238.67      424.67        0.00
     0     9      235.33      424.67        0.00
     0     9      232.00      424.67        0.00
     0     9      228.67      423.33        0.00
     0     9      225.33      422.67        0.00
     0     9      222.00      422.00        0.00
     0     9      218.67      420.67        0.00
     0     9      215.33      420.00        0.00
     0     9      212.00      419.33        0.00
     0     9      208.67      418.67        0.00
     0     9      205.33      417.33        0.00
     0     9      201.33      416.67        0.00
     0     9      198.00      416.00        0.00
     0     9      194.67      414.67        0.00
     0     9      192.00      412.00        0.00
     0     9      189.33      409.33        0.00
     0     9      187.33      406.67        0.00
     0     9      186.00      403.33        0.00
     0     9      184.67      400.00        0.00
     0     9      182.67      397.33        0.00
     0     9      180.00      395.33        0.00
     0     9      176.67      394.00        0.00
     0     9      173.33      393.33        0.00
     0     9      170.67      391.33        0.00
     0     9      167.33      390.00        0.00
     0     9      165.33      387.33        0.00
     0     9      162.67      385.33        0.00
     0     9      159.33      383.33        0.00
     0     9      156.67      380.67        0.00
     0     9      154.00      378.67        0.00
     0     9      152.00      376.00        0.00
     0     9      150.00      373.33        0.00
     0     9      148.00      370.67        0.00
     0     9      146.00      368.00        0.00
     0     9      144.00      365.33        0.00
     0     9      141.33      362.67        0.00
     0     9      138.67      360.67        0.00
     0     9      136.00      358.67        0.00
     0     9      133.33      356.67        0.00
     0     9      130.00      355.33        0.00
     0     9      127.33      353.33        0.00
     0    10      155.33      514.67        0.00
     0    10      152.00      514.00        0.00
     0    10      148.67      513.33        0.00
     0    10      145.33      512.67        0.00
     0    10      142.00      512.00        0.00
     0    10      138.67      510.67        0.00
     0    10      135.33      509.33        0.00
     0    10      132.00      508.00        0.00
     0    10      128.67      506.00        0.00
     0    10      125.33      504.67        0.00
     0    10      122.67      502.67        0.00
     0    10      119.33      500.67        0.00
     0    10      116.00      498.67        0.00
     0    10      113.33      496.67        0.00
     0    10      111.33      494.00        0.00
     0    10      109.33      490.67        0.00
     0    10      108.67      487.33        0.00
     0    10      108.00      484.00        0.00
     0    10      107.33      480.67        0.00
     0    10      107.33      477.33        0.00
     0    10      107.33      474.00        0.00
     0    10      108.00      470.67        0.00
     0    10      108.67      467.33        0.00
     0    10      109.33      464.00        0.00
     0    10      110.00      460.67        0.00
     0    10      110.67      457.33        0.00
     0    10      111.33      454.00        0.00
     0    10      112.00      450.67        0.00
     0    10      112.67      447.33        0.00
     0    10      113.33      444.00        0.00
     0    10      114.00      440.67        0.00
     0    10      114.00      437.33        0.00
     0    10      115.33      434.00        0.00
     0    10      116.67      430.67        0.00
     0    10      118.00      427.33        0.00
     0    10      120.00      424.67        0.00
     0    10      122.67      422.67        0.00
     0    10      124.67      420.00        0.00
     0    10      127.33      418.00        0.00
     0    10      130.00      416.00        0.00
     0    10      132.67      414.00        0.00
     0    10      135.33      412.00        0.00
     0    10      138.00      410.00        0.00
     0    10      141.33      408.67        0.00
     0    10      144.67      408.67        0.00
     0    10      148.00      408.00        0.00
     0    10      151.33      408.00        0.00
     0    10      154.67      408.00        0.00
     0    10      158.00      408.67        0.00
     0    10      161.33      410.00        0.00
     0    10      164.67      412.00        0.00
     0    10      167.33      414.00        0.00
     0    10      170.00      416.00        0.00
     0    10      172.67      418.00        0.00
     0    10      175.33      420.00        0.00
     0    10      176.67      423.33        0.00
     0    10      178.00      426.67        0.00
     0    10      178.67      430.00        0.00
     0    10      179.33      433.33        0.00
     0    10      179.33      436.67        0.00
     0    10      180.67      440.00        0.00
     0    10      182.00      443.33        0.00
     0    10      183.33      446.67        0.00
     0    10      185.33      449.33        0.00
     0    10      186.67      452.67        0.00
     0    10      188.67      456.00        0.00
     0    10      189.33      459.33        0.00
     0    10      190.00      462.67        0.00
     0    10      190.67      466.00        0.00
     0    10      190.67      469.33        0.00
     0    10      190.67      472.67        0.00
     0    10      190.67      476.00        0.00
     0    10      190.67      479.33        0.00
     0    10      190.67      482.67        0.00
     0    10      189.33      486.00        0.00
     0    10      188.00      489.33        0.00
     0    10      186.00      492.67        0.00
     0    10      184.00      495.33        0.00
     0    10      182.00      498.67        0.00
     0    10      180.00      501.33        0.00
     0    10      178.00      504.00        0.00
     0    10      175.33      506.00        0.00
     0    10      172.67      508.00        0.00
     0    10      170.00      510.00        0.00
     0    10      166.67      511.33        0.00
     1     0      746.67      878.33        0.00
     1     0      745.33      881.67        0.00
     1     0      743.33      884.33        0.00
     1     0      740.00      885.67        0.00
     1     0      736.67      885.67        0.00
     1     0      734.00      883.67        0.00
     1     0      732.67      880.33        0.00
     1     0      732.67      877.00        0.00
     1     0      733.33      873.67        0.00
     1     0      735.33      871.00        0.00
     1     0      737.33      868.33        0.00
     1     0      740.67      867.67        0.00
     1     0      744.00      867.00        0.00
     1     0      747.33      867.00        0.00
     1     0      748.67      870.33        0.00
     1     1      762.67      859.00        0.00
     1     1      760.67      861.67        0.00
     1     1      757.33      861.67        0.00
     1     1      754.00      861.67        0.00
     1     1      751.33      859.67        0.00
     1     1      750.67      856.33        0.00
     1     1      751.33      853.00        0.00
     1     1      753.33      850.33        0.00
     1     1      756.67      849.00        0.00
     1     1      760.00      848.33        0.00
     1     1      763.33      847.00        0.00
     1     1      766.67      847.67        0.00
     1     1      768.67      850.33        0.00
     1     1      768.67      853.67        0.00
     1     2     1185.00      442.50        0.00
     1     2     1183.00      444.00        0.00
     1     2     1180.50      444.00        0.00
     1     2     1178.00      442.50        0.00
     1     2     1177.50      440.00        0.00
     1     2     1177.50      437.50        0.00
     1     2     1177.50      435.00        0.00
     1     2     1179.00      432.50        0.00
     1     2     1180.50      430.50        0.00
     1     2     1183.00      429.50        0.00
     1     2     1185.50      429.00        0.00
     1     2     1188.00      429.50        0.00
     1     2     1190.00      431.50        0.00
     1     2     1191.00      434.00        0.00
     1     2     1191.50      436.50        0.00
     1     2     1190.50      439.00        0.00
