     0     0     1373.00      197.00        0.00
     0     0     1370.00      199.00        0.00
     0     0     1367.00      201.00        0.00
     0     0     1364.00      203.00        0.00
     0     0     1361.00      205.00        0.00
     0     0     1358.00      207.00        0.00
     0     0     1355.00      208.00        0.00
     0     0     1352.00      209.00        0.00
     0     0     1349.00      211.00        0.00
     0     0     1347.00      214.00        0.00
     0     0     1344.00      215.00        0.00
     0     0     1341.00      218.00        0.00
     0     0     1339.00      221.00        0.00
     0     0     1336.00      223.00        0.00
     0     0     1333.00      226.00        0.00
     0     0     1330.00      228.00        0.00
     0     0     1327.00      229.00        0.00
     0     0     1324.00      231.00        0.00
     0     0     1321.00      232.00        0.00
     0     0     1318.00      234.00        0.00
     0     0     1315.00      236.00        0.00
     0     0     1312.00      238.00        0.00
     0     0     1309.00      240.00        0.00
     0     0     1306.00      242.00        0.00
     0     0     1303.00      243.00        0.00
     0     0     1300.00      246.00        0.00
     0     0     1297.00      249.00        0.00
     0     0     1294.00      251.00        0.00
     0     0     1291.00      253.00        0.00
     0     0     1288.00      254.00        0.00
     0     0     1285.00      256.00        0.00
     0     0     1282.00      258.00        0.00
     0     0     1279.00      259.00        0.00
     0     0     1276.00      261.00        0.00
     0     0     1273.00      263.00        0.00
     0     0     1270.00      264.00        0.00
     0     0     1267.00      266.00        0.00
     0     0     1264.00      268.00        0.00
     0     0     1261.00      270.00        0.00
     0     0     1258.00      272.00        0.00
     0     0     1251.00      276.00        0.00
     0     0     1242.00      280.00        0.00
     0     0     1233.00      286.00        0.00
     0     0     1228.00      290.00        0.00
     0     0     1224.00      294.00        0.00
     0     0     1221.00      298.00        0.00
     0     0     1219.00      301.00        0.00
     0     0     1217.00      304.00        0.00
     0     0     1214.00      306.00        0.00
     0     0     1211.00      308.00        0.00
     0     0     1208.00      311.00        0.00
     0     0     1205.00      313.00        0.00
     0     0     1202.00      315.00        0.00
     0     0     1199.00      318.00        0.00
     0     0     1195.00      321.00        0.00
     0     0     1192.00      323.00        0.00
     0     0     1191.00      326.00        0.00
     0     0     1189.00      329.00        0.00
     0     0     1186.00      332.00        0.00
     0     0     1183.00      335.00        0.00
     0     0     1180.00      338.00        0.00
     0     0     1177.00      341.00        0.00
     0     0     1176.00      344.00        0.00
     0     0     1173.00      347.00        0.00
     0     0     1170.00      350.00        0.00
     0     0     1167.00      352.00        0.00
     0     0     1164.00      354.00        0.00
     0     0     1161.00      356.00        0.00
     0     0     1158.00      358.00        0.00
     0     0     1155.00      360.00        0.00
     0     0     1151.00      362.00        0.00
     0     0     1144.00      366.00        0.00
     0     0     1140.00      369.00        0.00
     0     0     1137.00      373.00        0.00
     0     0     1134.00      376.00        0.00
     0     0     1132.00      379.00        0.00
     0     0     1131.00      382.00        0.00
     0     0     1129.00      385.00        0.00
     0     0     1128.00      388.00        0.00
     0     0     1126.00      391.00        0.00
     0     0     1124.00      394.00        0.00
     0     0     1121.00      397.00        0.00
     0     0     1118.00      400.00        0.00
     0     0     1115.00      402.00        0.00
     0     0     1113.00      405.00        0.00
     0     0     1110.00      406.00        0.00
     0     0     1108.00      409.00        0.00
     0     0     1105.00      411.00        0.00
     0     0     1102.00      413.00        0.00
     0     0     1099.00      415.00        0.00
     0     0     1096.00      417.00        0.00
     0     0     1092.00      418.00        0.00
     0     0     1088.00      420.00        0.00
     0     0     1082.00      421.00        0.00
     0     0     1077.00      422.00        0.00
     0     0     1069.00      423.00        0.00
     0     0     1065.00      423.00        0.00
     0     0     1061.00      424.00        0.00
     0     0     1058.00      425.00        0.00
     0     0     1055.00      426.00        0.00
     0     0     1052.00      427.00        0.00
     0     0     1048.00      428.00        0.00
     0     0     1044.00      428.00        0.00
     0     0     1041.00      429.00        0.00
     0     0     1037.00      429.00        0.00
     0     0     1034.00      430.00        0.00
     0     0     1030.00      431.00        0.00
     0     0     1026.00      431.00        0.00
     0     0     1023.00      432.00        0.00
     0     0     1019.00      432.00        0.00
     0     0     1016.00      433.00        0.00
     0     0     1013.00      434.00        0.00
     0     0     1009.00      434.00        0.00
     0     0     1006.00      435.00        0.00
     0     0     1002.00      435.00        0.00
     0     0      998.00      435.00        0.00
     0     0      994.00      436.00        0.00
     0     0      990.00      437.00        0.00
     0     0      986.00      438.00        0.00
     0     0      982.00      438.00        0.00
     0     0      978.00      438.00        0.00
     0     0      974.00      438.00        0.00
     0     0      971.00      437.00        0.00
     0     0      966.00      436.00        0.00
     0     0      962.00      435.00        0.00
     0     0      958.00      433.00        0.00
     0     0      952.00      430.00        0.00
     0     0      948.00      428.00        0.00
     0     0      944.00      424.00        0.00
     0     0      940.00      421.00        0.00
     0     0      937.00      418.00        0.00
     0     0      933.00      414.00        0.00
     0     0      930.00      411.00        0.00
     0     0      927.00      407.00        0.00
     0     0      923.00      403.00        0.00
     0     0      919.00      398.00        0.00
     0     0      915.00      394.00        0.00
     0     0      910.00      388.00        0.00
     0     0      906.00      383.00        0.00
     0     0      902.00      379.00        0.00
     0     0      897.00      373.00        0.00
     0     0      893.00      368.00        0.00
     0     0      889.00      363.00        0.00
     0     0      886.00      359.00        0.00
     0     0      883.00      354.00        0.00
     0     0      880.00      351.00        0.00
     0     0      877.00      347.00        0.00
     0     0      875.00      344.00        0.00
     0     0      872.00      341.00        0.00
     0     0      869.00      338.00        0.00
     0     0      866.00      335.00        0.00
     0     0      864.00      332.00        0.00
     0     0      862.00      329.00        0.00
     0     0      859.00      325.00        0.00
     0     0      858.00      321.00        0.00
     0     0      856.00      314.00        0.00
     0     0      854.00      309.00        0.00
     0     0      853.00      303.00        0.00
     0     0      852.00      296.00        0.00
     0     0      850.00      290.00        0.00
     0     0      849.00      282.00        0.00
     0     0      848.00      277.00        0.00
     0     0      847.00      271.00        0.00
     0     0      846.00      266.00        0.00
     0     0      846.00      259.00        0.00
     0     0      845.00      254.00        0.00
     0     0      845.00      249.00        0.00
     0     0      845.00      245.00        0.00
     0     0      845.00      241.00        0.00
     0     0      844.00      236.00        0.00
     0     0      843.00      231.00        0.00
     0     0      843.00      226.00        0.00
     0     0      841.00      221.00        0.00
     0     0      840.00      215.00        0.00
     0     0      840.00      211.00        0.00
     0     0      839.00      207.00        0.00
     0     0      838.00      201.00        0.00
     0     0      837.00      197.00        0.00
     0     0      836.00      193.00        0.00
     0     0      834.00      188.00        0.00
     0     0      832.00      184.00        0.00
     0     0      831.00      179.00        0.00
     0     0      829.00      174.00        0.00
     0     0      828.00      171.00        0.00
     0     0      826.00      167.00        0.00
     0     0      825.00      164.00        0.00
     0     0      825.00      160.00        0.00
     0     0      825.00      156.00        0.00
     0     0      825.00      152.00        0.00
     0     0      824.00      149.00        0.00
     0     0      823.00      146.00        0.00
     0     0      822.00      143.00        0.00
     0     0      821.00      140.00        0.00
     0     0      820.00      136.00        0.00
     0     0      819.00      133.00        0.00
     0     0      818.00      130.00        0.00
     0     0      817.00      126.00        0.00
     0     0      816.00      123.00        0.00
     0     0      815.00      119.00        0.00
     0     0      814.00      116.00        0.00
     0     0      813.00      113.00        0.00
     0     0      812.00      110.00        0.00
     0     0      811.00      107.00        0.00
     0     0      808.00      105.00        0.00
     0     0      807.00      102.00        0.00
     0     0      805.00       99.00        0.00
     0     0      804.00       96.00        0.00
     0     0      803.00       93.00        0.00
     0     0      802.00       90.00        0.00
     0     0      801.00       87.00        0.00
     0     0      800.00       84.00        0.00
     0     0      800.00       80.00        0.00
     0     0      799.00       77.00        0.00
     0     0      799.00       73.00        0.00
     0     0      799.00       69.00        0.00
     0     0      799.00       65.00        0.00
     0     0      800.00       62.00        0.00
     0     0      800.00       58.00        0.00
     0     0      801.00       55.00        0.00
     0     0      802.00       51.00        0.00
     0     0      803.00       46.00        0.00
     0     0      805.00       42.00        0.00
     0     0      807.00       38.00        0.00
     0     0      808.00       35.00        0.00
     0     0      811.00       32.00        0.00
     0     0      813.00       29.00        0.00
     0     0      817.00       25.00        0.00
     0     0      820.00       22.00        0.00
     0     0      823.00       20.00        0.00
     0     0      827.00       17.00        0.00
     0     0      830.00       15.00        0.00
     0     0      833.00       12.00        0.00
     0     0      837.00        9.00        0.00
     0     0      840.00        7.00        0.00
     0     0      843.00        5.00        0.00
     0     0      846.00        2.00        0.00
     0     0      849.00        0.00        0.00
     0     0      852.00       -3.00        0.00
     0     0      855.00       -4.00        0.00
     0     0     1345.00        5.00        0.00
     0     0     1341.00        6.00        0.00
     0     0     1338.00        8.00        0.00
     0     0     1335.00       11.00        0.00
     0     0     1332.00       14.00        0.00
     0     0     1329.00       15.00        0.00
     0     0     1326.00       17.00        0.00
     0     0     1323.00       18.00        0.00
     0     0     1319.00       21.00        0.00
     0     0     1316.00       23.00        0.00
     0     0     1312.00       25.00        0.00
     0     0     1309.00       27.00        0.00
     0     0     1306.00       29.00        0.00
     0     0     1303.00       31.00        0.00
     0     0     1299.00       33.00        0.00
     0     0     1296.00       36.00        0.00
     0     0     1292.00       38.00        0.00
     0     0     1289.00       42.00        0.00
     0     0     1285.00       45.00        0.00
     0     0     1282.00       48.00        0.00
     0     0     1279.00       50.00        0.00
     0     0     1277.00       53.00        0.00
     0     0     1274.00       55.00        0.00
     0     0     1271.00       57.00        0.00
     0     0     1268.00       59.00        0.00
     0     0     1265.00       62.00        0.00
     0     0     1262.00       64.00        0.00
     0     0     1259.00       66.00        0.00
     0     0     1256.00       68.00        0.00
     0     0     1253.00       69.00        0.00
     0     0     1250.00       70.00        0.00
     0     0     1247.00       72.00        0.00
     0     0     1244.00       73.00        0.00
     0     0     1241.00       75.00        0.00
     0     0     1238.00       76.00        0.00
     0     0     1235.00       77.00        0.00
     0     0     1232.00       79.00        0.00
     0     0     1228.00       80.00        0.00
     0     0     1223.00       80.00        0.00
     0     0     1218.00       81.00        0.00
     0     0     1214.00       81.00        0.00
     0     0     1211.00       82.00        0.00
     0     0     1208.00       83.00        0.00
     0     0     1205.00       84.00        0.00
     0     0     1202.00       85.00        0.00
     0     0     1198.00       85.00        0.00
     0     0     1195.00       86.00        0.00
     0     0     1192.00       87.00        0.00
     0     0     1189.00       88.00        0.00
     0     0     1186.00       89.00        0.00
     0     0     1182.00       89.00        0.00
     0     0     1179.00       90.00        0.00
     0     0     1175.00       91.00        0.00
     0     0     1171.00       91.00        0.00
     0     0     1167.00       91.00        0.00
     0     0     1164.00       92.00        0.00
     0     0     1160.00       92.00        0.00
     0     0     1156.00       92.00        0.00
     0     0     1152.00       92.00        0.00
     0     0     1148.00       92.00        0.00
     0     0     1144.00       92.00        0.00
     0     0     1140.00       92.00        0.00
     0     0     1136.00       92.00        0.00
     0     0     1132.00       92.00        0.00
     0     0     1128.00       92.00        0.00
     0     0     1124.00       92.00        0.00
     0     0     1120.00       92.00        0.00
     0     0     1116.00       92.00        0.00
     0     0     1113.00       91.00        0.00
     0     0     1109.00       91.00        0.00
     0     0     1105.00       91.00        0.00
     0     0     1102.00       92.00        0.00
     0     0     1098.00       93.00        0.00
     0     0     1094.00       94.00        0.00
     0     0     1091.00       95.00        0.00
     0     0     1088.00       96.00        0.00
     0     0     1084.00       97.00        0.00
     0     0     1079.00       98.00        0.00
     0     0     1076.00       99.00        0.00
     0     0     1073.00      100.00        0.00
     0     0     1069.00      101.00        0.00
     0     0     1066.00      103.00        0.00
     0     0     1063.00      105.00        0.00
     0     0     1060.00      107.00        0.00
     0     0     1058.00      110.00        0.00
     0     0     1056.00      113.00        0.00
     0     0     1053.00      115.00        0.00
     0     0     1050.00      117.00        0.00
     0     0     1048.00      120.00        0.00
     0     0     1045.00      122.00        0.00
     0     0     1042.00      124.00        0.00
     0     0     1039.00      126.00        0.00
     0     0     1037.00      129.00        0.00
     0     0     1034.00      132.00        0.00
     0     0     1031.00      134.00        0.00
     0     0     1029.00      137.00        0.00
     0     0     1026.00      140.00        0.00
     0     0     1023.00      142.00        0.00
     0     0     1021.00      145.00        0.00
     0     0     1018.00      147.00        0.00
     0     0     1015.00      150.00        0.00
     0     0     1012.00      152.00        0.00
     0     0     1009.00      155.00        0.00
     0     0     1006.00      157.00        0.00
     0     0     1003.00      160.00        0.00
     0     0     1000.00      163.00        0.00
     0     0      997.00      166.00        0.00
     0     0      994.00      167.00        0.00
     0     0      991.00      170.00        0.00
     0     0      981.00      186.00        0.00
     0     0      978.00      187.00        0.00
     0     0      976.00      190.00        0.00
     0     0      975.00      193.00        0.00
     0     0      974.00      196.00        0.00
     0     0      973.00      199.00        0.00
     0     0      972.00      202.00        0.00
     0     0      972.00      206.00        0.00
     0     0      971.00      209.00        0.00
     0     0      969.00      212.00        0.00
     0     0      968.00      215.00        0.00
     0     0      967.00      218.00        0.00
     0     0      965.00      221.00        0.00
     0     0      964.00      224.00        0.00
     0     0      963.00      227.00        0.00
     0     0      961.00      230.00        0.00
     0     0      960.00      233.00        0.00
     0     0      960.00      237.00        0.00
     0     0      959.00      240.00        0.00
     0     0      959.00      244.00        0.00
     0     0      960.00      247.00        0.00
     0     0      961.00      250.00        0.00
     0     0      963.00      253.00        0.00
     0     0      964.00      256.00        0.00
     0     0      966.00      259.00        0.00
     0     0      968.00      262.00        0.00
     0     0      971.00      264.00        0.00
     0     0      973.00      267.00        0.00
     0     0      975.00      270.00        0.00
     0     0      978.00      272.00        0.00
     0     0      981.00      274.00        0.00
     0     0      984.00      276.00        0.00
     0     0      987.00      278.00        0.00
     0     0      990.00      279.00        0.00
     0     0      993.00      280.00        0.00
     0     0      996.00      281.00        0.00
     0     0      999.00      282.00        0.00
     0     0     1002.00      283.00        0.00
     0     0     1006.00      283.00        0.00
     0     0     1010.00      284.00        0.00
     0     0     1014.00      284.00        0.00
     0     0     1018.00      284.00        0.00
     0     0     1022.00      284.00        0.00
     0     0     1026.00      284.00        0.00
     0     0     1030.00      284.00        0.00
     0     0     1033.00      283.00        0.00
     0     0     1037.00      282.00        0.00
     0     0     1040.00      281.00        0.00
     0     0     1043.00      280.00        0.00
     0     0     1046.00      278.00        0.00
     0     0     1049.00      277.00        0.00
     0     0     1052.00      275.00        0.00
     0     0     1056.00      274.00        0.00
     0     0     1059.00      273.00        0.00
     0     0     1062.00      271.00        0.00
     0     0     1065.00      269.00        0.00
     0     0     1068.00      268.00        0.00
     0     0     1072.00      267.00        0.00
     0     0     1075.00      266.00        0.00
     0     0     1079.00      265.00        0.00
     0     0     1082.00      263.00        0.00
     0     0     1085.00      261.00        0.00
     0     0     1088.00      260.00        0.00
     0     0     1091.00      259.00        0.00
     0     0     1094.00      257.00        0.00
     0     0     1097.00      256.00        0.00
     0     0     1100.00      255.00        0.00
     0     0     1103.00      253.00        0.00
     0     0     1106.00      252.00        0.00
     0     0     1109.00      251.00        0.00
     0     0     1112.00      249.00        0.00
     0     0     1115.00      246.00        0.00
     0     0     1118.00      245.00        0.00
     0     0     1121.00      243.00        0.00
     0     0     1124.00      241.00        0.00
     0     0     1127.00      239.00        0.00
     0     0     1130.00      237.00        0.00
     0     0     1133.00      234.00        0.00
     0     0     1136.00      232.00        0.00
     0     0     1139.00      229.00        0.00
     0     0     1142.00      227.00        0.00
     0     0     1144.00      224.00        0.00
     0     0     1146.00      221.00        0.00
     0     0     1147.00      218.00        0.00
     0     0     1150.00      216.00        0.00
     0     0     1152.00      213.00        0.00
     0     0     1155.00      210.00        0.00
     0     0     1158.00      208.00        0.00
     0     0     1160.00      205.00        0.00
     0     0     1162.00      202.00        0.00
     0     0     1164.00      199.00        0.00
     0     0     1166.00      195.00        0.00
     0     0     1169.00      192.00        0.00
     0     0     1171.00      189.00        0.00
     0     0     1172.00      186.00        0.00
     0     0     1175.00      184.00        0.00
     0     0     1178.00      181.00        0.00
     0     0     1181.00      179.00        0.00
     0     0     1184.00      177.00        0.00
     0     0     1188.00      173.00        0.00
     0     0     1190.00      170.00        0.00
     0     0     1192.00      167.00        0.00
     0     0     1194.00      164.00        0.00
     0     0     1196.00      161.00        0.00
     0     0     1198.00      158.00        0.00
     0     0     1201.00      155.00        0.00
     0     0     1204.00      153.00        0.00
     0     0     1207.00      151.00        0.00
     0     0     1210.00      150.00        0.00
     0     0     1213.00      149.00        0.00
     0     0     1216.00      147.00        0.00
     0     0     1219.00      145.00        0.00
     0     0     1222.00      143.00        0.00
     0     0     1225.00      140.00        0.00
     0     0     1228.00      138.00        0.00
     0     0     1230.00      135.00        0.00
     0     0     1231.00      132.00        0.00
     0     0     1234.00      129.00        0.00
     0     0     1236.00      126.00        0.00
     0     0     1239.00      123.00        0.00
     0     0     1242.00      120.00        0.00
     0     0     1245.00      117.00        0.00
     0     0     1247.00      114.00        0.00
     0     0     1249.00      111.00        0.00
     0     0     1252.00      109.00        0.00
     0     0     1254.00      106.00        0.00
     0     0     1256.00      103.00        0.00
     0     0     1259.00      100.00        0.00
     0     0     1262.00       97.00        0.00
     0     0     1264.00       94.00        0.00
     0     0     1267.00       92.00        0.00
     0     0     1270.00       90.00        0.00
     0     0     1272.00       87.00        0.00
     0     0     1275.00       84.00        0.00
     0     0     1278.00       81.00        0.00
     0     0     1281.00       79.00        0.00
     0     0     1283.00       76.00        0.00
     0     0     1286.00       74.00        0.00
     0     0     1289.00       72.00        0.00
     0     0     1292.00       71.00        0.00
     0     0     1296.00       68.00        0.00
     0     0     1302.00       67.00        0.00
     0     0     1307.00       65.00        0.00
     0     0     1311.00       63.00        0.00
     0     0     1314.00       62.00        0.00
     0     0     1317.00       59.00        0.00
     0     0     1320.00       57.00        0.00
     0     0     1324.00       55.00        0.00
     0     0     1327.00       53.00        0.00
     0     0     1331.00       51.00        0.00
     0     0     1334.00       49.00        0.00
     0     0     1337.00       47.00        0.00
     0     0     1340.00       45.00        0.00
     0     0     1343.00       43.00        0.00
     0     0     1346.00       41.00        0.00
     0     0     1349.00       38.00        0.00
     0     0     1351.00       35.00        0.00
     0     0     1354.00       32.00        0.00
     0     0     1357.00       29.00        0.00
     0     0     1360.00       27.00        0.00
     0     0     1362.00       24.00        0.00
     0     0     1365.00       23.00        0.00
     0     0     1368.00       22.00        0.00
     0     0     1376.00       -1.00        0.00
     0     1      452.00      544.00        0.00
     0     1      456.00      544.00        0.00
     0     1      460.00      544.00        0.00
     0     1      464.00      544.00        0.00
     0     1      468.00      543.00        0.00
     0     1      473.00      543.00        0.00
     0     1      476.00      542.00        0.00
     0     1      482.00      541.00        0.00
     0     1      487.00      541.00        0.00
     0     1      491.00      540.00        0.00
     0     1      495.00      539.00        0.00
     0     1      500.00      538.00        0.00
     0     1      504.00      536.00        0.00
     0     1      508.00      535.00        0.00
     0     1      512.00      533.00        0.00
     0     1      515.00      532.00        0.00
     0     1      519.00      530.00        0.00
     0     1      523.00      528.00        0.00
     0     1      526.00      526.00        0.00
     0     1      530.00      523.00        0.00
     0     1      534.00      521.00        0.00
     0     1      538.00      519.00        0.00
     0     1      541.00      517.00        0.00
     0     1      544.00      515.00        0.00
     0     1      548.00      514.00        0.00
     0     1      553.00      512.00        0.00
     0     1      556.00      510.00        0.00
     0     1      559.00      509.00        0.00
     0     1      563.00      508.00        0.00
     0     1      566.00      506.00        0.00
     0     1      569.00      505.00        0.00
     0     1      572.00      504.00        0.00
     0     1      576.00      502.00        0.00
     0     1      580.00      501.00        0.00
     0     1      583.00      499.00        0.00
     0     1      586.00      498.00        0.00
     0     1      589.00      495.00        0.00
     0     1      592.00      493.00        0.00
     0     1      595.00      492.00        0.00
     0     1      599.00      490.00        0.00
     0     1      602.00      489.00        0.00
     0     1      605.00      487.00        0.00
     0     1      608.00      486.00        0.00
     0     1      611.00      485.00        0.00
     0     1      614.00      484.00        0.00
     0     1      617.00      483.00        0.00
     0     1      621.00      482.00        0.00
     0     1      625.00      479.00        0.00
     0     1      632.00      477.00        0.00
     0     1      635.00      475.00        0.00
     0     1      639.00      473.00        0.00
     0     1      642.00      472.00        0.00
     0     1      645.00      471.00        0.00
     0     1      648.00      470.00        0.00
     0     1      651.00      467.00        0.00
     0     1      655.00      465.00        0.00
     0     1      659.00      463.00        0.00
     0     1      665.00      461.00        0.00
     0     1      669.00      459.00        0.00
     0     1      674.00      455.00        0.00
     0     1      678.00      452.00        0.00
     0     1      685.00      447.00        0.00
     0     1      692.00      443.00        0.00
     0     1      699.00      439.00        0.00
     0     1      705.00      435.00        0.00
     0     1      710.00      431.00        0.00
     0     1      718.00      426.00        0.00
     0     1      724.00      423.00        0.00
     0     1      730.00      420.00        0.00
     0     1      733.00      417.00        0.00
     0     1      737.00      415.00        0.00
     0     1      740.00      413.00        0.00
     0     1      743.00      411.00        0.00
     0     1      746.00      408.00        0.00
     0     1      749.00      406.00        0.00
     0     1      752.00      403.00        0.00
     0     1      755.00      401.00        0.00
     0     1      758.00      399.00        0.00
     0     1      761.00      398.00        0.00
     0     1      764.00      396.00        0.00
     0     1      767.00      395.00        0.00
     0     1      771.00      393.00        0.00
     0     1      775.00      392.00        0.00
     0     1      779.00      390.00        0.00
     0     1      785.00      388.00        0.00
     0     1      788.00      386.00        0.00
     0     1      794.00      383.00        0.00
     0     1      797.00      382.00        0.00
     0     1      802.00      381.00        0.00
     0     1      806.00      379.00        0.00
     0     1      810.00      378.00        0.00
     0     1      814.00      378.00        0.00
     0     1      818.00      377.00        0.00
     0     1      823.00      376.00        0.00
     0     1      826.00      375.00        0.00
     0     1      830.00      374.00        0.00
     0     1      834.00      374.00        0.00
     0     1      837.00      373.00        0.00
     0     1      841.00      373.00        0.00
     0     1      845.00      373.00        0.00
     0     1      849.00      373.00        0.00
     0     1      853.00      373.00        0.00
     0     1      856.00      374.00        0.00
     0     1      860.00      374.00        0.00
     0     1      864.00      374.00        0.00
     0     1      868.00      375.00        0.00
     0     1      872.00      376.00        0.00
     0     1      875.00      377.00        0.00
     0     1      878.00      379.00        0.00
     0     1      882.00      381.00        0.00
     0     1      886.00      382.00        0.00
     0     1      888.00      385.00        0.00
     0     1      891.00      386.00        0.00
     0     1      894.00      387.00        0.00
     0     1      896.00      390.00        0.00
     0     1      899.00      391.00        0.00
     0     1      901.00      394.00        0.00
     0     1      903.00      397.00        0.00
     0     1      904.00      400.00        0.00
     0     1      906.00      403.00        0.00
     0     1      907.00      407.00        0.00
     0     1      908.00      410.00        0.00
     0     1      909.00      413.00        0.00
     0     1      910.00      416.00        0.00
     0     1      911.00      419.00        0.00
     0     1      912.00      422.00        0.00
     0     1      913.00      425.00        0.00
     0     1      914.00      428.00        0.00
     0     1      915.00      431.00        0.00
     0     1      916.00      435.00        0.00
     0     1      917.00      439.00        0.00
     0     1      918.00      443.00        0.00
     0     1      918.00      447.00        0.00
     0     1      919.00      450.00        0.00
     0     1      920.00      453.00        0.00
     0     1      920.00      457.00        0.00
     0     1      921.00      460.00        0.00
     0     1      921.00      464.00        0.00
     0     1      921.00      468.00        0.00
     0     1      922.00      471.00        0.00
     0     1      922.00      475.00        0.00
     0     1      922.00      479.00        0.00
     0     1      921.00      482.00        0.00
     0     1      921.00      486.00        0.00
     0     1      920.00      489.00        0.00
     0     1      919.00      492.00        0.00
     0     1      918.00      496.00        0.00
     0     1      917.00      499.00        0.00
     0     1      916.00      503.00        0.00
     0     1      915.00      506.00        0.00
     0     1      914.00      509.00        0.00
     0     1      912.00      512.00        0.00
     0     1      911.00      515.00        0.00
     0     1      909.00      518.00        0.00
     0     1      908.00      521.00        0.00
     0     1      906.00      525.00        0.00
     0     1      903.00      529.00        0.00
     0     1      900.00      531.00        0.00
     0     1      896.00      535.00        0.00
     0     1      893.00      538.00        0.00
     0     1      889.00      540.00        0.00
     0     1      886.00      543.00        0.00
     0     1      883.00      545.00        0.00
     0     1      880.00      547.00        0.00
     0     1      877.00      549.00        0.00
     0     1      874.00      552.00        0.00
     0     1      871.00      553.00        0.00
     0     1      868.00      556.00        0.00
     0     1      865.00      558.00        0.00
     0     1      862.00      560.00        0.00
     0     1      859.00      563.00        0.00
     0     1      856.00      565.00        0.00
     0     1      853.00      568.00        0.00
     0     1      850.00      570.00        0.00
     0     1      848.00      573.00        0.00
     0     1      844.00      575.00        0.00
     0     1      840.00      577.00        0.00
     0     1      836.00      579.00        0.00
     0     1      830.00      582.00        0.00
     0     1      826.00      583.00        0.00
     0     1      822.00      586.00        0.00
     0     1      818.00      587.00        0.00
     0     1      814.00      589.00        0.00
     0     1      809.00      591.00        0.00
     0     1      805.00      592.00        0.00
     0     1      801.00      594.00        0.00
     0     1      797.00      595.00        0.00
     0     1      792.00      598.00        0.00
     0     1      789.00      599.00        0.00
     0     1      785.00      600.00        0.00
     0     1      781.00      602.00        0.00
     0     1      775.00      604.00        0.00
     0     1      771.00      606.00        0.00
     0     1      768.00      608.00        0.00
     0     1      763.00      611.00        0.00
     0     1      760.00      614.00        0.00
     0     1      755.00      617.00        0.00
     0     1      751.00      620.00        0.00
     0     1      747.00      622.00        0.00
     0     1      743.00      624.00        0.00
     0     1      738.00      626.00        0.00
     0     1      734.00      627.00        0.00
     0     1      728.00      629.00        0.00
     0     1      722.00      631.00        0.00
     0     1      719.00      632.00        0.00
     0     1      715.00      634.00        0.00
     0     1      712.00      636.00        0.00
     0     1      709.00      637.00        0.00
     0     1      706.00      640.00        0.00
     0     1      703.00      642.00        0.00
     0     1      700.00      644.00        0.00
     0     1      697.00      645.00        0.00
     0     1      694.00      646.00        0.00
     0     1      691.00      647.00        0.00
     0     1      687.00      647.00        0.00
     0     1      683.00      647.00        0.00
     0     1      680.00      648.00        0.00
     0     1      676.00      648.00        0.00
     0     1      673.00      649.00        0.00
     0     1      670.00      650.00        0.00
     0     1      667.00      651.00        0.00
     0     1      664.00      652.00        0.00
     0     1      661.00      653.00        0.00
     0     1      657.00      653.00        0.00
     0     1      654.00      654.00        0.00
     0     1      650.00      654.00        0.00
     0     1      647.00      655.00        0.00
     0     1      643.00      655.00        0.00
     0     1      622.00      654.00        0.00
     0     1      615.00      654.00        0.00
     0     1      612.00      655.00        0.00
     0     1      608.00      656.00        0.00
     0     1      604.00      657.00        0.00
     0     1      600.00      658.00        0.00
     0     1      596.00      659.00        0.00
     0     1      593.00      660.00        0.00
     0     1      590.00      661.00        0.00
     0     1      587.00      662.00        0.00
     0     1      584.00      663.00        0.00
     0     1      581.00      664.00        0.00
     0     1      578.00      665.00        0.00
     0     1      575.00      667.00        0.00
     0     1      572.00      668.00        0.00
     0     1      569.00      670.00        0.00
     0     1      566.00      672.00        0.00
     0     1      563.00      673.00        0.00
     0     1      560.00      675.00        0.00
     0     1      557.00      676.00        0.00
     0     1      554.00      678.00        0.00
     0     1      551.00      680.00        0.00
     0     1      548.00      681.00        0.00
     0     1      545.00      682.00        0.00
     0     1      542.00      684.00        0.00
     0     1      539.00      685.00        0.00
     0     1      536.00      686.00        0.00
     0     1      533.00      687.00        0.00
     0     1      530.00      689.00        0.00
     0     1      527.00      690.00        0.00
     0     1      523.00      691.00        0.00
     0     1      519.00      691.00        0.00
     0     1      516.00      692.00        0.00
     0     1      512.00      692.00        0.00
     0     1      508.00      693.00        0.00
     0     1      505.00      694.00        0.00
     0     1      502.00      695.00        0.00
     0     1      499.00      696.00        0.00
     0     1      496.00      697.00        0.00
     0     1      493.00      699.00        0.00
     0     1      490.00      700.00        0.00
     0     1      486.00      702.00        0.00
     0     1      483.00      703.00        0.00
     0     1      480.00      704.00        0.00
     0     1      477.00      705.00        0.00
     0     1      474.00      706.00        0.00
     0     1      471.00      708.00        0.00
     0     1      467.00      709.00        0.00
     0     1      463.00      711.00        0.00
     0     1      460.00      712.00        0.00
     0     1      457.00      714.00        0.00
     0     1      454.00      716.00        0.00
     0     1      451.00      717.00        0.00
     0     1      449.00      720.00        0.00
     0     1      446.00      723.00        0.00
     0     1      443.00      725.00        0.00
     0     1      440.00      727.00        0.00
     0     1      437.00      729.00        0.00
     0     1      434.00      730.00        0.00
     0     1      431.00      732.00        0.00
     0     1      428.00      733.00        0.00
     0     1      425.00      735.00        0.00
     0     1      421.00      736.00        0.00
     0     1      418.00      737.00        0.00
     0     1      415.00      738.00        0.00
     0     1      412.00      739.00        0.00
     0     1      409.00      741.00        0.00
     0     1      405.00      742.00        0.00
     0     1      402.00      743.00        0.00
     0     1      399.00      745.00        0.00
     0     1      396.00      747.00        0.00
     0     1      393.00      748.00        0.00
     0     1      390.00      749.00        0.00
     0     1      387.00      750.00        0.00
     0     1      383.00      750.00        0.00
     0     1      380.00      751.00        0.00
     0     1      377.00      753.00        0.00
     0     1      374.00      754.00        0.00
     0     1      371.00      755.00        0.00
     0     1      368.00      757.00        0.00
     0     1      365.00      759.00        0.00
     0     1      362.00      761.00        0.00
     0     1      359.00      764.00        0.00
     0     1      356.00      765.00        0.00
     0     1      353.00      767.00        0.00
     0     1      323.00      782.00        0.00
     0     1      317.00      784.00        0.00
     0     1      314.00      785.00        0.00
     0     1      311.00      787.00        0.00
     0     1      308.00      788.00        0.00
     0     1      305.00      789.00        0.00
     0     1      302.00      792.00        0.00
     0     1      299.00      793.00        0.00
     0     1      296.00      794.00        0.00
     0     1      293.00      796.00        0.00
     0     1      290.00      797.00        0.00
     0     1      287.00      799.00        0.00
     0     1      284.00      800.00        0.00
     0     1      281.00      802.00        0.00
     0     1      277.00      803.00        0.00
     0     1      273.00      804.00        0.00
     0     1      269.00      805.00        0.00
     0     1      266.00      807.00        0.00
     0     1      263.00      808.00        0.00
     0     1      259.00      809.00        0.00
     0     1      256.00      811.00        0.00
     0     1      253.00      813.00        0.00
     0     1      250.00      814.00        0.00
     0     1      247.00      815.00        0.00
     0     1      243.00      817.00        0.00
     0     1      237.00      818.00        0.00
     0     1      233.00      820.00        0.00
     0     1      229.00      821.00        0.00
     0     1      226.00      823.00        0.00
     0     1      223.00      824.00        0.00
     0     1      219.00      826.00        0.00
     0     1      214.00      828.00        0.00
     0     1      209.00      830.00        0.00
     0     1      205.00      832.00        0.00
     0     1      201.00      833.00        0.00
     0     1      195.00      834.00        0.00
     0     1      189.00      836.00        0.00
     0     1      185.00      838.00        0.00
     0     1      179.00      839.00        0.00
     0     1      175.00      841.00        0.00
     0     1      171.00      843.00        0.00
     0     1      168.00      845.00        0.00
     0     1      164.00      847.00        0.00
     0     1      160.00      849.00        0.00
     0     1      157.00      852.00        0.00
     0     1      153.00      856.00        0.00
     0     1      150.00      858.00        0.00
     0     1      146.00      862.00        0.00
     0     1      144.00      866.00        0.00
     0     1      141.00      869.00        0.00
     0     1      139.00      872.00        0.00
     0     1      136.00      874.00        0.00
     0     1      133.00      877.00        0.00
     0     1      130.00      880.00        0.00
     0     1      127.00      882.00        0.00
     0     1      124.00      885.00        0.00
     0     1      121.00      887.00        0.00
     0     1      118.00      889.00        0.00
     0     1      115.00      891.00        0.00
     0     1      112.00      893.00        0.00
     0     1      109.00      895.00        0.00
     0     1      106.00      896.00        0.00
     0     1      103.00      898.00        0.00
     0     1       99.00      900.00        0.00
     0     1       95.00      901.00        0.00
     0     1       91.00      902.00        0.00
     0     1       87.00      904.00        0.00
     0     1       84.00      906.00        0.00
     0     1       81.00      908.00        0.00
     0     1       78.00      911.00        0.00
     0     1       75.00      912.00        0.00
     0     1       72.00      914.00        0.00
     0     1       69.00      916.00        0.00
     0     1       66.00      917.00        0.00
     0     1       63.00      919.00        0.00
     0     1       60.00      922.00        0.00
     0     1       57.00      924.00        0.00
     0     1       55.00      927.00        0.00
     0     1       51.00      930.00        0.00
     0     1       48.00      933.00        0.00
     0     1       45.00      935.00        0.00
     0     1       42.00      937.00        0.00
     0     1       39.00      938.00        0.00
     0     1       36.00      939.00        0.00
     0     1       33.00      941.00        0.00
     0     1       30.00      942.00        0.00
     0     1       26.00      942.00        0.00
     0     1       23.00      943.00        0.00
     0     1       20.00      944.00        0.00
     0     1       17.00      945.00        0.00
     0     1       14.00      946.00        0.00
     0     1       11.00      948.00        0.00
     0     1        8.00      950.00        0.00
     0     1        5.00      953.00        0.00
     0     1        2.00      955.00        0.00
     0     1        0.00      801.00        0.00
     0     1        3.00      799.00        0.00
     0     1        6.00      797.00        0.00
     0     1        9.00      795.00        0.00
     0     1       12.00      794.00        0.00
     0     1       15.00      792.00        0.00
     0     1       18.00      790.00        0.00
     0     1       21.00      788.00        0.00
     0     1       24.00      787.00        0.00
     0     1       27.00      785.00        0.00
     0     1       30.00      784.00        0.00
     0     1       33.00      782.00        0.00
     0     1       36.00      779.00        0.00
     0     1       39.00      777.00        0.00
     0     1       41.00      774.00        0.00
     0     1       44.00      773.00        0.00
     0     1       47.00      770.00        0.00
     0     1       50.00      768.00        0.00
     0     1       53.00      766.00        0.00
     0     1       56.00      763.00        0.00
     0     1       59.00      762.00        0.00
     0     1       62.00      759.00        0.00
     0     1       65.00      757.00        0.00
     0     1       68.00      755.00        0.00
     0     1       71.00      752.00        0.00
     0     1       74.00      750.00        0.00
     0     1       77.00      747.00        0.00
     0     1       80.00      745.00        0.00
     0     1       83.00      744.00        0.00
     0     1       86.00      741.00        0.00
     0     1       89.00      740.00        0.00
     0     1       92.00      738.00        0.00
     0     1       96.00      736.00        0.00
     0     1      100.00      734.00        0.00
     0     1      103.00      732.00        0.00
     0     1      106.00      731.00        0.00
     0     1      110.00      730.00        0.00
     0     1      113.00      728.00        0.00
     0     1      116.00      726.00        0.00
     0     1      119.00      725.00        0.00
     0     1      122.00      724.00        0.00
     0     1      125.00      722.00        0.00
     0     1      128.00      721.00        0.00
     0     1      131.00      719.00        0.00
     0     1      134.00      717.00        0.00
     0     1      137.00      715.00        0.00
     0     1      140.00      714.00        0.00
     0     1      143.00      712.00        0.00
     0     1      146.00      710.00        0.00
     0     1      150.00      708.00        0.00
     0     1      154.00      705.00        0.00
     0     1      158.00      701.00        0.00
     0     1      161.00      698.00        0.00
     0     1      164.00      695.00        0.00
     0     1      167.00      692.00        0.00
     0     1      170.00      688.00        0.00
     0     1      173.00      684.00        0.00
     0     1      177.00      680.00        0.00
     0     1      182.00      674.00        0.00
     0     1      186.00      668.00        0.00
     0     1      192.00      661.00        0.00
     0     1      195.00      657.00        0.00
     0     1      197.00      654.00        0.00
     0     1      200.00      650.00        0.00
     0     1      203.00      646.00        0.00
     0     1      205.00      643.00        0.00
     0     1      209.00      639.00        0.00
     0     1      212.00      636.00        0.00
     0     1      215.00      634.00        0.00
     0     1      219.00      631.00        0.00
     0     1      222.00      628.00        0.00
     0     1      226.00      626.00        0.00
     0     1      231.00      623.00        0.00
     0     1      234.00      621.00        0.00
     0     1      237.00      619.00        0.00
     0     1      241.00      618.00        0.00
     0     1      244.00      617.00        0.00
     0     1      247.00      616.00        0.00
     0     1      251.00      615.00        0.00
     0     1      256.00      614.00        0.00
     0     1      261.00      612.00        0.00
     0     1      268.00      608.00        0.00
     0     1      274.00      605.00        0.00
     0     1      282.00      602.00        0.00
     0     1      289.00      599.00        0.00
     0     1      295.00      598.00        0.00
     0     1      301.00      595.00        0.00
     0     1      308.00      593.00        0.00
     0     1      313.00      592.00        0.00
     0     1      319.00      590.00        0.00
     0     1      325.00      588.00        0.00
     0     1      329.00      586.00        0.00
     0     1      332.00      584.00        0.00
     0     1      335.00      581.00        0.00
     0     1      337.00      578.00        0.00
     0     1      340.00      575.00        0.00
     0     1      343.00      572.00        0.00
     0     1      345.00      569.00        0.00
     0     1      348.00      568.00        0.00
     0     1      351.00      566.00        0.00
     0     1      354.00      565.00        0.00
     0     1      357.00      564.00        0.00
     0     1      360.00      563.00        0.00
     0     1      364.00      562.00        0.00
     0     1      367.00      561.00        0.00
     0     1      370.00      560.00        0.00
     0     1      373.00      558.00        0.00
     0     1      376.00      557.00        0.00
     0     1      379.00      556.00        0.00
     0     1      382.00      555.00        0.00
     0     1      387.00      555.00        0.00
     0     1      392.00      554.00        0.00
     0     1      397.00      553.00        0.00
     0     1      402.00      552.00        0.00
     0     1      405.00      551.00        0.00
     0     1      409.00      551.00        0.00
     0     1      412.00      550.00        0.00
     0     1      416.00      550.00        0.00
     0     1      420.00      549.00        0.00
     0     1      424.00      549.00        0.00
     0     1      428.00      549.00        0.00
     0     1      431.00      548.00        0.00
     1     0     1267.00       77.00        0.00
     1     0     1265.00       80.00        0.00
     1     0     1265.00       84.00        0.00
     1     0     1264.00       87.00        0.00
     1     0     1263.00       90.00        0.00
     1     0     1260.00       92.00        0.00
     1     0     1256.00       92.00        0.00
     1     0     1253.00       91.00        0.00
     1     0     1250.00       89.00        0.00
     1     0     1249.00       86.00        0.00
     1     0     1249.00       82.00        0.00
     1     0     1249.00       78.00        0.00
     1     0     1250.00       74.00        0.00
     1     0     1253.00       71.00        0.00
     1     0     1256.00       70.00        0.00
     1     0     1259.00       68.00        0.00
     1     0     1263.00       68.00        0.00
     1     0     1267.00       68.00        0.00
