     0     0      479.50      790.50        0.00
     0     0      478.00      793.00        0.00
     0     0      476.50      795.00        0.00
     0     0      475.00      797.00        0.00
     0     0      473.00      799.00        0.00
     0     0      471.50      801.00        0.00
     0     0      469.50      803.00        0.00
     0     0      468.00      805.00        0.00
     0     0      466.00      807.00        0.00
     0     0      464.50      809.00        0.00
     0     0      462.50      811.00        0.00
     0     0      460.50      812.50        0.00
     0     0      458.50      814.00        0.00
     0     0      456.50      815.50        0.00
     0     0      454.50      817.50        0.00
     0     0      452.50      819.50        0.00
     0     0      451.00      821.50        0.00
     0     0      449.50      823.50        0.00
     0     0      447.50      825.50        0.00
     0     0      445.50      827.50        0.00
     0     0      443.50      829.50        0.00
     0     0      441.50      831.00        0.00
     0     0      439.00      832.00        0.00
     0     0      436.50      832.50        0.00
     0     0      434.00      833.50        0.00
     0     0      431.50      834.00        0.00
     0     0      429.00      834.50        0.00
     0     0      426.50      835.00        0.00
     0     0      424.00      835.50        0.00
     0     0      421.50      835.50        0.00
     0     0      419.00      835.50        0.00
     0     0      416.50      835.50        0.00
     0     0      414.00      835.50        0.00
     0     0      411.50      835.00        0.00
     0     0      408.50      834.00        0.00
     0     0      406.00      833.50        0.00
     0     0      403.50      832.50        0.00
     0     0      401.00      831.50        0.00
     0     0      398.50      830.00        0.00
     0     0      396.50      828.50        0.00
     0     0      394.50      827.00        0.00
     0     0      392.50      825.00        0.00
     0     0      391.00      823.00        0.00
     0     0      389.50      821.00        0.00
     0     0      388.00      819.00        0.00
     0     0      386.50      817.00        0.00
     0     0      384.50      815.00        0.00
     0     0      383.00      813.00        0.00
     0     0      382.00      810.50        0.00
     0     0      380.50      808.50        0.00
     0     0      379.00      806.50        0.00
     0     0      377.50      804.00        0.00
     0     0      376.00      802.00        0.00
     0     0      374.50      799.50        0.00
     0     0      373.50      797.00        0.00
     0     0      372.50      794.50        0.00
     0     0      371.50      792.00        0.00
     0     0      370.50      789.50        0.00
     0     0      370.50      787.00        0.00
     0     0      370.00      784.00        0.00
     0     0      369.50      781.50        0.00
     0     0      369.50      779.00        0.00
     0     0      369.50      776.50        0.00
     0     0      369.50      774.00        0.00
     0     0      369.00      771.50        0.00
     0     0      369.00      769.00        0.00
     0     0      369.00      766.50        0.00
     0     0      369.00      764.00        0.00
     0     0      368.50      761.50        0.00
     0     0      368.50      759.00        0.00
     0     0      368.50      756.50        0.00
     0     0      368.50      754.00        0.00
     0     0      369.00      751.50        0.00
     0     0      369.50      748.50        0.00
     0     0      370.00      746.00        0.00
     0     0      371.00      743.50        0.00
     0     0      371.50      741.00        0.00
     0     0      373.00      739.00        0.00
     0     0      374.00      736.50        0.00
     0     0      375.00      733.50        0.00
     0     0      376.00      731.00        0.00
     0     0      377.00      728.50        0.00
     0     0      377.50      725.50        0.00
     0     0      378.00      723.00        0.00
     0     0      378.50      720.50        0.00
     0     0      379.50      718.00        0.00
     0     0      380.00      715.50        0.00
     0     0      380.50      713.00        0.00
     0     0      381.50      710.50        0.00
     0     0      382.50      708.00        0.00
     0     0      383.50      705.50        0.00
     0     0      384.50      703.00        0.00
     0     0      385.00      700.50        0.00
     0     0      386.00      698.00        0.00
     0     0      386.50      695.50        0.00
     0     0      387.00      693.00        0.00
     0     0      387.50      690.50        0.00
     0     0      388.00      688.00        0.00
     0     0      389.00      685.50        0.00
     0     0      390.00      683.00        0.00
     0     0      391.50      680.50        0.00
     0     0      392.50      678.00        0.00
     0     0      393.50      675.50        0.00
     0     0      394.50      673.00        0.00
     0     0      395.50      670.50        0.00
     0     0      397.00      668.00        0.00
     0     0      398.00      665.50        0.00
     0     0      399.00      663.00        0.00
     0     0      400.50      661.00        0.00
     0     0      401.50      658.50        0.00
     0     0      403.00      656.50        0.00
     0     0      404.50      654.50        0.00
     0     0      405.50      652.00        0.00
     0     0      407.00      649.50        0.00
     0     0      407.50      647.00        0.00
     0     0      408.50      644.50        0.00
     0     0      409.50      642.00        0.00
     0     0      410.00      639.50        0.00
     0     0      410.50      637.00        0.00
     0     0      411.50      634.50        0.00
     0     0      412.00      632.00        0.00
     0     0      412.50      629.50        0.00
     0     0      413.50      627.00        0.00
     0     0      414.50      624.50        0.00
     0     0      415.50      622.00        0.00
     0     0      416.00      619.50        0.00
     0     0      417.50      617.00        0.00
     0     0      418.50      614.50        0.00
     0     0      419.50      612.00        0.00
     0     0      420.00      609.50        0.00
     0     0      421.00      607.00        0.00
     0     0      422.00      604.50        0.00
     0     0      423.00      602.00        0.00
     0     0      423.50      599.50        0.00
     0     0      424.00      597.00        0.00
     0     0      424.50      594.50        0.00
     0     0      425.00      592.00        0.00
     0     0      425.00      589.50        0.00
     0     0      425.00      586.00        0.00
     0     0      425.00      582.00        0.00
     0     0      425.00      578.00        0.00
     0     0      424.50      564.50        0.00
     0     0      424.00      561.00        0.00
     0     0      424.00      558.50        0.00
     0     0      424.00      556.00        0.00
     0     0      424.00      553.50        0.00
     0     0      424.50      551.00        0.00
     0     0      425.00      548.50        0.00
     0     0      425.50      546.00        0.00
     0     0      426.50      543.50        0.00
     0     0      427.00      541.00        0.00
     0     0      427.50      538.50        0.00
     0     0      428.00      536.00        0.00
     0     0      428.00      533.50        0.00
     0     0      428.00      531.00        0.00
     0     0      428.00      528.50        0.00
     0     0      428.00      526.00        0.00
     0     0      428.00      523.50        0.00
     0     0      428.00      521.00        0.00
     0     0      428.00      518.50        0.00
     0     0      428.00      516.00        0.00
     0     0      428.00      513.50        0.00
     0     0      428.00      511.00        0.00
     0     0      428.00      508.50        0.00
     0     0      427.50      506.00        0.00
     0     0      427.00      503.50        0.00
     0     0      426.50      501.00        0.00
     0     0      426.00      498.50        0.00
     0     0      425.50      496.00        0.00
     0     0      425.00      493.50        0.00
     0     0      424.00      491.00        0.00
     0     0      423.50      488.50        0.00
     0     0      423.00      486.00        0.00
     0     0      422.00      483.50        0.00
     0     0      421.50      481.00        0.00
     0     0      421.50      478.50        0.00
     0     0      420.50      476.00        0.00
     0     0      420.50      473.50        0.00
     0     0      420.00      471.00        0.00
     0     0      419.50      468.00        0.00
     0     0      419.00      465.50        0.00
     0     0      419.00      463.00        0.00
     0     0      419.00      460.50        0.00
     0     0      418.50      458.00        0.00
     0     0      418.50      455.50        0.00
     0     0      418.50      453.00        0.00
     0     0      419.00      450.50        0.00
     0     0      420.00      448.00        0.00
     0     0      420.00      445.50        0.00
     0     0      418.50      443.00        0.00
     0     0      418.50      440.50        0.00
     0     0      417.50      438.00        0.00
     0     0      417.50      435.50        0.00
     0     0      417.00      433.00        0.00
     0     0      416.50      430.50        0.00
     0     0      416.00      428.00        0.00
     0     0      415.50      425.50        0.00
     0     0      415.00      423.00        0.00
     0     0      414.00      420.50        0.00
     0     0      414.00      418.00        0.00
     0     0      413.50      415.50        0.00
     0     0      413.50      413.00        0.00
     0     0      413.50      410.50        0.00
     0     0      414.00      408.00        0.00
     0     0      414.50      405.50        0.00
     0     0      415.00      402.50        0.00
     0     0      415.50      400.00        0.00
     0     0      416.00      397.00        0.00
     0     0      417.00      394.50        0.00
     0     0      417.50      391.50        0.00
     0     0      418.00      388.50        0.00
     0     0      418.50      385.50        0.00
     0     0      419.50      382.50        0.00
     0     0      420.00      380.00        0.00
     0     0      421.00      376.50        0.00
     0     0      421.50      374.00        0.00
     0     0      421.50      371.00        0.00
     0     0      422.00      368.00        0.00
     0     0      422.50      365.50        0.00
     0     0      423.00      363.00        0.00
     0     0      423.50      360.50        0.00
     0     0      423.50      358.00        0.00
     0     0      424.00      355.00        0.00
     0     0      424.50      351.00        0.00
     0     0      425.00      348.00        0.00
     0     0      425.50      345.50        0.00
     0     0      430.00      326.00        0.00
     0     0      429.50      323.00        0.00
     0     0      429.50      320.50        0.00
     0     0      430.50      318.00        0.00
     0     0      431.50      315.50        0.00
     0     0      432.50      313.00        0.00
     0     0      433.50      310.50        0.00
     0     0      434.50      308.00        0.00
     0     0      435.50      305.50        0.00
     0     0      436.50      303.00        0.00
     0     0      438.00      300.50        0.00
     0     0      439.00      298.00        0.00
     0     0      440.00      295.50        0.00
     0     0      441.50      293.00        0.00
     0     0      442.50      290.50        0.00
     0     0      443.50      288.00        0.00
     0     0      445.00      285.50        0.00
     0     0      445.50      283.00        0.00
     0     0      447.00      281.00        0.00
     0     0      447.50      278.50        0.00
     0     0      449.00      276.00        0.00
     0     0      450.00      273.50        0.00
     0     0      451.00      271.00        0.00
     0     0      452.00      268.50        0.00
     0     0      453.00      266.00        0.00
     0     0      454.00      263.50        0.00
     0     0      455.00      261.00        0.00
     0     0      455.50      258.50        0.00
     0     0      456.50      256.00        0.00
     0     0      457.00      253.50        0.00
     0     0      458.00      251.00        0.00
     0     0      458.50      248.50        0.00
     0     0      459.00      246.00        0.00
     0     0      459.50      243.50        0.00
     0     0      460.00      241.00        0.00
     0     0      460.50      238.00        0.00
     0     0      461.50      235.50        0.00
     0     0      462.00      233.00        0.00
     0     0      462.50      230.50        0.00
     0     0      463.50      228.00        0.00
     0     0      464.50      225.50        0.00
     0     0      465.50      223.00        0.00
     0     0      466.50      220.50        0.00
     0     0      467.50      218.00        0.00
     0     0      468.00      215.50        0.00
     0     0      468.50      213.00        0.00
     0     0      468.50      210.50        0.00
     0     0      469.00      208.00        0.00
     0     0      469.50      205.50        0.00
     0     0      470.50      203.00        0.00
     0     0      472.00      201.00        0.00
     0     0      473.50      199.00        0.00
     0     0      475.50      197.00        0.00
     0     0      477.50      195.00        0.00
     0     0      479.50      193.00        0.00
     0     0      481.50      191.50        0.00
     0     0      483.00      189.50        0.00
     0     0      484.50      187.50        0.00
     0     0      486.00      185.50        0.00
     0     0      488.00      183.50        0.00
     0     0      490.00      182.00        0.00
     0     0      492.00      180.50        0.00
     0     0      494.00      178.50        0.00
     0     0      496.00      177.00        0.00
     0     0      498.50      175.50        0.00
     0     0      500.50      173.50        0.00
     0     0      502.50      171.50        0.00
     0     0      504.50      170.00        0.00
     0     0      506.00      167.50        0.00
     0     0      508.00      165.50        0.00
     0     0      509.50      163.50        0.00
     0     0      511.00      161.50        0.00
     0     0      512.50      159.50        0.00
     0     0      514.00      157.50        0.00
     0     0      516.00      156.00        0.00
     0     0      518.50      155.00        0.00
     0     0      521.00      154.00        0.00
     0     0      523.50      153.00        0.00
     0     0      526.00      151.50        0.00
     0     0      528.50      150.00        0.00
     0     0      531.00      149.00        0.00
     0     0      533.50      148.00        0.00
     0     0      536.00      147.00        0.00
     0     0      538.00      145.50        0.00
     0     0      540.50      144.00        0.00
     0     0      543.00      143.00        0.00
     0     0      546.00      142.00        0.00
     0     0      548.50      141.00        0.00
     0     0      551.00      140.50        0.00
     0     0      553.50      140.00        0.00
     0     0      556.00      139.00        0.00
     0     0      558.50      138.50        0.00
     0     0      561.00      138.50        0.00
     0     0      563.50      138.00        0.00
     0     0      566.00      138.00        0.00
     0     0      568.50      138.00        0.00
     0     0      571.00      138.00        0.00
     0     0      573.50      138.00        0.00
     0     0      576.00      138.00        0.00
     0     0      578.50      138.00        0.00
     0     0      581.00      139.00        0.00
     0     0      583.50      140.00        0.00
     0     0      586.00      141.00        0.00
     0     0      588.50      142.00        0.00
     0     0      590.00      144.00        0.00
     0     0      591.50      146.00        0.00
     0     0      593.00      148.00        0.00
     0     0      595.00      150.00        0.00
     0     0      597.00      152.00        0.00
     0     0      599.00      154.00        0.00
     0     0      601.00      156.00        0.00
     0     0      602.50      158.00        0.00
     0     0      604.00      160.00        0.00
     0     0      605.50      162.50        0.00
     0     0      607.00      164.50        0.00
     0     0      609.00      166.50        0.00
     0     0      610.50      168.50        0.00
     0     0      612.50      171.00        0.00
     0     0      615.00      173.00        0.00
     0     0      618.50      176.50        0.00
     0     0      621.00      178.00        0.00
     0     0      624.00      181.00        0.00
     0     0      626.00      183.00        0.00
     0     0      628.00      185.00        0.00
     0     0      630.50      187.00        0.00
     0     0      632.50      189.00        0.00
     0     0      634.50      191.00        0.00
     0     0      636.00      193.00        0.00
     0     0      637.00      195.50        0.00
     0     0      638.00      198.50        0.00
     0     0      638.50      201.00        0.00
     0     0      639.00      204.00        0.00
     0     0      639.00      206.50        0.00
     0     0      639.50      209.00        0.00
     0     0      640.00      211.50        0.00
     0     0      640.50      214.00        0.00
     0     0      641.00      216.50        0.00
     0     0      641.50      219.00        0.00
     0     0      642.00      221.50        0.00
     0     0      642.50      224.00        0.00
     0     0      642.50      226.50        0.00
     0     0      643.00      229.00        0.00
     0     0      643.00      231.50        0.00
     0     0      643.00      234.00        0.00
     0     0      643.50      236.50        0.00
     0     0      644.00      239.00        0.00
     0     0      644.50      241.50        0.00
     0     0      644.50      244.00        0.00
     0     0      645.00      246.50        0.00
     0     0      645.00      249.00        0.00
     0     0      645.00      251.50        0.00
     0     0      645.50      254.00        0.00
     0     0      645.50      256.50        0.00
     0     0      645.50      259.50        0.00
     0     0      645.50      263.00        0.00
     0     0      645.50      265.50        0.00
     0     0      645.50      268.50        0.00
     0     0      646.00      271.00        0.00
     0     0      646.00      273.50        0.00
     0     0      646.00      276.00        0.00
     0     0      646.00      278.50        0.00
     0     0      646.50      281.00        0.00
     0     0      646.50      283.50        0.00
     0     0      646.50      286.00        0.00
     0     0      646.50      288.50        0.00
     0     0      647.00      291.00        0.00
     0     0      647.00      294.00        0.00
     0     0      647.00      297.00        0.00
     0     0      646.50      299.50        0.00
     0     0      645.50      302.50        0.00
     0     0      645.50      305.00        0.00
     0     0      644.50      307.50        0.00
     0     0      644.00      310.00        0.00
     0     0      643.50      312.50        0.00
     0     0      643.00      315.00        0.00
     0     0      642.50      317.50        0.00
     0     0      641.50      320.00        0.00
     0     0      641.00      322.50        0.00
     0     0      641.00      325.00        0.00
     0     0      640.50      327.50        0.00
     0     0      640.00      330.00        0.00
     0     0      639.50      332.50        0.00
     0     0      639.00      335.00        0.00
     0     0      638.50      337.50        0.00
     0     0      638.00      340.00        0.00
     0     0      637.50      342.50        0.00
     0     0      637.00      345.00        0.00
     0     0      636.50      347.50        0.00
     0     0      636.00      350.00        0.00
     0     0      629.00      365.00        0.00
     0     0      629.00      370.00        0.00
     0     0      629.00      372.50        0.00
     0     0      629.00      375.00        0.00
     0     0      629.00      378.00        0.00
     0     0      629.00      380.50        0.00
     0     0      629.00      383.00        0.00
     0     0      629.00      385.50        0.00
     0     0      628.00      388.00        0.00
     0     0      627.00      390.50        0.00
     0     0      626.00      393.00        0.00
     0     0      625.00      395.50        0.00
     0     0      623.50      398.00        0.00
     0     0      622.50      400.50        0.00
     0     0      621.50      403.00        0.00
     0     0      620.50      405.50        0.00
     0     0      619.50      408.00        0.00
     0     0      618.50      410.50        0.00
     0     0      617.50      413.00        0.00
     0     0      617.00      415.50        0.00
     0     0      616.00      418.00        0.00
     0     0      615.50      420.50        0.00
     0     0      614.50      423.00        0.00
     0     0      613.50      425.50        0.00
     0     0      613.00      428.00        0.00
     0     0      612.00      430.50        0.00
     0     0      611.00      433.00        0.00
     0     0      609.50      435.00        0.00
     0     0      608.00      437.50        0.00
     0     0      606.50      440.00        0.00
     0     0      604.50      442.00        0.00
     0     0      603.50      444.50        0.00
     0     0      602.50      447.00        0.00
     0     0      601.50      449.50        0.00
     0     0      600.50      452.00        0.00
     0     0      599.50      454.50        0.00
     0     0      598.50      457.00        0.00
     0     0      597.00      459.50        0.00
     0     0      596.00      462.00        0.00
     0     0      595.00      464.50        0.00
     0     0      594.00      467.00        0.00
     0     0      593.00      469.50        0.00
     0     0      591.50      472.00        0.00
     0     0      590.50      474.50        0.00
     0     0      589.50      477.00        0.00
     0     0      589.00      479.50        0.00
     0     0      588.50      482.00        0.00
     0     0      587.50      484.50        0.00
     0     0      587.00      487.00        0.00
     0     0      587.00      489.50        0.00
     0     0      586.50      493.00        0.00
     0     0      585.50      496.00        0.00
     0     0      585.00      500.00        0.00
     0     0      584.50      503.50        0.00
     0     0      584.00      506.50        0.00
     0     0      584.00      510.50        0.00
     0     0      583.50      513.50        0.00
     0     0      583.00      517.00        0.00
     0     0      582.50      520.00        0.00
     0     0      582.50      523.50        0.00
     0     0      582.50      526.50        0.00
     0     0      582.50      529.50        0.00
     0     0      582.50      533.00        0.00
     0     0      582.50      536.00        0.00
     0     0      582.50      539.00        0.00
     0     0      582.50      542.00        0.00
     0     0      582.50      545.50        0.00
     0     0      582.50      548.50        0.00
     0     0      582.50      552.00        0.00
     0     0      582.00      554.50        0.00
     0     0      581.50      557.00        0.00
     0     0      581.50      559.50        0.00
     0     0      581.00      562.00        0.00
     0     0      581.00      564.50        0.00
     0     0      581.00      567.00        0.00
     0     0      580.50      610.50        0.00
     0     0      580.00      615.50        0.00
     0     0      579.00      618.50        0.00
     0     0      578.00      621.00        0.00
     0     0      577.00      624.00        0.00
     0     0      576.00      627.00        0.00
     0     0      574.50      629.50        0.00
     0     0      573.50      632.00        0.00
     0     0      572.50      635.00        0.00
     0     0      572.00      637.50        0.00
     0     0      571.50      640.00        0.00
     0     0      571.00      642.50        0.00
     0     0      570.50      645.00        0.00
     0     0      570.00      647.50        0.00
     0     0      569.50      650.00        0.00
     0     0      568.50      652.50        0.00
     0     0      567.50      655.00        0.00
     0     0      566.00      657.50        0.00
     0     0      564.50      660.00        0.00
     0     0      563.00      662.50        0.00
     0     0      561.00      664.50        0.00
     0     0      559.50      666.50        0.00
     0     0      557.50      668.50        0.00
     0     0      555.50      670.50        0.00
     0     0      554.00      672.50        0.00
     0     0      552.00      674.50        0.00
     0     0      550.50      676.50        0.00
     0     0      548.50      679.00        0.00
     0     0      546.50      681.50        0.00
     0     0      545.00      684.00        0.00
     0     0      543.50      686.50        0.00
     0     0      542.50      689.00        0.00
     0     0      541.00      691.50        0.00
     0     0      539.50      693.50        0.00
     0     0      537.50      696.00        0.00
     0     0      535.50      698.00        0.00
     0     0      533.50      700.00        0.00
     0     0      532.00      702.00        0.00
     0     0      530.50      704.00        0.00
     0     0      528.50      706.00        0.00
     0     0      527.00      708.50        0.00
     0     0      525.50      711.00        0.00
     0     0      524.50      713.50        0.00
     0     0      523.50      716.00        0.00
     0     0      523.00      718.50        0.00
     0     0      522.00      721.00        0.00
     0     0      521.00      723.50        0.00
     0     0      520.00      726.00        0.00
     0     0      518.50      728.00        0.00
     0     0      517.50      730.50        0.00
     0     0      516.50      733.00        0.00
     0     0      515.50      735.50        0.00
     0     0      514.00      738.00        0.00
     0     0      513.00      740.50        0.00
     0     0      512.00      743.00        0.00
     0     0      511.00      745.50        0.00
     0     0      509.50      748.00        0.00
     0     0      508.00      750.00        0.00
     0     0      506.00      752.00        0.00
     0     0      504.50      754.00        0.00
     0     0      503.00      756.00        0.00
     0     0      501.50      758.50        0.00
     0     0      500.00      761.00        0.00
     0     0      499.00      763.50        0.00
     0     0      498.00      766.00        0.00
     0     0      497.50      768.50        0.00
     0     0      496.50      771.00        0.00
     0     0      495.00      773.00        0.00
     0     0      493.50      775.00        0.00
     0     0      492.00      777.00        0.00
     0     0      490.00      778.50        0.00
     0     1      643.50      918.00        0.00
     0     1      639.00      920.00        0.00
     0     1      637.00      921.50        0.00
     0     1      634.50      922.50        0.00
     0     1      632.00      924.00        0.00
     0     1      629.50      925.00        0.00
     0     1      627.00      926.00        0.00
     0     1      624.50      926.50        0.00
     0     1      622.00      927.00        0.00
     0     1      619.50      927.50        0.00
     0     1      617.00      927.50        0.00
     0     1      614.50      928.00        0.00
     0     1      612.00      928.50        0.00
     0     1      609.50      929.00        0.00
     0     1      607.00      930.00        0.00
     0     1      604.50      930.50        0.00
     0     1      601.50      930.50        0.00
     0     1      599.00      931.00        0.00
     0     1      596.50      931.00        0.00
     0     1      594.00      930.50        0.00
     0     1      590.50      930.00        0.00
     0     1      587.50      929.50        0.00
     0     1      585.00      929.00        0.00
     0     1      582.50      928.00        0.00
     0     1      580.00      927.50        0.00
     0     1      577.50      926.50        0.00
     0     1      575.00      925.50        0.00
     0     1      572.50      924.00        0.00
     0     1      570.00      922.50        0.00
     0     1      568.00      920.50        0.00
     0     1      565.50      919.00        0.00
     0     1      563.50      917.50        0.00
     0     1      561.50      915.50        0.00
     0     1      559.50      913.50        0.00
     0     1      557.50      912.00        0.00
     0     1      556.00      909.50        0.00
     0     1      554.00      907.50        0.00
     0     1      552.50      905.50        0.00
     0     1      550.50      903.00        0.00
     0     1      549.50      900.50        0.00
     0     1      548.50      897.00        0.00
     0     1      546.50      893.00        0.00
     0     1      545.50      889.00        0.00
     0     1      544.50      885.50        0.00
     0     1      543.00      881.00        0.00
     0     1      543.00      878.50        0.00
     0     1      542.50      876.00        0.00
     0     1      542.00      873.00        0.00
     0     1      541.00      870.00        0.00
     0     1      539.50      867.50        0.00
     0     1      539.00      864.50        0.00
     0     1      538.50      861.50        0.00
     0     1      538.50      859.00        0.00
     0     1      538.00      856.50        0.00
     0     1      538.00      854.00        0.00
     0     1      537.50      851.50        0.00
     0     1      537.00      849.00        0.00
     0     1      536.50      846.50        0.00
     0     1      536.50      844.00        0.00
     0     1      535.00      841.00        0.00
     0     1      535.00      838.50        0.00
     0     1      534.50      836.00        0.00
     0     1      533.50      833.50        0.00
     0     1      533.00      831.00        0.00
     0     1      532.00      828.50        0.00
     0     1      530.50      826.00        0.00
     0     1      529.50      823.50        0.00
     0     1      528.00      821.50        0.00
     0     1      527.50      819.00        0.00
     0     1      527.00      816.50        0.00
     0     1      526.50      814.00        0.00
     0     1      526.00      811.50        0.00
     0     1      525.50      809.00        0.00
     0     1      525.50      806.00        0.00
     0     1      525.00      803.50        0.00
     0     1      525.00      801.00        0.00
     0     1      525.00      798.50        0.00
     0     1      525.00      796.00        0.00
     0     1      525.00      793.00        0.00
     0     1      525.50      790.00        0.00
     0     1      526.00      787.50        0.00
     0     1      526.50      785.00        0.00
     0     1      527.50      781.50        0.00
     0     1      528.50      779.00        0.00
     0     1      530.00      776.50        0.00
     0     1      531.00      774.00        0.00
     0     1      532.50      771.50        0.00
     0     1      534.00      769.00        0.00
     0     1      535.50      767.00        0.00
     0     1      537.00      765.00        0.00
     0     1      538.50      763.00        0.00
     0     1      540.50      760.00        0.00
     0     1      542.50      757.50        0.00
     0     1      545.00      753.50        0.00
     0     1      546.50      751.00        0.00
     0     1      549.50      747.50        0.00
     0     1      551.50      745.50        0.00
     0     1      553.00      743.50        0.00
     0     1      555.50      741.50        0.00
     0     1      557.00      739.50        0.00
     0     1      560.00      738.00        0.00
     0     1      562.00      736.50        0.00
     0     1      565.00      734.50        0.00
     0     1      567.00      733.00        0.00
     0     1      570.00      731.00        0.00
     0     1      572.00      729.00        0.00
     0     1      574.00      727.50        0.00
     0     1      576.00      725.50        0.00
     0     1      578.00      723.50        0.00
     0     1      580.50      722.00        0.00
     0     1      583.00      720.50        0.00
     0     1      585.50      719.00        0.00
     0     1      588.00      718.00        0.00
     0     1      590.50      716.50        0.00
     0     1      593.00      716.00        0.00
     0     1      595.50      715.00        0.00
     0     1      598.00      714.50        0.00
     0     1      600.50      713.00        0.00
     0     1      603.00      712.00        0.00
     0     1      605.50      711.00        0.00
     0     1      609.00      710.00        0.00
     0     1      612.00      709.00        0.00
     0     1      614.50      709.00        0.00
     0     1      618.00      708.50        0.00
     0     1      622.50      708.50        0.00
     0     1      626.00      708.00        0.00
     0     1      629.00      708.00        0.00
     0     1      633.50      708.00        0.00
     0     1      637.50      708.00        0.00
     0     1      642.00      708.00        0.00
     0     1      645.00      708.50        0.00
     0     1      647.50      708.50        0.00
     0     1      651.50      709.00        0.00
     0     1      654.00      709.50        0.00
     0     1      656.50      710.50        0.00
     0     1      658.50      712.00        0.00
     0     1      661.00      713.50        0.00
     0     1      663.50      714.00        0.00
     0     1      666.00      715.00        0.00
     0     1      668.50      716.00        0.00
     0     1      671.00      716.00        0.00
     0     1      673.50      716.50        0.00
     0     1      676.00      717.50        0.00
     0     1      678.50      717.50        0.00
     0     1      681.00      717.50        0.00
     0     1      684.00      718.50        0.00
     0     1      686.50      719.00        0.00
     0     1      690.00      719.50        0.00
     0     1      693.00      720.00        0.00
     0     1      696.50      720.50        0.00
     0     1      699.50      721.00        0.00
     0     1      703.50      722.50        0.00
     0     1      707.00      723.50        0.00
     0     1      710.50      725.00        0.00
     0     1      714.00      726.50        0.00
     0     1      717.50      728.00        0.00
     0     1      722.00      730.50        0.00
     0     1      725.50      732.50        0.00
     0     1      729.00      734.50        0.00
     0     1      731.50      736.00        0.00
     0     1      734.00      739.00        0.00
     0     1      736.00      741.50        0.00
     0     1      737.50      744.00        0.00
     0     1      739.00      747.00        0.00
     0     1      740.50      749.50        0.00
     0     1      741.50      752.00        0.00
     0     1      742.50      754.50        0.00
     0     1      743.50      757.00        0.00
     0     1      744.50      759.50        0.00
     0     1      745.50      762.50        0.00
     0     1      746.00      765.50        0.00
     0     1      746.50      768.50        0.00
     0     1      747.00      772.50        0.00
     0     1      747.50      775.50        0.00
     0     1      748.50      780.00        0.00
     0     1      748.50      783.00        0.00
     0     1      749.00      787.00        0.00
     0     1      749.50      791.00        0.00
     0     1      750.00      795.00        0.00
     0     1      750.00      798.50        0.00
     0     1      750.50      803.50        0.00
     0     1      750.50      807.00        0.00
     0     1      751.00      810.50        0.00
     0     1      752.00      815.50        0.00
     0     1      752.50      818.50        0.00
     0     1      752.50      822.00        0.00
     0     1      753.50      825.00        0.00
     0     1      753.50      827.50        0.00
     0     1      754.00      830.00        0.00
     0     1      754.00      833.00        0.00
     0     1      754.00      835.50        0.00
     0     1      753.50      838.00        0.00
     0     1      753.00      840.50        0.00
     0     1      751.50      843.00        0.00
     0     1      750.50      845.50        0.00
     0     1      748.50      848.50        0.00
     0     1      747.00      850.50        0.00
     0     1      745.00      852.50        0.00
     0     1      743.50      854.50        0.00
     0     1      742.00      856.50        0.00
     0     1      740.50      858.50        0.00
     0     1      739.00      860.50        0.00
     0     1      737.50      862.50        0.00
     0     1      735.50      864.00        0.00
     0     1      733.50      865.50        0.00
     0     1      731.50      867.00        0.00
     0     1      729.50      868.50        0.00
     0     1      727.50      870.00        0.00
     0     1      725.00      871.00        0.00
     0     1      723.00      872.50        0.00
     0     1      721.00      874.00        0.00
     0     1      718.50      875.00        0.00
     0     1      716.50      877.00        0.00
     0     1      714.50      878.50        0.00
     0     1      712.50      880.00        0.00
     0     1      710.00      881.50        0.00
     0     1      708.00      883.50        0.00
     0     1      706.50      885.50        0.00
     0     1      704.50      887.50        0.00
     0     1      703.00      890.00        0.00
     0     1      701.00      892.00        0.00
     0     1      699.00      894.00        0.00
     0     1      697.00      895.50        0.00
     0     1      694.50      896.50        0.00
     0     1      692.00      897.50        0.00
     0     1      689.50      898.50        0.00
     0     1      687.50      900.00        0.00
     0     1      685.50      901.50        0.00
     0     1      683.00      902.50        0.00
     0     1      680.50      904.00        0.00
     0     1      678.00      904.50        0.00
     0     1      675.50      905.00        0.00
     0     1      673.00      905.00        0.00
     0     1      670.50      905.00        0.00
     0     1      668.00      905.50        0.00
     0     1      665.50      906.00        0.00
     0     1      663.00      906.00        0.00
     0     1      660.50      906.50        0.00
     0     1      658.00      907.50        0.00
     0     2      568.50     1033.50        0.00
     0     2      564.50     1031.00        0.00
     0     2      562.50     1029.00        0.00
     0     2      560.50     1027.50        0.00
     0     2      558.50     1026.00        0.00
     0     2      557.00     1024.00        0.00
     0     2      555.50     1022.00        0.00
     0     2      554.00     1020.00        0.00
     0     2      553.00     1017.50        0.00
     0     2      551.50     1015.00        0.00
     0     2      550.50     1012.50        0.00
     0     2      550.00     1010.00        0.00
     0     2      549.50     1007.50        0.00
     0     2      549.50     1005.00        0.00
     0     2      549.50     1002.00        0.00
     0     2      549.50      999.00        0.00
     0     2      550.00      996.50        0.00
     0     2      550.50      994.00        0.00
     0     2      551.00      991.00        0.00
     0     2      552.00      988.00        0.00
     0     2      553.00      985.00        0.00
     0     2      554.50      981.50        0.00
     0     2      555.50      979.00        0.00
     0     2      557.00      977.00        0.00
     0     2      558.50      973.00        0.00
     0     2      560.00      970.50        0.00
     0     2      562.00      967.00        0.00
     0     2      563.50      964.00        0.00
     0     2      565.00      961.00        0.00
     0     2      567.00      959.00        0.00
     0     2      569.50      956.50        0.00
     0     2      571.50      954.50        0.00
     0     2      574.00      952.50        0.00
     0     2      577.50      949.50        0.00
     0     2      580.00      947.50        0.00
     0     2      583.00      945.50        0.00
     0     2      587.00      943.50        0.00
     0     2      590.00      942.00        0.00
     0     2      593.00      940.50        0.00
     0     2      596.50      938.50        0.00
     0     2      599.00      936.50        0.00
     0     2      601.50      935.00        0.00
     0     2      604.50      933.50        0.00
     0     2      607.50      932.50        0.00
     0     2      610.50      931.00        0.00
     0     2      613.00      929.50        0.00
     0     2      616.50      929.00        0.00
     0     2      619.50      928.50        0.00
     0     2      622.00      928.00        0.00
     0     2      624.50      927.50        0.00
     0     2      627.00      927.00        0.00
     0     2      629.50      926.00        0.00
     0     2      632.00      926.00        0.00
     0     2      634.50      925.50        0.00
     0     2      637.00      925.50        0.00
     0     2      639.50      925.50        0.00
     0     2      642.00      925.00        0.00
     0     2      644.50      925.00        0.00
     0     2      647.00      924.50        0.00
     0     2      649.50      924.50        0.00
     0     2      652.00      925.00        0.00
     0     2      654.50      925.00        0.00
     0     2      657.00      926.00        0.00
     0     2      659.00      927.50        0.00
     0     2      661.50      929.00        0.00
     0     2      663.50      930.50        0.00
     0     2      665.50      932.00        0.00
     0     2      667.00      934.50        0.00
     0     2      668.50      936.50        0.00
     0     2      670.00      938.50        0.00
     0     2      671.50      941.00        0.00
     0     2      673.00      943.00        0.00
     0     2      674.50      945.50        0.00
     0     2      676.00      948.00        0.00
     0     2      677.50      950.50        0.00
     0     2      678.50      953.00        0.00
     0     2      679.50      955.50        0.00
     0     2      680.00      958.00        0.00
     0     2      681.00      960.50        0.00
     0     2      682.00      963.00        0.00
     0     2      682.50      965.50        0.00
     0     2      683.00      968.50        0.00
     0     2      684.00      971.50        0.00
     0     2      684.50      974.50        0.00
     0     2      685.50      977.00        0.00
     0     2      686.00      980.00        0.00
     0     2      686.50      982.50        0.00
     0     2      687.00      985.00        0.00
     0     2      687.00      987.50        0.00
     0     2      687.00      990.00        0.00
     0     2      687.00      992.50        0.00
     0     2      686.50      995.00        0.00
     0     2      686.00      997.50        0.00
     0     2      685.00     1000.00        0.00
     0     2      684.00     1002.50        0.00
     0     2      683.00     1005.00        0.00
     0     2      682.00     1007.50        0.00
     0     2      680.50     1009.50        0.00
     0     2      679.00     1012.00        0.00
     0     2      677.50     1014.00        0.00
     0     2      675.50     1016.00        0.00
     0     2      673.50     1018.00        0.00
     0     2      671.50     1019.50        0.00
     0     2      670.00     1021.50        0.00
     0     2      668.00     1023.50        0.00
     0     2      666.50     1025.50        0.00
     0     2      664.50     1027.00        0.00
     0     2      662.50     1028.50        0.00
     0     2      660.50     1030.00        0.00
     0     2      658.00     1031.00        0.00
     0     2      655.50     1032.50        0.00
     0     3      122.00      364.00        0.00
     0     3      122.00      370.00        0.00
     0     3      122.00      376.00        0.00
     0     3      120.00      382.00        0.00
     0     3      118.00      388.00        0.00
     0     3      116.00      394.00        0.00
     0     3      112.00      398.00        0.00
     0     3      108.00      402.00        0.00
     0     3      106.00      408.00        0.00
     0     3      104.00      414.00        0.00
     0     3      102.00      420.00        0.00
     0     3      100.00      426.00        0.00
     0     3       96.00      430.00        0.00
     0     3       92.00      436.00        0.00
     0     3       88.00      440.00        0.00
     0     3       84.00      444.00        0.00
     0     3       80.00      448.00        0.00
     0     3       74.00      450.00        0.00
     0     3       68.00      452.00        0.00
     0     3       62.00      452.00        0.00
     0     3       56.00      454.00        0.00
     0     3       50.00      454.00        0.00
     0     3       44.00      454.00        0.00
     0     3       38.00      454.00        0.00
     0     3       34.00      450.00        0.00
     0     3       28.00      448.00        0.00
     0     3       24.00      444.00        0.00
     0     3       20.00      440.00        0.00
     0     3       14.00      436.00        0.00
     0     3       10.00      432.00        0.00
     0     3        4.00      430.00        0.00
     0     3        0.00      300.00        0.00
     0     3        6.00      298.00        0.00
     0     3       10.00      294.00        0.00
     0     3       14.00      290.00        0.00
     0     3       18.00      286.00        0.00
     0     3       22.00      282.00        0.00
     0     3       28.00      278.00        0.00
     0     3       34.00      276.00        0.00
     0     3       38.00      272.00        0.00
     0     3       44.00      270.00        0.00
     0     3       50.00      270.00        0.00
     0     3       56.00      270.00        0.00
     0     3       62.00      270.00        0.00
     0     3       68.00      270.00        0.00
     0     3       74.00      270.00        0.00
     0     3       80.00      270.00        0.00
     0     3       86.00      270.00        0.00
     0     3       92.00      272.00        0.00
     0     3       98.00      274.00        0.00
     0     3      102.00      278.00        0.00
     0     3      106.00      282.00        0.00
     0     3      110.00      286.00        0.00
     0     3      114.00      290.00        0.00
     0     3      118.00      294.00        0.00
     0     3      120.00      300.00        0.00
     0     3      120.00      306.00        0.00
     0     3      120.00      312.00        0.00
     0     3      120.00      318.00        0.00
     0     3      120.00      324.00        0.00
     0     3      120.00      330.00        0.00
     0     3      122.00      336.00        0.00
     0     3      126.00      340.00        0.00
     1     0      652.50      193.00        0.00
     1     0      650.00      193.00        0.00
     1     0      647.50      192.00        0.00
     1     0      645.50      190.50        0.00
     1     0      643.50      189.00        0.00
     1     0      641.00      187.50        0.00
     1     0      639.00      186.00        0.00
     1     0      637.00      184.50        0.00
     1     0      635.00      183.00        0.00
     1     0      634.00      180.50        0.00
     1     0      633.50      178.00        0.00
     1     0      633.50      175.50        0.00
     1     0      633.50      173.00        0.00
     1     0      633.50      170.50        0.00
     1     0      635.00      168.50        0.00
     1     0      636.50      166.50        0.00
     1     0      639.00      165.50        0.00
     1     0      641.50      165.50        0.00
     1     0      644.00      166.00        0.00
     1     0      646.50      166.50        0.00
     1     0      648.50      168.00        0.00
     1     0      651.00      169.50        0.00
     1     0      653.00      171.00        0.00
     1     0      655.00      173.00        0.00
     1     0      656.00      175.50        0.00
     1     0      656.50      178.00        0.00
     1     0      656.50      180.50        0.00
     1     0      657.00      183.00        0.00
     1     0      657.00      185.50        0.00
