     0     0      970.00        0.00        0.00
     0     0      970.00        0.00        0.00
     0     0      976.00        7.00        0.00
     0     0      978.00       10.00        0.00
     0     0      980.00       13.00        0.00
     0     0      982.00       16.00        0.00
     0     0      984.00       20.00        0.00
     0     0      985.00       23.00        0.00
     0     0      987.00       27.00        0.00
     0     0      989.00       30.00        0.00
     0     0      991.00       34.00        0.00
     0     0      992.00       38.00        0.00
     0     0      994.00       41.00        0.00
     0     0      995.00       44.00        0.00
     0     0      996.00       47.00        0.00
     0     0      998.00       50.00        0.00
     0     0      999.00       53.00        0.00
     0     0     1001.00       56.00        0.00
     0     0     1003.00       59.00        0.00
     0     0     1006.00       63.00        0.00
     0     0     1008.00       66.00        0.00
     0     0     1010.00       69.00        0.00
     0     0     1012.00       72.00        0.00
     0     0     1014.00       75.00        0.00
     0     0     1016.00       79.00        0.00
     0     0     1019.00       83.00        0.00
     0     0     1020.00       87.00        0.00
     0     0     1022.00       90.00        0.00
     0     0     1024.00       93.00        0.00
     0     0     1025.00       96.00        0.00
     0     0     1026.00       99.00        0.00
     0     0     1028.00      102.00        0.00
     0     0     1030.00      106.00        0.00
     0     0     1032.00      109.00        0.00
     0     0     1033.00      112.00        0.00
     0     0     1035.00      115.00        0.00
     0     0     1036.00      118.00        0.00
     0     0     1037.00      122.00        0.00
     0     0     1039.00      125.00        0.00
     0     0     1041.00      129.00        0.00
     0     0     1043.00      132.00        0.00
     0     0     1044.00      135.00        0.00
     0     0     1046.00      138.00        0.00
     0     0     1047.00      141.00        0.00
     0     0     1049.00      144.00        0.00
     0     0     1051.00      148.00        0.00
     0     0     1052.00      151.00        0.00
     0     0     1054.00      154.00        0.00
     0     0     1055.00      157.00        0.00
     0     0     1056.00      160.00        0.00
     0     0     1058.00      164.00        0.00
     0     0     1059.00      167.00        0.00
     0     0     1060.00      171.00        0.00
     0     0     1061.00      174.00        0.00
     0     0     1063.00      177.00        0.00
     0     0     1064.00      181.00        0.00
     0     0     1065.00      184.00        0.00
     0     0     1067.00      187.00        0.00
     0     0     1068.00      190.00        0.00
     0     0     1068.00      195.00        0.00
     0     0     1069.00      200.00        0.00
     0     0     1069.00      204.00        0.00
     0     0     1069.00      209.00        0.00
     0     0     1069.00      214.00        0.00
     0     0     1068.00      217.00        0.00
     0     0     1067.00      220.00        0.00
     0     0     1067.00      224.00        0.00
     0     0     1065.00      227.00        0.00
     0     0     1064.00      231.00        0.00
     0     0     1062.00      235.00        0.00
     0     0     1061.00      238.00        0.00
     0     0     1060.00      241.00        0.00
     0     0     1059.00      244.00        0.00
     0     0     1057.00      247.00        0.00
     0     0     1055.00      250.00        0.00
     0     0     1053.00      253.00        0.00
     0     0     1052.00      256.00        0.00
     0     0     1051.00      259.00        0.00
     0     0     1050.00      262.00        0.00
     0     0     1049.00      265.00        0.00
     0     0     1048.00      268.00        0.00
     0     0     1047.00      271.00        0.00
     0     0     1046.00      274.00        0.00
     0     0     1044.00      278.00        0.00
     0     0     1041.00      281.00        0.00
     0     0     1040.00      284.00        0.00
     0     0     1039.00      287.00        0.00
     0     0     1038.00      291.00        0.00
     0     0     1038.00      295.00        0.00
     0     0     1038.00      300.00        0.00
     0     0     1038.00      305.00        0.00
     0     0     1038.00      309.00        0.00
     0     0     1038.00      313.00        0.00
     0     0     1039.00      316.00        0.00
     0     0     1040.00      319.00        0.00
     0     0     1040.00      323.00        0.00
     0     0     1041.00      326.00        0.00
     0     0     1041.00      331.00        0.00
     0     0     1041.00      336.00        0.00
     0     0     1042.00      339.00        0.00
     0     0     1042.00      343.00        0.00
     0     0     1043.00      347.00        0.00
     0     0     1043.00      352.00        0.00
     0     0     1044.00      356.00        0.00
     0     0     1045.00      359.00        0.00
     0     0     1046.00      363.00        0.00
     0     0     1046.00      368.00        0.00
     0     0     1047.00      371.00        0.00
     0     0     1048.00      375.00        0.00
     0     0     1048.00      380.00        0.00
     0     0     1049.00      384.00        0.00
     0     0     1050.00      387.00        0.00
     0     0     1051.00      390.00        0.00
     0     0     1052.00      393.00        0.00
     0     0     1052.00      397.00        0.00
     0     0     1053.00      401.00        0.00
     0     0     1054.00      404.00        0.00
     0     0     1054.00      408.00        0.00
     0     0     1055.00      411.00        0.00
     0     0     1056.00      414.00        0.00
     0     0     1056.00      418.00        0.00
     0     0     1065.00      465.00        0.00
     0     0     1065.00      469.00        0.00
     0     0     1065.00      473.00        0.00
     0     0     1066.00      477.00        0.00
     0     0     1066.00      481.00        0.00
     0     0     1066.00      485.00        0.00
     0     0     1064.00      488.00        0.00
     0     0     1062.00      492.00        0.00
     0     0     1060.00      496.00        0.00
     0     0     1059.00      501.00        0.00
     0     0     1057.00      505.00        0.00
     0     0     1056.00      510.00        0.00
     0     0     1055.00      514.00        0.00
     0     0     1055.00      519.00        0.00
     0     0     1055.00      523.00        0.00
     0     0     1055.00      528.00        0.00
     0     0     1055.00      532.00        0.00
     0     0     1056.00      537.00        0.00
     0     0     1056.00      544.00        0.00
     0     0     1057.00      549.00        0.00
     0     0     1057.00      556.00        0.00
     0     0     1059.00      561.00        0.00
     0     0     1060.00      566.00        0.00
     0     0     1061.00      573.00        0.00
     0     0     1061.00      577.00        0.00
     0     0     1063.00      582.00        0.00
     0     0     1065.00      586.00        0.00
     0     0     1067.00      591.00        0.00
     0     0     1069.00      596.00        0.00
     0     0     1071.00      600.00        0.00
     0     0     1073.00      605.00        0.00
     0     0     1077.00      608.00        0.00
     0     0     1080.00      613.00        0.00
     0     0     1082.00      616.00        0.00
     0     0     1084.00      619.00        0.00
     0     0     1089.00      623.00        0.00
     0     0     1092.00      626.00        0.00
     0     0     1095.00      630.00        0.00
     0     0     1098.00      634.00        0.00
     0     0     1101.00      638.00        0.00
     0     0     1104.00      640.00        0.00
     0     0     1107.00      641.00        0.00
     0     0     1110.00      643.00        0.00
     0     0     1114.00      643.00        0.00
     0     0     1118.00      644.00        0.00
     0     0     1124.00      644.00        0.00
     0     0     1129.00      644.00        0.00
     0     0     1133.00      645.00        0.00
     0     0     1137.00      645.00        0.00
     0     0     1140.00      647.00        0.00
     0     0     1144.00      648.00        0.00
     0     0     1148.00      649.00        0.00
     0     0     1152.00      650.00        0.00
     0     0     1157.00      652.00        0.00
     0     0     1160.00      653.00        0.00
     0     0     1163.00      655.00        0.00
     0     0     1166.00      656.00        0.00
     0     0     1169.00      657.00        0.00
     0     0     1173.00      658.00        0.00
     0     0     1177.00      659.00        0.00
     0     0     1180.00      661.00        0.00
     0     0     1184.00      661.00        0.00
     0     0     1189.00      662.00        0.00
     0     0     1194.00      662.00        0.00
     0     0     1199.00      662.00        0.00
     0     0     1203.00      662.00        0.00
     0     0     1206.00      661.00        0.00
     0     0     1209.00      660.00        0.00
     0     0     1212.00      659.00        0.00
     0     0     1215.00      658.00        0.00
     0     0     1219.00      656.00        0.00
     0     0     1222.00      653.00        0.00
     0     0     1225.00      651.00        0.00
     0     0     1228.00      647.00        0.00
     0     0     1231.00      643.00        0.00
     0     0     1233.00      640.00        0.00
     0     0     1235.00      637.00        0.00
     0     0     1240.00      633.00        0.00
     0     0     1242.00      629.00        0.00
     0     0     1245.00      626.00        0.00
     0     0     1248.00      622.00        0.00
     0     0     1251.00      619.00        0.00
     0     0     1253.00      615.00        0.00
     0     0     1255.00      612.00        0.00
     0     0     1257.00      608.00        0.00
     0     0     1260.00      604.00        0.00
     0     0     1263.00      600.00        0.00
     0     0     1266.00      597.00        0.00
     0     0     1268.00      594.00        0.00
     0     0     1270.00      591.00        0.00
     0     0     1273.00      587.00        0.00
     0     0     1276.00      583.00        0.00
     0     0     1277.00      579.00        0.00
     0     0     1279.00      576.00        0.00
     0     0     1280.00      573.00        0.00
     0     0     1282.00      569.00        0.00
     0     0     1283.00      566.00        0.00
     0     0     1284.00      562.00        0.00
     0     0     1285.00      558.00        0.00
     0     0     1286.00      553.00        0.00
     0     0     1286.00      549.00        0.00
     0     0     1287.00      546.00        0.00
     0     0     1288.00      543.00        0.00
     0     0     1288.00      539.00        0.00
     0     0     1289.00      535.00        0.00
     0     0     1291.00      532.00        0.00
     0     0     1292.00      528.00        0.00
     0     0     1292.00      524.00        0.00
     0     0     1292.00      520.00        0.00
     0     0     1292.00      514.00        0.00
     0     0     1292.00      510.00        0.00
     0     0     1293.00      506.00        0.00
     0     0     1293.00      500.00        0.00
     0     0     1293.00      496.00        0.00
     0     0     1293.00      492.00        0.00
     0     0     1293.00      487.00        0.00
     0     0     1293.00      482.00        0.00
     0     0     1294.00      477.00        0.00
     0     0     1294.00      473.00        0.00
     0     0     1294.00      469.00        0.00
     0     0     1294.00      465.00        0.00
     0     0     1294.00      460.00        0.00
     0     0     1295.00      457.00        0.00
     0     0     1296.00      453.00        0.00
     0     0     1297.00      450.00        0.00
     0     0     1299.00      447.00        0.00
     0     0     1299.00      443.00        0.00
     0     0     1300.00      439.00        0.00
     0     0     1300.00      434.00        0.00
     0     0     1300.00      429.00        0.00
     0     0     1300.00      424.00        0.00
     0     0     1300.00      420.00        0.00
     0     0     1300.00      415.00        0.00
     0     0     1300.00      410.00        0.00
     0     0     1301.00      407.00        0.00
     0     0     1302.00      404.00        0.00
     0     0     1302.00      400.00        0.00
     0     0     1303.00      395.00        0.00
     0     0     1304.00      392.00        0.00
     0     0     1304.00      388.00        0.00
     0     0     1304.00      384.00        0.00
     0     0     1304.00      380.00        0.00
     0     0     1304.00      376.00        0.00
     0     0     1306.00      358.00        0.00
     0     0     1306.00      354.00        0.00
     0     0     1307.00      351.00        0.00
     0     0     1309.00      348.00        0.00
     0     0     1312.00      345.00        0.00
     0     0     1314.00      342.00        0.00
     0     0     1316.00      339.00        0.00
     0     0     1316.00      335.00        0.00
     0     0     1317.00      332.00        0.00
     0     0     1318.00      329.00        0.00
     0     0     1319.00      325.00        0.00
     0     0     1320.00      322.00        0.00
     0     0     1321.00      319.00        0.00
     0     0     1322.00      315.00        0.00
     0     0     1322.00      310.00        0.00
     0     0     1322.00      306.00        0.00
     0     0     1322.00      301.00        0.00
     0     0     1322.00      296.00        0.00
     0     0     1323.00      293.00        0.00
     0     0     1325.00      289.00        0.00
     0     0     1326.00      286.00        0.00
     0     0     1327.00      283.00        0.00
     0     0     1328.00      280.00        0.00
     0     0     1329.00      277.00        0.00
     0     0     1330.00      273.00        0.00
     0     0     1331.00      270.00        0.00
     0     0     1331.00      266.00        0.00
     0     0     1331.00      262.00        0.00
     0     0     1332.00      259.00        0.00
     0     0     1333.00      256.00        0.00
     0     0     1334.00      251.00        0.00
     0     0     1334.00      247.00        0.00
     0     0     1335.00      243.00        0.00
     0     0     1335.00      238.00        0.00
     0     0     1335.00      234.00        0.00
     0     0     1335.00      229.00        0.00
     0     0     1333.00      224.00        0.00
     0     0     1332.00      220.00        0.00
     0     0     1332.00      216.00        0.00
     0     0     1330.00      212.00        0.00
     0     0     1328.00      208.00        0.00
     0     0     1327.00      205.00        0.00
     0     0     1326.00      201.00        0.00
     0     0     1323.00      197.00        0.00
     0     0     1321.00      193.00        0.00
     0     0     1320.00      190.00        0.00
     0     0     1317.00      187.00        0.00
     0     0     1316.00      184.00        0.00
     0     0     1314.00      181.00        0.00
     0     0     1312.00      178.00        0.00
     0     0     1309.00      174.00        0.00
     0     0     1308.00      171.00        0.00
     0     0     1306.00      168.00        0.00
     0     0     1304.00      164.00        0.00
     0     0     1302.00      161.00        0.00
     0     0     1300.00      157.00        0.00
     0     0     1297.00      154.00        0.00
     0     0     1295.00      150.00        0.00
     0     0     1294.00      147.00        0.00
     0     0     1290.00      142.00        0.00
     0     0     1289.00      138.00        0.00
     0     0     1287.00      135.00        0.00
     0     0     1284.00      131.00        0.00
     0     0     1282.00      127.00        0.00
     0     0     1278.00      122.00        0.00
     0     0     1276.00      119.00        0.00
     0     0     1273.00      116.00        0.00
     0     0     1271.00      113.00        0.00
     0     0     1269.00      110.00        0.00
     0     0     1267.00      107.00        0.00
     0     0     1264.00      104.00        0.00
     0     0     1262.00      101.00        0.00
     0     0     1260.00       98.00        0.00
     0     0     1258.00       94.00        0.00
     0     0     1255.00       91.00        0.00
     0     0     1254.00       88.00        0.00
     0     0     1252.00       85.00        0.00
     0     0     1250.00       82.00        0.00
     0     0     1247.00       78.00        0.00
     0     0     1245.00       75.00        0.00
     0     0     1243.00       71.00        0.00
     0     0     1240.00       68.00        0.00
     0     0     1238.00       65.00        0.00
     0     0     1237.00       62.00        0.00
     0     0     1236.00       59.00        0.00
     0     0     1234.00       56.00        0.00
     0     0     1233.00       53.00        0.00
     0     0     1231.00       49.00        0.00
     0     0     1230.00       46.00        0.00
     0     0     1229.00       43.00        0.00
     0     0     1228.00       40.00        0.00
     0     0     1227.00       37.00        0.00
     0     0     1226.00       34.00        0.00
     0     0     1225.00       31.00        0.00
     0     0     1223.00       28.00        0.00
     0     0     1221.00       25.00        0.00
     0     0     1218.00       23.00        0.00
     0     0     1216.00       20.00        0.00
     0     0     1213.00       19.00        0.00
     0     0     1209.00       16.00        0.00
     0     0     1206.00       14.00        0.00
     0     0     1203.00       11.00        0.00
     0     0     1200.00       10.00        0.00
     0     0     1197.00        8.00        0.00
     0     0     1194.00        6.00        0.00
     0     0     1191.00        5.00        0.00
     0     0     1188.00        2.00        0.00
     0     0     1187.00       -1.00        0.00
     0     1     1358.00      447.00        0.00
     0     1     1353.00      445.00        0.00
     0     1     1351.00      442.00        0.00
     0     1     1349.00      438.00        0.00
     0     1     1348.00      434.00        0.00
     0     1     1347.00      430.00        0.00
     0     1     1346.00      427.00        0.00
     0     1     1344.00      421.00        0.00
     0     1     1343.00      416.00        0.00
     0     1     1342.00      412.00        0.00
     0     1     1341.00      407.00        0.00
     0     1     1341.00      403.00        0.00
     0     1     1341.00      398.00        0.00
     0     1     1340.00      394.00        0.00
     0     1     1340.00      390.00        0.00
     0     1     1339.00      386.00        0.00
     0     1     1338.00      379.00        0.00
     0     1     1337.00      374.00        0.00
     0     1     1336.00      370.00        0.00
     0     1     1336.00      366.00        0.00
     0     1     1336.00      362.00        0.00
     0     1     1336.00      358.00        0.00
     0     1     1336.00      353.00        0.00
     0     1     1336.00      349.00        0.00
     0     1     1337.00      345.00        0.00
     0     1     1337.00      341.00        0.00
     0     1     1337.00      337.00        0.00
     0     1     1337.00      332.00        0.00
     0     1     1337.00      327.00        0.00
     0     1     1338.00      322.00        0.00
     0     1     1339.00      319.00        0.00
     0     1     1340.00      315.00        0.00
     0     1     1341.00      312.00        0.00
     0     1     1343.00      309.00        0.00
     0     1     1344.00      306.00        0.00
     0     1     1345.00      303.00        0.00
     0     1     1348.00      300.00        0.00
     0     1     1350.00      297.00        0.00
     0     1     1353.00      294.00        0.00
     0     1     1354.00      291.00        0.00
     0     1     1356.00      288.00        0.00
     0     1     1357.00      285.00        0.00
     0     1     1358.00      282.00        0.00
     0     1     1358.00      278.00        0.00
     0     1     1357.00      275.00        0.00
     0     1     1357.00      271.00        0.00
     0     1     1356.00      266.00        0.00
     0     1     1356.00      262.00        0.00
     0     1     1356.00      258.00        0.00
     0     1     1356.00      254.00        0.00
     0     1     1356.00      249.00        0.00
     0     1     1356.00      245.00        0.00
     0     1     1357.00      242.00        0.00
     0     1     1358.00      239.00        0.00
     0     1     1359.00      234.00        0.00
     0     1     1360.00      230.00        0.00
     0     1     1361.00      227.00        0.00
     0     1     1362.00      224.00        0.00
     0     1     1362.00      220.00        0.00
     0     1     1364.00      217.00        0.00
     0     1     1365.00      214.00        0.00
     0     1     1366.00      210.00        0.00
     0     1     1367.00      207.00        0.00
     0     1     1369.00      204.00        0.00
     0     1     1370.00      201.00        0.00
     0     1     1371.00      198.00        0.00
     0     1     1373.00      195.00        0.00
     0     1     1376.00      193.00        0.00
     0     1     1375.00      415.00        0.00
     0     1     1373.00      418.00        0.00
     0     1     1372.00      422.00        0.00
     0     1     1372.00      426.00        0.00
     0     1     1371.00      429.00        0.00
     0     1     1369.00      432.00        0.00
     0     1     1368.00      435.00        0.00
     0     2      620.00     1033.00        0.00
     0     2      621.00     1028.00        0.00
     0     2      623.00     1024.00        0.00
     0     2      625.00     1021.00        0.00
     0     2      627.00     1018.00        0.00
     0     2      630.00     1015.00        0.00
     0     2      634.00     1012.00        0.00
     0     2      638.00     1010.00        0.00
     0     2      641.00     1008.00        0.00
     0     2      644.00     1006.00        0.00
     0     2      648.00     1003.00        0.00
     0     2      651.00     1001.00        0.00
     0     2      654.00      998.00        0.00
     0     2      657.00      996.00        0.00
     0     2      660.00      994.00        0.00
     0     2      664.00      990.00        0.00
     0     2      667.00      987.00        0.00
     0     2      670.00      984.00        0.00
     0     2      672.00      981.00        0.00
     0     2      675.00      978.00        0.00
     0     2      678.00      975.00        0.00
     0     2      681.00      971.00        0.00
     0     2      682.00      968.00        0.00
     0     2      684.00      965.00        0.00
     0     2      686.00      962.00        0.00
     0     2      688.00      959.00        0.00
     0     2      689.00      956.00        0.00
     0     2      691.00      952.00        0.00
     0     2      694.00      948.00        0.00
     0     2      695.00      944.00        0.00
     0     2      697.00      939.00        0.00
     0     2      698.00      934.00        0.00
     0     2      700.00      930.00        0.00
     0     2      701.00      925.00        0.00
     0     2      702.00      921.00        0.00
     0     2      703.00      918.00        0.00
     0     2      704.00      913.00        0.00
     0     2      705.00      909.00        0.00
     0     2      706.00      904.00        0.00
     0     2      707.00      900.00        0.00
     0     2      708.00      896.00        0.00
     0     2      709.00      892.00        0.00
     0     2      710.00      889.00        0.00
     0     2      711.00      886.00        0.00
     0     2      713.00      882.00        0.00
     0     2      715.00      878.00        0.00
     0     2      717.00      874.00        0.00
     0     2      720.00      871.00        0.00
     0     2      722.00      868.00        0.00
     0     2      725.00      864.00        0.00
     0     2      727.00      861.00        0.00
     0     2      728.00      858.00        0.00
     0     2      730.00      855.00        0.00
     0     2      731.00      852.00        0.00
     0     2      733.00      849.00        0.00
     0     2      736.00      846.00        0.00
     0     2      738.00      843.00        0.00
     0     2      741.00      839.00        0.00
     0     2      744.00      835.00        0.00
     0     2      746.00      832.00        0.00
     0     2      748.00      829.00        0.00
     0     2      751.00      825.00        0.00
     0     2      753.00      822.00        0.00
     0     2      755.00      819.00        0.00
     0     2      756.00      816.00        0.00
     0     2      759.00      812.00        0.00
     0     2      760.00      809.00        0.00
     0     2      763.00      805.00        0.00
     0     2      766.00      801.00        0.00
     0     2      767.00      797.00        0.00
     0     2      769.00      794.00        0.00
     0     2      771.00      790.00        0.00
     0     2      773.00      787.00        0.00
     0     2      774.00      784.00        0.00
     0     2      776.00      781.00        0.00
     0     2      779.00      778.00        0.00
     0     2      782.00      775.00        0.00
     0     2      784.00      772.00        0.00
     0     2      787.00      768.00        0.00
     0     2      789.00      765.00        0.00
     0     2      790.00      762.00        0.00
     0     2      791.00      758.00        0.00
     0     2      791.00      754.00        0.00
     0     2      791.00      750.00        0.00
     0     2      791.00      746.00        0.00
     0     2      789.00      743.00        0.00
     0     2      788.00      740.00        0.00
     0     2      787.00      736.00        0.00
     0     2      786.00      732.00        0.00
     0     2      784.00      728.00        0.00
     0     2      783.00      725.00        0.00
     0     2      770.00      712.00        0.00
     0     2      768.00      709.00        0.00
     0     2      764.00      706.00        0.00
     0     2      760.00      703.00        0.00
     0     2      756.00      700.00        0.00
     0     2      752.00      697.00        0.00
     0     2      748.00      694.00        0.00
     0     2      744.00      691.00        0.00
     0     2      739.00      688.00        0.00
     0     2      735.00      686.00        0.00
     0     2      730.00      683.00        0.00
     0     2      724.00      680.00        0.00
     0     2      718.00      679.00        0.00
     0     2      715.00      678.00        0.00
     0     2      708.00      675.00        0.00
     0     2      702.00      674.00        0.00
     0     2      696.00      673.00        0.00
     0     2      690.00      671.00        0.00
     0     2      686.00      670.00        0.00
     0     2      681.00      670.00        0.00
     0     2      677.00      669.00        0.00
     0     2      674.00      668.00        0.00
     0     2      670.00      668.00        0.00
     0     2      666.00      668.00        0.00
     0     2      660.00      669.00        0.00
     0     2      656.00      670.00        0.00
     0     2      652.00      671.00        0.00
     0     2      648.00      671.00        0.00
     0     2      643.00      673.00        0.00
     0     2      638.00      673.00        0.00
     0     2      634.00      675.00        0.00
     0     2      631.00      676.00        0.00
     0     2      627.00      678.00        0.00
     0     2      624.00      680.00        0.00
     0     2      620.00      680.00        0.00
     0     2      616.00      681.00        0.00
     0     2      613.00      682.00        0.00
     0     2      610.00      683.00        0.00
     0     2      607.00      685.00        0.00
     0     2      604.00      688.00        0.00
     0     2      600.00      691.00        0.00
     0     2      598.00      694.00        0.00
     0     2      594.00      697.00        0.00
     0     2      591.00      699.00        0.00
     0     2      588.00      703.00        0.00
     0     2      585.00      705.00        0.00
     0     2      583.00      708.00        0.00
     0     2      579.00      711.00        0.00
     0     2      575.00      714.00        0.00
     0     2      573.00      717.00        0.00
     0     2      570.00      719.00        0.00
     0     2      567.00      722.00        0.00
     0     2      564.00      724.00        0.00
     0     2      561.00      727.00        0.00
     0     2      558.00      730.00        0.00
     0     2      556.00      733.00        0.00
     0     2      553.00      736.00        0.00
     0     2      551.00      739.00        0.00
     0     2      550.00      742.00        0.00
     0     2      549.00      745.00        0.00
     0     2      548.00      748.00        0.00
     0     2      546.00      751.00        0.00
     0     2      545.00      754.00        0.00
     0     2      542.00      757.00        0.00
     0     2      540.00      761.00        0.00
     0     2      538.00      764.00        0.00
     0     2      537.00      768.00        0.00
     0     2      535.00      771.00        0.00
     0     2      535.00      775.00        0.00
     0     2      533.00      778.00        0.00
     0     2      532.00      781.00        0.00
     0     2      531.00      784.00        0.00
     0     2      530.00      788.00        0.00
     0     2      529.00      791.00        0.00
     0     2      528.00      794.00        0.00
     0     2      528.00      799.00        0.00
     0     2      527.00      802.00        0.00
     0     2      525.00      806.00        0.00
     0     2      524.00      809.00        0.00
     0     2      524.00      813.00        0.00
     0     2      523.00      817.00        0.00
     0     2      522.00      820.00        0.00
     0     2      520.00      823.00        0.00
     0     2      519.00      826.00        0.00
     0     2      518.00      830.00        0.00
     0     2      517.00      833.00        0.00
     0     2      517.00      837.00        0.00
     0     2      517.00      842.00        0.00
     0     2      517.00      846.00        0.00
     0     2      516.00      849.00        0.00
     0     2      516.00      853.00        0.00
     0     2      516.00      857.00        0.00
     0     2      515.00      860.00        0.00
     0     2      515.00      864.00        0.00
     0     2      515.00      868.00        0.00
     0     2      514.00      871.00        0.00
     0     2      514.00      876.00        0.00
     0     2      513.00      881.00        0.00
     0     2      512.00      884.00        0.00
     0     2      512.00      888.00        0.00
     0     2      510.00      891.00        0.00
     0     2      509.00      895.00        0.00
     0     2      507.00      900.00        0.00
     0     2      505.00      903.00        0.00
     0     2      503.00      907.00        0.00
     0     2      501.00      911.00        0.00
     0     2      499.00      914.00        0.00
     0     2      498.00      917.00        0.00
     0     2      496.00      920.00        0.00
     0     2      494.00      923.00        0.00
     0     2      493.00      926.00        0.00
     0     2      490.00      929.00        0.00
     0     2      485.00      932.00        0.00
     0     2      473.00      947.00        0.00
     0     2      473.00      952.00        0.00
     0     2      473.00      956.00        0.00
     0     2      473.00      960.00        0.00
     0     2      472.00      964.00        0.00
     0     2      470.00      968.00        0.00
     0     2      467.00      971.00        0.00
     0     2      463.00      974.00        0.00
     0     2      459.00      975.00        0.00
     0     2      456.00      976.00        0.00
     0     2      452.00      977.00        0.00
     0     2      447.00      977.00        0.00
     0     2      443.00      978.00        0.00
     0     2      439.00      978.00        0.00
     0     2      435.00      978.00        0.00
     0     2      430.00      978.00        0.00
     0     2      424.00      979.00        0.00
     0     2      420.00      979.00        0.00
     0     2      416.00      979.00        0.00
     0     2      409.00      979.00        0.00
     0     2      404.00      980.00        0.00
     0     2      399.00      980.00        0.00
     0     2      392.00      980.00        0.00
     0     2      388.00      980.00        0.00
     0     2      384.00      981.00        0.00
     0     2      380.00      982.00        0.00
     0     2      375.00      984.00        0.00
     0     2      371.00      985.00        0.00
     0     2      368.00      986.00        0.00
     0     2      364.00      988.00        0.00
     0     2      360.00      989.00        0.00
     0     2      356.00      991.00        0.00
     0     2      353.00      992.00        0.00
     0     2      349.00      994.00        0.00
     0     2      345.00      996.00        0.00
     0     2      338.00      998.00        0.00
     0     2      334.00     1000.00        0.00
     0     2      328.00     1003.00        0.00
     0     2      322.00     1005.00        0.00
     0     2      316.00     1007.00        0.00
     0     2      309.00     1010.00        0.00
     0     2      306.00     1013.00        0.00
     0     2      301.00     1015.00        0.00
     0     2      298.00     1017.00        0.00
     0     2      295.00     1018.00        0.00
     0     2      292.00     1019.00        0.00
     0     2      289.00     1020.00        0.00
     0     2      286.00     1022.00        0.00
     0     2      283.00     1023.00        0.00
     0     2      280.00     1025.00        0.00
     0     2      277.00     1028.00        0.00
     0     2      274.00     1029.00        0.00
     0     2      271.00     1031.00        0.00
     0     3       81.00      768.00        0.00
     0     3       73.00      768.00        0.00
     0     3       68.00      767.00        0.00
     0     3       65.00      766.00        0.00
     0     3       62.00      763.00        0.00
     0     3       59.00      761.00        0.00
     0     3       56.00      759.00        0.00
     0     3       53.00      756.00        0.00
     0     3       50.00      753.00        0.00
     0     3       46.00      750.00        0.00
     0     3       44.00      747.00        0.00
     0     3       41.00      743.00        0.00
     0     3       38.00      740.00        0.00
     0     3       35.00      736.00        0.00
     0     3       33.00      733.00        0.00
     0     3       31.00      730.00        0.00
     0     3       29.00      727.00        0.00
     0     3       28.00      724.00        0.00
     0     3       25.00      720.00        0.00
     0     3       23.00      717.00        0.00
     0     3       21.00      714.00        0.00
     0     3       19.00      711.00        0.00
     0     3       17.00      708.00        0.00
     0     3       13.00      704.00        0.00
     0     3       12.00      701.00        0.00
     0     3       10.00      698.00        0.00
     0     3       10.00      693.00        0.00
     0     3       10.00      688.00        0.00
     0     3       11.00      683.00        0.00
     0     3       11.00      679.00        0.00
     0     3       12.00      675.00        0.00
     0     3       13.00      670.00        0.00
     0     3       14.00      665.00        0.00
     0     3       15.00      660.00        0.00
     0     3       16.00      657.00        0.00
     0     3       17.00      653.00        0.00
     0     3       18.00      650.00        0.00
     0     3       20.00      647.00        0.00
     0     3       22.00      644.00        0.00
     0     3       24.00      641.00        0.00
     0     3       27.00      638.00        0.00
     0     3       30.00      635.00        0.00
     0     3       33.00      630.00        0.00
     0     3       36.00      627.00        0.00
     0     3       40.00      624.00        0.00
     0     3       43.00      622.00        0.00
     0     3       45.00      619.00        0.00
     0     3       48.00      617.00        0.00
     0     3       51.00      615.00        0.00
     0     3       54.00      613.00        0.00
     0     3       57.00      612.00        0.00
     0     3       62.00      609.00        0.00
     0     3       65.00      607.00        0.00
     0     3       68.00      605.00        0.00
     0     3       71.00      604.00        0.00
     0     3       75.00      602.00        0.00
     0     3       80.00      601.00        0.00
     0     3       83.00      600.00        0.00
     0     3       87.00      600.00        0.00
     0     3       91.00      600.00        0.00
     0     3       97.00      601.00        0.00
     0     3      101.00      601.00        0.00
     0     3      104.00      602.00        0.00
     0     3      107.00      604.00        0.00
     0     3      110.00      605.00        0.00
     0     3      113.00      607.00        0.00
     0     3      116.00      610.00        0.00
     0     3      119.00      611.00        0.00
     0     3      122.00      613.00        0.00
     0     3      125.00      616.00        0.00
     0     3      128.00      617.00        0.00
     0     3      132.00      620.00        0.00
     0     3      135.00      622.00        0.00
     0     3      138.00      624.00        0.00
     0     3      141.00      626.00        0.00
     0     3      144.00      628.00        0.00
     0     3      147.00      630.00        0.00
     0     3      150.00      632.00        0.00
     0     3      152.00      635.00        0.00
     0     3      155.00      638.00        0.00
     0     3      157.00      641.00        0.00
     0     3      159.00      644.00        0.00
     0     3      161.00      647.00        0.00
     0     3      162.00      650.00        0.00
     0     3      164.00      653.00        0.00
     0     3      167.00      657.00        0.00
     0     3      168.00      662.00        0.00
     0     3      168.00      666.00        0.00
     0     3      169.00      669.00        0.00
     0     3      170.00      673.00        0.00
     0     3      171.00      677.00        0.00
     0     3      171.00      682.00        0.00
     0     3      171.00      686.00        0.00
     0     3      171.00      690.00        0.00
     0     3      170.00      694.00        0.00
     0     3      169.00      697.00        0.00
     0     3      169.00      702.00        0.00
     0     3      169.00      707.00        0.00
     0     3      168.00      711.00        0.00
     0     3      167.00      714.00        0.00
     0     3      166.00      717.00        0.00
     0     3      165.00      720.00        0.00
     0     3      162.00      724.00        0.00
     0     3      161.00      727.00        0.00
     0     3      160.00      730.00        0.00
     0     3      159.00      733.00        0.00
     0     3      158.00      736.00        0.00
     0     3      156.00      739.00        0.00
     0     3      154.00      742.00        0.00
     0     3      151.00      744.00        0.00
     0     3      148.00      747.00        0.00
     0     3      146.00      750.00        0.00
     0     3      143.00      751.00        0.00
     0     3      140.00      754.00        0.00
     0     3      137.00      755.00        0.00
     0     3      134.00      757.00        0.00
     0     3      131.00      759.00        0.00
     0     3      128.00      761.00        0.00
     0     3      125.00      763.00        0.00
     0     3      122.00      764.00        0.00
     0     3      119.00      765.00        0.00
     0     3      116.00      766.00        0.00
     0     3      112.00      766.00        0.00
     0     3      108.00      767.00        0.00
     0     3      104.00      767.00        0.00
     0     3      101.00      768.00        0.00
     0     3       97.00      768.00        0.00
     1     0     1026.00      127.00        0.00
     1     0     1023.50      127.00        0.00
     1     0     1021.50      125.50        0.00
     1     0     1019.00      124.00        0.00
     1     0     1017.50      122.00        0.00
     1     0     1017.50      119.50        0.00
     1     0     1019.50      117.50        0.00
     1     0     1022.00      116.50        0.00
     1     0     1024.50      115.50        0.00
     1     0     1027.00      115.50        0.00
     1     0     1029.50      116.00        0.00
     1     0     1031.50      117.50        0.00
     1     0     1033.00      120.00        0.00
     1     0     1033.50      122.50        0.00
     1     0     1033.50      125.00        0.00
     1     0     1032.00      127.00        0.00
     1     0     1030.50      129.00        0.00
     1     1     1034.00      269.00        0.00
     1     1     1031.50      269.00        0.00
     1     1     1029.50      267.50        0.00
     1     1     1027.50      266.00        0.00
     1     1     1026.50      263.50        0.00
     1     1     1025.50      261.00        0.00
     1     1     1026.50      258.50        0.00
     1     1     1028.50      257.00        0.00
     1     1     1031.00      257.00        0.00
     1     1     1033.50      258.50        0.00
     1     1     1035.50      260.50        0.00
     1     1     1036.00      263.00        0.00
     1     1     1036.00      265.50        0.00
     1     1     1036.50      268.00        0.00
     1     2     1349.50      265.00        0.00
     1     2     1347.00      266.00        0.00
     1     2     1344.50      267.50        0.00
     1     2     1342.00      268.00        0.00
     1     2     1339.50      267.00        0.00
     1     2     1339.00      264.00        0.00
     1     2     1339.00      261.00        0.00
     1     2     1339.00      258.50        0.00
     1     2     1339.50      256.00        0.00
     1     2     1340.00      253.50        0.00
     1     2     1341.00      251.00        0.00
     1     2     1342.50      248.50        0.00
     1     2     1345.00      247.50        0.00
     1     2     1347.50      247.50        0.00
     1     2     1350.00      247.50        0.00
     1     2     1352.50      248.50        0.00
     1     2     1353.50      251.00        0.00
     1     2     1354.00      253.50        0.00
     1     2     1354.50      256.00        0.00
     1     2     1353.00      258.00        0.00
     1     3     1343.00      294.50        0.00
     1     3     1340.50      295.50        0.00
     1     3     1338.00      296.00        0.00
     1     3     1335.50      297.00        0.00
     1     3     1332.50      297.00        0.00
     1     3     1330.00      296.50        0.00
     1     3     1329.50      293.50        0.00
     1     3     1329.00      291.00        0.00
     1     3     1329.00      288.50        0.00
     1     3     1330.50      286.50        0.00
     1     3     1332.50      284.50        0.00
     1     3     1334.50      283.00        0.00
     1     3     1336.50      281.50        0.00
     1     3     1338.50      280.00        0.00
     1     3     1341.00      279.00        0.00
     1     3     1343.50      278.50        0.00
     1     3     1345.50      280.00        0.00
     1     3     1346.50      282.50        0.00
     1     3     1347.00      285.00        0.00
     1     4     1335.00      326.50        0.00
     1     4     1332.50      329.00        0.00
     1     4     1330.00      330.00        0.00
     1     4     1327.50      330.00        0.00
     1     4     1325.00      329.50        0.00
     1     4     1323.00      327.50        0.00
     1     4     1322.50      325.00        0.00
     1     4     1322.50      322.00        0.00
     1     4     1322.50      319.50        0.00
     1     4     1323.00      317.00        0.00
     1     4     1323.50      314.50        0.00
     1     4     1324.50      311.50        0.00
     1     4     1325.00      309.00        0.00
     1     4     1327.00      307.00        0.00
     1     4     1329.00      305.50        0.00
     1     4     1331.50      305.00        0.00
     1     4     1334.00      305.00        0.00
     1     4     1336.00      306.50        0.00
     1     4     1336.50      309.00        0.00
     1     4     1337.00      311.50        0.00
     1     4     1337.50      314.00        0.00
     1     4     1337.50      317.00        0.00
     1     5     1323.00      358.00        0.00
     1     5     1320.50      358.50        0.00
     1     5     1318.00      359.00        0.00
     1     5     1315.50      358.50        0.00
     1     5     1313.50      356.50        0.00
     1     5     1312.50      354.00        0.00
     1     5     1312.50      351.00        0.00
     1     5     1312.50      348.50        0.00
     1     5     1314.00      346.50        0.00
     1     5     1316.00      344.50        0.00
     1     5     1318.50      343.50        0.00
     1     5     1321.50      342.50        0.00
     1     5     1324.00      342.00        0.00
     1     5     1326.50      341.50        0.00
     1     5     1329.00      341.50        0.00
     1     5     1330.50      343.50        0.00
     1     5     1331.50      346.00        0.00
     1     5     1331.50      348.50        0.00
     1     5     1331.00      351.00        0.00
     1     5     1329.50      353.00        0.00
     1     6     1164.50      679.00        0.00
     1     6     1162.00      679.50        0.00
     1     6     1159.00      679.00        0.00
     1     6     1157.00      677.50        0.00
     1     6     1155.00      675.50        0.00
     1     6     1154.50      673.00        0.00
     1     6     1154.00      670.50        0.00
     1     6     1154.00      668.00        0.00
     1     6     1154.00      665.00        0.00
     1     6     1155.50      662.50        0.00
     1     6     1157.00      660.00        0.00
     1     6     1159.00      658.00        0.00
     1     6     1162.00      657.50        0.00
     1     6     1164.50      657.50        0.00
     1     6     1167.00      657.50        0.00
     1     6     1169.50      658.00        0.00
     1     6     1172.00      659.00        0.00
     1     6     1174.00      660.50        0.00
     1     6     1175.50      662.50        0.00
     1     6     1176.00      665.00        0.00
     1     6     1176.50      667.50        0.00
     1     6     1176.00      670.00        0.00
     1     6     1175.50      672.50        0.00
     1     6     1174.00      674.50        0.00
     1     6     1172.50      676.50        0.00
     1     7      800.50      714.00        0.00
     1     7      798.00      714.00        0.00
     1     7      795.50      713.00        0.00
     1     7      793.00      712.00        0.00
     1     7      792.00      709.50        0.00
     1     7      791.50      707.00        0.00
     1     7      791.50      704.50        0.00
     1     7      792.50      702.00        0.00
     1     7      793.00      699.50        0.00
     1     7      793.00      697.00        0.00
     1     7      794.00      694.50        0.00
     1     7      795.50      692.50        0.00
     1     7      797.50      690.50        0.00
     1     7      800.00      690.00        0.00
     1     7      802.50      691.00        0.00
     1     7      804.50      692.50        0.00
     1     7      806.50      694.50        0.00
     1     7      808.00      697.00        0.00
     1     7      808.50      699.50        0.00
     1     7      808.50      702.00        0.00
     1     7      808.50      704.50        0.00
     1     7      808.50      707.00        0.00
     1     7      808.00      709.50        0.00
     1     7      806.00      711.00        0.00
     1     8      776.00      702.50        0.00
     1     8      773.00      703.00        0.00
     1     8      770.50      701.50        0.00
     1     8      768.50      700.00        0.00
     1     8      767.50      697.00        0.00
     1     8      766.50      694.50        0.00
     1     8      766.50      691.50        0.00
     1     8      766.50      689.00        0.00
     1     8      767.00      686.50        0.00
     1     8      768.50      684.50        0.00
     1     8      771.50      683.00        0.00
     1     8      774.00      682.00        0.00
     1     8      776.50      681.50        0.00
     1     8      780.00      682.00        0.00
     1     8      782.50      682.50        0.00
     1     8      785.00      683.00        0.00
     1     8      786.50      685.00        0.00
     1     8      787.00      687.50        0.00
     1     8      787.00      690.00        0.00
     1     8      787.00      692.50        0.00
     1     8      786.00      695.00        0.00
     1     8      784.50      697.00        0.00
     1     9      483.50      923.50        0.00
     1     9      481.00      923.50        0.00
     1     9      478.50      923.50        0.00
     1     9      476.00      922.00        0.00
     1     9      474.00      920.50        0.00
     1     9      472.00      919.00        0.00
     1     9      471.00      916.50        0.00
     1     9      470.50      914.00        0.00
     1     9      470.50      911.50        0.00
     1     9      472.00      909.00        0.00
     1     9      473.00      906.50        0.00
     1     9      474.50      904.50        0.00
     1     9      476.50      902.50        0.00
     1     9      479.00      901.50        0.00
     1     9      481.50      902.00        0.00
     1     9      483.50      903.50        0.00
     1     9      485.50      905.00        0.00
     1     9      486.50      907.50        0.00
     1     9      487.00      910.00        0.00
     1     9      487.50      912.50        0.00
     1     9      487.50      915.00        0.00
     1    10      456.50      957.50        0.00
     1    10      452.00      957.00        0.00
     1    10      449.50      955.50        0.00
     1    10      447.50      954.00        0.00
     1    10      446.00      951.00        0.00
     1    10      446.00      948.50        0.00
     1    10      446.00      945.50        0.00
     1    10      447.00      942.50        0.00
     1    10      448.00      939.50        0.00
     1    10      450.00      937.00        0.00
     1    10      453.00      935.50        0.00
     1    10      456.00      935.00        0.00
     1    10      459.00      934.50        0.00
     1    10      461.50      934.50        0.00
     1    10      464.50      936.00        0.00
     1    10      466.00      938.00        0.00
     1    10      467.50      940.50        0.00
     1    10      468.00      943.00        0.00
     1    10      468.50      946.00        0.00
     1    10      468.50      949.00        0.00
     1    10      467.50      951.50        0.00
     1    10      466.00      953.50        0.00
     1    11      102.00      593.00        0.00
     1    11       99.50      593.50        0.00
     1    11       97.00      593.50        0.00
     1    11       94.00      592.00        0.00
     1    11       91.50      591.00        0.00
     1    11       90.50      588.50        0.00
     1    11       90.50      586.00        0.00
     1    11       90.50      583.50        0.00
     1    11       91.50      581.00        0.00
     1    11       93.00      579.00        0.00
     1    11       95.00      577.50        0.00
     1    11       97.50      577.00        0.00
     1    11      100.00      577.00        0.00
     1    11      102.50      577.50        0.00
     1    11      104.50      579.50        0.00
     1    11      106.00      582.00        0.00
     1    11      107.00      584.50        0.00
     1    11      107.50      587.00        0.00
     1    11      107.50      589.50        0.00
     1    11      107.00      592.00        0.00
     1    11      105.00      594.00        0.00
