     0     0        3.00      707.00        0.00
     0     0        6.00      709.00        0.00
     0     0       10.00      709.00        0.00
     0     0       15.00      709.00        0.00
     0     0       20.00      709.00        0.00
     0     0       24.00      709.00        0.00
     0     0       29.00      709.00        0.00
     0     0       33.00      709.00        0.00
     0     0       37.00      709.00        0.00
     0     0       42.00      708.00        0.00
     0     0       46.00      708.00        0.00
     0     0       50.00      708.00        0.00
     0     0       53.00      707.00        0.00
     0     0       57.00      707.00        0.00
     0     0       62.00      705.00        0.00
     0     0       67.00      704.00        0.00
     0     0       70.00      703.00        0.00
     0     0       75.00      703.00        0.00
     0     0       78.00      702.00        0.00
     0     0       83.00      702.00        0.00
     0     0       88.00      701.00        0.00
     0     0       92.00      700.00        0.00
     0     0       96.00      699.00        0.00
     0     0      100.00      699.00        0.00
     0     0      104.00      699.00        0.00
     0     0      108.00      699.00        0.00
     0     0      113.00      699.00        0.00
     0     0      116.00      700.00        0.00
     0     0      121.00      700.00        0.00
     0     0      125.00      700.00        0.00
     0     0      130.00      700.00        0.00
     0     0      136.00      700.00        0.00
     0     0      140.00      700.00        0.00
     0     0      145.00      700.00        0.00
     0     0      149.00      700.00        0.00
     0     0      154.00      701.00        0.00
     0     0      158.00      701.00        0.00
     0     0      162.00      701.00        0.00
     0     0      166.00      701.00        0.00
     0     0      170.00      701.00        0.00
     0     0      175.00      701.00        0.00
     0     0      181.00      701.00        0.00
     0     0      184.00      702.00        0.00
     0     0      188.00      702.00        0.00
     0     0      192.00      702.00        0.00
     0     0      196.00      702.00        0.00
     0     0      200.00      703.00        0.00
     0     0      206.00      703.00        0.00
     0     0      210.00      703.00        0.00
     0     0      213.00      704.00        0.00
     0     0      217.00      704.00        0.00
     0     0      223.00      704.00        0.00
     0     0      228.00      704.00        0.00
     0     0      234.00      704.00        0.00
     0     0      240.00      703.00        0.00
     0     0      244.00      702.00        0.00
     0     0      248.00      702.00        0.00
     0     0      251.00      703.00        0.00
     0     0      255.00      703.00        0.00
     0     0      260.00      703.00        0.00
     0     0      264.00      703.00        0.00
     0     0      267.00      704.00        0.00
     0     0      271.00      704.00        0.00
     0     0      275.00      704.00        0.00
     0     0      278.00      705.00        0.00
     0     0      282.00      705.00        0.00
     0     0      286.00      705.00        0.00
     0     0      290.00      706.00        0.00
     0     0      294.00      706.00        0.00
     0     0      298.00      707.00        0.00
     0     0      302.00      707.00        0.00
     0     0      305.00      708.00        0.00
     0     0      309.00      708.00        0.00
     0     0      313.00      708.00        0.00
     0     0      317.00      708.00        0.00
     0     0      321.00      708.00        0.00
     0     0      325.00      708.00        0.00
     0     0      329.00      708.00        0.00
     0     0      332.00      707.00        0.00
     0     0      335.00      706.00        0.00
     0     0      338.00      705.00        0.00
     0     0      341.00      704.00        0.00
     0     0      344.00      703.00        0.00
     0     0      348.00      703.00        0.00
     0     0      351.00      702.00        0.00
     0     0      354.00      701.00        0.00
     0     0      357.00      700.00        0.00
     0     0      361.00      699.00        0.00
     0     0      365.00      699.00        0.00
     0     0      368.00      698.00        0.00
     0     0      372.00      697.00        0.00
     0     0      376.00      697.00        0.00
     0     0      379.00      696.00        0.00
     0     0      382.00      695.00        0.00
     0     0      385.00      694.00        0.00
     0     0      389.00      694.00        0.00
     0     0      392.00      693.00        0.00
     0     0      396.00      692.00        0.00
     0     0      400.00      691.00        0.00
     0     0      405.00      691.00        0.00
     0     0      408.00      690.00        0.00
     0     0      411.00      689.00        0.00
     0     0      414.00      687.00        0.00
     0     0      417.00      686.00        0.00
     0     0      420.00      685.00        0.00
     0     0      424.00      683.00        0.00
     0     0      428.00      680.00        0.00
     0     0      431.00      679.00        0.00
     0     0      434.00      676.00        0.00
     0     0      437.00      674.00        0.00
     0     0      440.00      671.00        0.00
     0     0      443.00      669.00        0.00
     0     0      446.00      667.00        0.00
     0     0      449.00      665.00        0.00
     0     0      452.00      664.00        0.00
     0     0      455.00      662.00        0.00
     0     0      458.00      661.00        0.00
     0     0      461.00      659.00        0.00
     0     0      464.00      657.00        0.00
     0     0      468.00      656.00        0.00
     0     0      471.00      655.00        0.00
     0     0      475.00      655.00        0.00
     0     0      479.00      654.00        0.00
     0     0      482.00      653.00        0.00
     0     0      485.00      652.00        0.00
     0     0      488.00      651.00        0.00
     0     0      491.00      650.00        0.00
     0     0      494.00      648.00        0.00
     0     0      497.00      646.00        0.00
     0     0      500.00      645.00        0.00
     0     0      503.00      643.00        0.00
     0     0      507.00      641.00        0.00
     0     0      511.00      639.00        0.00
     0     0      514.00      637.00        0.00
     0     0      517.00      635.00        0.00
     0     0      520.00      634.00        0.00
     0     0      523.00      633.00        0.00
     0     0      526.00      631.00        0.00
     0     0      529.00      629.00        0.00
     0     0      532.00      626.00        0.00
     0     0      535.00      624.00        0.00
     0     0      538.00      622.00        0.00
     0     0      541.00      621.00        0.00
     0     0      544.00      620.00        0.00
     0     0      547.00      619.00        0.00
     0     0      550.00      620.00        0.00
     0     0      573.00      605.00        0.00
     0     0      577.00      605.00        0.00
     0     0      581.00      605.00        0.00
     0     0      585.00      604.00        0.00
     0     0      588.00      602.00        0.00
     0     0      591.00      600.00        0.00
     0     0      594.00      599.00        0.00
     0     0      597.00      597.00        0.00
     0     0      600.00      595.00        0.00
     0     0      603.00      594.00        0.00
     0     0      606.00      592.00        0.00
     0     0      610.00      591.00        0.00
     0     0      613.00      589.00        0.00
     0     0      616.00      588.00        0.00
     0     0      621.00      587.00        0.00
     0     0      624.00      586.00        0.00
     0     0      628.00      584.00        0.00
     0     0      633.00      583.00        0.00
     0     0      636.00      582.00        0.00
     0     0      639.00      581.00        0.00
     0     0      642.00      580.00        0.00
     0     0      646.00      578.00        0.00
     0     0      649.00      576.00        0.00
     0     0      652.00      574.00        0.00
     0     0      655.00      573.00        0.00
     0     0      658.00      569.00        0.00
     0     0      661.00      568.00        0.00
     0     0      663.00      565.00        0.00
     0     0      666.00      564.00        0.00
     0     0      669.00      562.00        0.00
     0     0      672.00      560.00        0.00
     0     0      676.00      557.00        0.00
     0     0      679.00      555.00        0.00
     0     0      682.00      553.00        0.00
     0     0      686.00      551.00        0.00
     0     0      689.00      550.00        0.00
     0     0      692.00      548.00        0.00
     0     0      695.00      547.00        0.00
     0     0      698.00      546.00        0.00
     0     0      701.00      545.00        0.00
     0     0      704.00      544.00        0.00
     0     0      707.00      543.00        0.00
     0     0      710.00      542.00        0.00
     0     0      714.00      542.00        0.00
     0     0      717.00      541.00        0.00
     0     0      721.00      539.00        0.00
     0     0      725.00      538.00        0.00
     0     0      728.00      536.00        0.00
     0     0      731.00      535.00        0.00
     0     0      736.00      533.00        0.00
     0     0      739.00      531.00        0.00
     0     0      743.00      530.00        0.00
     0     0      747.00      529.00        0.00
     0     0      751.00      527.00        0.00
     0     0      755.00      527.00        0.00
     0     0      758.00      526.00        0.00
     0     0      761.00      525.00        0.00
     0     0      764.00      523.00        0.00
     0     0      768.00      522.00        0.00
     0     0      772.00      521.00        0.00
     0     0      778.00      519.00        0.00
     0     0      782.00      518.00        0.00
     0     0      786.00      517.00        0.00
     0     0      790.00      517.00        0.00
     0     0      794.00      516.00        0.00
     0     0      798.00      515.00        0.00
     0     0      801.00      513.00        0.00
     0     0      804.00      512.00        0.00
     0     0      807.00      511.00        0.00
     0     0      810.00      509.00        0.00
     0     0      814.00      507.00        0.00
     0     0      818.00      505.00        0.00
     0     0      822.00      503.00        0.00
     0     0      825.00      501.00        0.00
     0     0      829.00      499.00        0.00
     0     0      836.00      496.00        0.00
     0     0      843.00      494.00        0.00
     0     0      850.00      491.00        0.00
     0     0      854.00      489.00        0.00
     0     0      857.00      488.00        0.00
     0     0      861.00      488.00        0.00
     0     0      865.00      488.00        0.00
     0     0      870.00      488.00        0.00
     0     0      878.00      486.00        0.00
     0     0      885.00      484.00        0.00
     0     0      893.00      482.00        0.00
     0     0      899.00      480.00        0.00
     0     0      903.00      479.00        0.00
     0     0      906.00      478.00        0.00
     0     0      911.00      478.00        0.00
     0     0      914.00      477.00        0.00
     0     0      919.00      476.00        0.00
     0     0      925.00      474.00        0.00
     0     0      930.00      473.00        0.00
     0     0      935.00      472.00        0.00
     0     0      938.00      471.00        0.00
     0     0      945.00      470.00        0.00
     0     0      953.00      468.00        0.00
     0     0      962.00      465.00        0.00
     0     0      966.00      463.00        0.00
     0     0      969.00      462.00        0.00
     0     0      974.00      462.00        0.00
     0     0      978.00      461.00        0.00
     0     0      983.00      460.00        0.00
     0     0      989.00      458.00        0.00
     0     0      993.00      457.00        0.00
     0     0      997.00      456.00        0.00
     0     0     1001.00      456.00        0.00
     0     0     1005.00      455.00        0.00
     0     0     1009.00      454.00        0.00
     0     0     1012.00      453.00        0.00
     0     0     1015.00      452.00        0.00
     0     0     1018.00      450.00        0.00
     0     0     1024.00      447.00        0.00
     0     0     1032.00      445.00        0.00
     0     0     1043.00      440.00        0.00
     0     0     1050.00      438.00        0.00
     0     0     1054.00      436.00        0.00
     0     0     1057.00      435.00        0.00
     0     0     1061.00      434.00        0.00
     0     0     1064.00      433.00        0.00
     0     0     1067.00      432.00        0.00
     0     0     1070.00      430.00        0.00
     0     0     1074.00      429.00        0.00
     0     0     1078.00      427.00        0.00
     0     0     1083.00      426.00        0.00
     0     0     1088.00      425.00        0.00
     0     0     1091.00      424.00        0.00
     0     0     1094.00      423.00        0.00
     0     0     1099.00      423.00        0.00
     0     0     1104.00      423.00        0.00
     0     0     1108.00      423.00        0.00
     0     0     1112.00      423.00        0.00
     0     0     1118.00      423.00        0.00
     0     0     1124.00      423.00        0.00
     0     0     1128.00      423.00        0.00
     0     0     1134.00      423.00        0.00
     0     0     1140.00      422.00        0.00
     0     0     1145.00      422.00        0.00
     0     0     1150.00      422.00        0.00
     0     0     1154.00      422.00        0.00
     0     0     1158.00      422.00        0.00
     0     0     1163.00      422.00        0.00
     0     0     1167.00      422.00        0.00
     0     0     1171.00      422.00        0.00
     0     0     1176.00      422.00        0.00
     0     0     1179.00      423.00        0.00
     0     0     1184.00      423.00        0.00
     0     0     1188.00      423.00        0.00
     0     0     1192.00      423.00        0.00
     0     0     1196.00      422.00        0.00
     0     0     1200.00      422.00        0.00
     0     0     1204.00      422.00        0.00
     0     0     1209.00      421.00        0.00
     0     0     1213.00      421.00        0.00
     0     0     1218.00      421.00        0.00
     0     0     1222.00      421.00        0.00
     0     0     1226.00      421.00        0.00
     0     0     1231.00      421.00        0.00
     0     0     1235.00      421.00        0.00
     0     0     1240.00      421.00        0.00
     0     0     1244.00      421.00        0.00
     0     0     1249.00      421.00        0.00
     0     0     1253.00      421.00        0.00
     0     0     1257.00      421.00        0.00
     0     0     1262.00      421.00        0.00
     0     0     1265.00      422.00        0.00
     0     0     1268.00      423.00        0.00
     0     0     1272.00      423.00        0.00
     0     0     1276.00      423.00        0.00
     0     0     1280.00      423.00        0.00
     0     0     1283.00      422.00        0.00
     0     0     1300.00      429.00        0.00
     0     0     1304.00      429.00        0.00
     0     0     1308.00      428.00        0.00
     0     0     1311.00      427.00        0.00
     0     0     1314.00      425.00        0.00
     0     0     1318.00      423.00        0.00
     0     0     1321.00      422.00        0.00
     0     0     1325.00      421.00        0.00
     0     0     1328.00      420.00        0.00
     0     0     1332.00      419.00        0.00
     0     0     1335.00      418.00        0.00
     0     0     1339.00      417.00        0.00
     0     0     1343.00      417.00        0.00
     0     0     1346.00      416.00        0.00
     0     0     1350.00      415.00        0.00
     0     0     1354.00      414.00        0.00
     0     0     1359.00      413.00        0.00
     0     0     1363.00      412.00        0.00
     0     0     1367.00      411.00        0.00
     0     0     1371.00      411.00        0.00
     0     0     1374.00      412.00        0.00
     0     0     1374.00      416.00        0.00
     0     0     1374.00      421.00        0.00
     0     0     1375.00      424.00        0.00
     0     0     1377.00      427.00        0.00
     0     0     1378.00      430.00        0.00
     0     0     1378.00      434.00        0.00
     0     0     1379.00      438.00        0.00
     0     0     1380.00      443.00        0.00
     0     0     1381.00      448.00        0.00
     0     0     1381.00      452.00        0.00
     0     0     1381.00      456.00        0.00
     0     0     1382.00      459.00        0.00
     0     0     1383.00      462.00        0.00
     0     0     1384.00      465.00        0.00
     0     0     1384.00      469.00        0.00
     0     0     1385.00      472.00        0.00
     0     0     1386.00      475.00        0.00
     0     0     1386.00      479.00        0.00
     0     0     1386.00      483.00        0.00
     0     0     1386.00      487.00        0.00
     0     0     1386.00      491.00        0.00
     0     0     1385.00      495.00        0.00
     0     0     1385.00      499.00        0.00
     0     0     1384.00      503.00        0.00
     0     0     1384.00      508.00        0.00
     0     0     1383.00      512.00        0.00
     0     0     1382.00      516.00        0.00
     0     0     1381.00      522.00        0.00
     0     0     1381.00      527.00        0.00
     0     0     1381.00      532.00        0.00
     0     0     1381.00      536.00        0.00
     0     0     1381.00      540.00        0.00
     0     0     1381.00      545.00        0.00
     0     0     1381.00      550.00        0.00
     0     0     1381.00      554.00        0.00
     0     0     1381.00      558.00        0.00
     0     0     1382.00      561.00        0.00
     0     0     1382.00      565.00        0.00
     0     0     1381.00      568.00        0.00
     0     0     1381.00      572.00        0.00
     0     0     1380.00      575.00        0.00
     0     0     1379.00      578.00        0.00
     0     0     1377.00      581.00        0.00
     0     0     1376.00      584.00        0.00
     0     0     1375.00      588.00        0.00
     0     0     1374.00      591.00        0.00
     0     0     1373.00      595.00        0.00
     0     0     1372.00      598.00        0.00
     0     0     1372.00      602.00        0.00
     0     0     1371.00      606.00        0.00
     0     0     1371.00      610.00        0.00
     0     0     1370.00      613.00        0.00
     0     0     1369.00      616.00        0.00
     0     0     1367.00      619.00        0.00
     0     0     1366.00      622.00        0.00
     0     0     1363.00      624.00        0.00
     0     0     1360.00      628.00        0.00
     0     0     1358.00      631.00        0.00
     0     0     1356.00      634.00        0.00
     0     0     1353.00      637.00        0.00
     0     0     1349.00      641.00        0.00
     0     0     1345.00      644.00        0.00
     0     0     1341.00      648.00        0.00
     0     0     1338.00      650.00        0.00
     0     0     1335.00      653.00        0.00
     0     0     1331.00      655.00        0.00
     0     0     1328.00      658.00        0.00
     0     0     1323.00      661.00        0.00
     0     0     1320.00      663.00        0.00
     0     0     1316.00      665.00        0.00
     0     0     1313.00      667.00        0.00
     0     0     1308.00      669.00        0.00
     0     0     1305.00      671.00        0.00
     0     0     1301.00      673.00        0.00
     0     0     1296.00      675.00        0.00
     0     0     1291.00      677.00        0.00
     0     0     1286.00      678.00        0.00
     0     0     1281.00      679.00        0.00
     0     0     1275.00      680.00        0.00
     0     0     1269.00      680.00        0.00
     0     0     1264.00      680.00        0.00
     0     0     1261.00      681.00        0.00
     0     0     1255.00      682.00        0.00
     0     0     1251.00      683.00        0.00
     0     0     1246.00      684.00        0.00
     0     0     1241.00      684.00        0.00
     0     0     1235.00      684.00        0.00
     0     0     1230.00      683.00        0.00
     0     0     1226.00      682.00        0.00
     0     0     1222.00      680.00        0.00
     0     0     1216.00      677.00        0.00
     0     0     1212.00      675.00        0.00
     0     0     1209.00      673.00        0.00
     0     0     1205.00      669.00        0.00
     0     0     1202.00      667.00        0.00
     0     0     1197.00      663.00        0.00
     0     0     1195.00      660.00        0.00
     0     0     1193.00      656.00        0.00
     0     0     1191.00      652.00        0.00
     0     0     1188.00      649.00        0.00
     0     0     1186.00      646.00        0.00
     0     0     1183.00      643.00        0.00
     0     0     1180.00      640.00        0.00
     0     0     1177.00      637.00        0.00
     0     0     1174.00      635.00        0.00
     0     0     1172.00      632.00        0.00
     0     0     1169.00      630.00        0.00
     0     0     1166.00      627.00        0.00
     0     0     1163.00      625.00        0.00
     0     0     1160.00      623.00        0.00
     0     0     1157.00      622.00        0.00
     0     0     1154.00      620.00        0.00
     0     0     1151.00      619.00        0.00
     0     0     1147.00      618.00        0.00
     0     0     1143.00      616.00        0.00
     0     0     1139.00      615.00        0.00
     0     0     1136.00      613.00        0.00
     0     0     1132.00      612.00        0.00
     0     0     1127.00      610.00        0.00
     0     0     1123.00      610.00        0.00
     0     0     1117.00      609.00        0.00
     0     0     1112.00      608.00        0.00
     0     0     1107.00      607.00        0.00
     0     0     1101.00      607.00        0.00
     0     0     1096.00      606.00        0.00
     0     0     1089.00      605.00        0.00
     0     0     1085.00      604.00        0.00
     0     0     1080.00      603.00        0.00
     0     0     1076.00      602.00        0.00
     0     0     1072.00      602.00        0.00
     0     0     1066.00      602.00        0.00
     0     0     1060.00      602.00        0.00
     0     0     1055.00      603.00        0.00
     0     0     1051.00      603.00        0.00
     0     0     1047.00      604.00        0.00
     0     0     1042.00      605.00        0.00
     0     0     1038.00      606.00        0.00
     0     0     1035.00      607.00        0.00
     0     0     1032.00      608.00        0.00
     0     0     1027.00      608.00        0.00
     0     0     1024.00      609.00        0.00
     0     0     1021.00      610.00        0.00
     0     0     1016.00      611.00        0.00
     0     0     1011.00      612.00        0.00
     0     0     1006.00      613.00        0.00
     0     0     1003.00      615.00        0.00
     0     0      999.00      617.00        0.00
     0     0      996.00      620.00        0.00
     0     0      993.00      622.00        0.00
     0     0      991.00      625.00        0.00
     0     0      988.00      628.00        0.00
     0     0      986.00      631.00        0.00
     0     0      983.00      636.00        0.00
     0     0      980.00      639.00        0.00
     0     0      978.00      643.00        0.00
     0     0      976.00      646.00        0.00
     0     0      973.00      647.00        0.00
     0     0      970.00      648.00        0.00
     0     0      966.00      649.00        0.00
     0     0      960.00      650.00        0.00
     0     0      957.00      651.00        0.00
     0     0      953.00      651.00        0.00
     0     0      949.00      652.00        0.00
     0     0      946.00      653.00        0.00
     0     0      917.00      659.00        0.00
     0     0      916.00      662.00        0.00
     0     0      913.00      663.00        0.00
     0     0      909.00      664.00        0.00
     0     0      906.00      665.00        0.00
     0     0      903.00      666.00        0.00
     0     0      900.00      668.00        0.00
     0     0      896.00      670.00        0.00
     0     0      893.00      672.00        0.00
     0     0      887.00      674.00        0.00
     0     0      884.00      675.00        0.00
     0     0      880.00      677.00        0.00
     0     0      876.00      678.00        0.00
     0     0      873.00      679.00        0.00
     0     0      869.00      680.00        0.00
     0     0      866.00      681.00        0.00
     0     0      862.00      682.00        0.00
     0     0      859.00      683.00        0.00
     0     0      855.00      684.00        0.00
     0     0      852.00      685.00        0.00
     0     0      848.00      686.00        0.00
     0     0      844.00      688.00        0.00
     0     0      840.00      690.00        0.00
     0     0      837.00      691.00        0.00
     0     0      832.00      692.00        0.00
     0     0      829.00      693.00        0.00
     0     0      825.00      695.00        0.00
     0     0      821.00      697.00        0.00
     0     0      818.00      699.00        0.00
     0     0      814.00      701.00        0.00
     0     0      811.00      702.00        0.00
     0     0      808.00      704.00        0.00
     0     0      805.00      705.00        0.00
     0     0      801.00      707.00        0.00
     0     0      797.00      709.00        0.00
     0     0      794.00      710.00        0.00
     0     0      790.00      711.00        0.00
     0     0      787.00      712.00        0.00
     0     0      783.00      712.00        0.00
     0     0      780.00      713.00        0.00
     0     0      777.00      714.00        0.00
     0     0      773.00      715.00        0.00
     0     0      770.00      716.00        0.00
     0     0      767.00      718.00        0.00
     0     0      764.00      719.00        0.00
     0     0      760.00      721.00        0.00
     0     0      754.00      722.00        0.00
     0     0      749.00      724.00        0.00
     0     0      744.00      726.00        0.00
     0     0      740.00      728.00        0.00
     0     0      735.00      730.00        0.00
     0     0      731.00      733.00        0.00
     0     0      728.00      734.00        0.00
     0     0      725.00      736.00        0.00
     0     0      722.00      738.00        0.00
     0     0      719.00      739.00        0.00
     0     0      715.00      742.00        0.00
     0     0      712.00      744.00        0.00
     0     0      706.00      747.00        0.00
     0     0      703.00      748.00        0.00
     0     0      699.00      750.00        0.00
     0     0      695.00      753.00        0.00
     0     0      692.00      755.00        0.00
     0     0      689.00      757.00        0.00
     0     0      686.00      759.00        0.00
     0     0      682.00      761.00        0.00
     0     0      678.00      762.00        0.00
     0     0      675.00      763.00        0.00
     0     0      670.00      765.00        0.00
     0     0      666.00      766.00        0.00
     0     0      660.00      767.00        0.00
     0     0      657.00      768.00        0.00
     0     0      652.00      769.00        0.00
     0     0      648.00      771.00        0.00
     0     0      644.00      772.00        0.00
     0     0      641.00      774.00        0.00
     0     0      638.00      775.00        0.00
     0     0      633.00      777.00        0.00
     0     0      630.00      779.00        0.00
     0     0      627.00      781.00        0.00
     0     0      623.00      783.00        0.00
     0     0      619.00      784.00        0.00
     0     0      616.00      785.00        0.00
     0     0      612.00      787.00        0.00
     0     0      609.00      789.00        0.00
     0     0      606.00      791.00        0.00
     0     0      602.00      794.00        0.00
     0     0      599.00      796.00        0.00
     0     0      596.00      798.00        0.00
     0     0      593.00      800.00        0.00
     0     0      590.00      803.00        0.00
     0     0      586.00      805.00        0.00
     0     0      583.00      807.00        0.00
     0     0      580.00      808.00        0.00
     0     0      576.00      810.00        0.00
     0     0      573.00      811.00        0.00
     0     0      569.00      813.00        0.00
     0     0      566.00      815.00        0.00
     0     0      563.00      817.00        0.00
     0     0      559.00      820.00        0.00
     0     0      556.00      822.00        0.00
     0     0      553.00      824.00        0.00
     0     0      550.00      825.00        0.00
     0     0      547.00      826.00        0.00
     0     0      544.00      828.00        0.00
     0     0      541.00      829.00        0.00
     0     0      537.00      831.00        0.00
     0     0      534.00      833.00        0.00
     0     0      531.00      834.00        0.00
     0     0      528.00      836.00        0.00
     0     0      524.00      837.00        0.00
     0     0      521.00      839.00        0.00
     0     0      518.00      840.00        0.00
     0     0      515.00      841.00        0.00
     0     0      512.00      842.00        0.00
     0     0      509.00      843.00        0.00
     0     0      505.00      845.00        0.00
     0     0      502.00      846.00        0.00
     0     0      498.00      848.00        0.00
     0     0      495.00      849.00        0.00
     0     0      492.00      851.00        0.00
     0     0      489.00      852.00        0.00
     0     0      486.00      853.00        0.00
     0     0      481.00      854.00        0.00
     0     0      478.00      855.00        0.00
     0     0      474.00      857.00        0.00
     0     0      470.00      860.00        0.00
     0     0      466.00      863.00        0.00
     0     0      462.00      865.00        0.00
     0     0      458.00      867.00        0.00
     0     0      455.00      868.00        0.00
     0     0      452.00      870.00        0.00
     0     0      448.00      872.00        0.00
     0     0      445.00      874.00        0.00
     0     0      441.00      876.00        0.00
     0     0      438.00      878.00        0.00
     0     0      435.00      879.00        0.00
     0     0      432.00      880.00        0.00
     0     0      427.00      881.00        0.00
     0     0      424.00      882.00        0.00
     0     0      421.00      883.00        0.00
     0     0      418.00      884.00        0.00
     0     0      415.00      885.00        0.00
     0     1     1375.00      181.00        0.00
     0     1     1373.00      184.00        0.00
     0     1     1370.00      186.00        0.00
     0     1     1366.00      188.00        0.00
     0     1     1360.00      192.00        0.00
     0     1     1355.00      194.00        0.00
     0     1     1351.00      196.00        0.00
     0     1     1346.00      200.00        0.00
     0     1     1342.00      204.00        0.00
     0     1     1338.00      208.00        0.00
     0     1     1335.00      210.00        0.00
     0     1     1332.00      213.00        0.00
     0     1     1329.00      215.00        0.00
     0     1     1325.00      218.00        0.00
     0     1     1321.00      220.00        0.00
     0     1     1318.00      222.00        0.00
     0     1     1314.00      225.00        0.00
     0     1     1310.00      228.00        0.00
     0     1     1307.00      231.00        0.00
     0     1     1304.00      233.00        0.00
     0     1     1301.00      235.00        0.00
     0     1     1296.00      238.00        0.00
     0     1     1291.00      240.00        0.00
     0     1     1287.00      244.00        0.00
     0     1     1282.00      246.00        0.00
     0     1     1277.00      249.00        0.00
     0     1     1272.00      251.00        0.00
     0     1     1269.00      253.00        0.00
     0     1     1265.00      255.00        0.00
     0     1     1260.00      257.00        0.00
     0     1     1257.00      259.00        0.00
     0     1     1254.00      260.00        0.00
     0     1     1251.00      263.00        0.00
     0     1     1248.00      265.00        0.00
     0     1     1244.00      267.00        0.00
     0     1     1241.00      269.00        0.00
     0     1     1238.00      271.00        0.00
     0     1     1234.00      274.00        0.00
     0     1     1231.00      276.00        0.00
     0     1     1228.00      278.00        0.00
     0     1     1224.00      280.00        0.00
     0     1     1221.00      282.00        0.00
     0     1     1217.00      285.00        0.00
     0     1     1214.00      287.00        0.00
     0     1     1211.00      289.00        0.00
     0     1     1208.00      291.00        0.00
     0     1     1204.00      293.00        0.00
     0     1     1200.00      294.00        0.00
     0     1     1197.00      296.00        0.00
     0     1     1194.00      297.00        0.00
     0     1     1191.00      298.00        0.00
     0     1     1188.00      300.00        0.00
     0     1     1185.00      303.00        0.00
     0     1     1183.00      306.00        0.00
     0     1     1180.00      308.00        0.00
     0     1     1177.00      310.00        0.00
     0     1     1173.00      314.00        0.00
     0     1     1171.00      317.00        0.00
     0     1     1168.00      320.00        0.00
     0     1     1165.00      323.00        0.00
     0     1     1162.00      325.00        0.00
     0     1     1159.00      328.00        0.00
     0     1     1156.00      330.00        0.00
     0     1     1152.00      332.00        0.00
     0     1     1149.00      334.00        0.00
     0     1     1146.00      336.00        0.00
     0     1     1141.00      339.00        0.00
     0     1     1138.00      342.00        0.00
     0     1     1135.00      344.00        0.00
     0     1     1132.00      345.00        0.00
     0     1     1129.00      348.00        0.00
     0     1     1126.00      350.00        0.00
     0     1     1123.00      354.00        0.00
     0     1     1120.00      356.00        0.00
     0     1     1117.00      359.00        0.00
     0     1     1114.00      361.00        0.00
     0     1     1111.00      363.00        0.00
     0     1     1107.00      365.00        0.00
     0     1     1104.00      366.00        0.00
     0     1     1101.00      367.00        0.00
     0     1     1098.00      369.00        0.00
     0     1     1095.00      371.00        0.00
     0     1     1092.00      373.00        0.00
     0     1     1089.00      375.00        0.00
     0     1     1086.00      377.00        0.00
     0     1     1083.00      379.00        0.00
     0     1     1080.00      382.00        0.00
     0     1     1077.00      384.00        0.00
     0     1     1073.00      387.00        0.00
     0     1     1069.00      388.00        0.00
     0     1     1066.00      390.00        0.00
     0     1     1063.00      391.00        0.00
     0     1     1060.00      392.00        0.00
     0     1     1057.00      394.00        0.00
     0     1     1053.00      395.00        0.00
     0     1     1050.00      397.00        0.00
     0     1     1047.00      399.00        0.00
     0     1     1044.00      402.00        0.00
     0     1     1041.00      403.00        0.00
     0     1     1038.00      404.00        0.00
     0     1     1034.00      405.00        0.00
     0     1     1031.00      406.00        0.00
     0     1     1028.00      407.00        0.00
     0     1     1025.00      408.00        0.00
     0     1     1021.00      409.00        0.00
     0     1     1017.00      409.00        0.00
     0     1     1012.00      410.00        0.00
     0     1     1008.00      410.00        0.00
     0     1     1005.00      413.00        0.00
     0     1     1002.00      415.00        0.00
     0     1      985.00      425.00        0.00
     0     1      982.00      426.00        0.00
     0     1      979.00      428.00        0.00
     0     1      976.00      430.00        0.00
     0     1      973.00      432.00        0.00
     0     1      969.00      433.00        0.00
     0     1      965.00      434.00        0.00
     0     1      962.00      435.00        0.00
     0     1      958.00      436.00        0.00
     0     1      955.00      437.00        0.00
     0     1      952.00      438.00        0.00
     0     1      949.00      439.00        0.00
     0     1      945.00      439.00        0.00
     0     1      942.00      440.00        0.00
     0     1      938.00      440.00        0.00
     0     1      934.00      440.00        0.00
     0     1      930.00      440.00        0.00
     0     1      926.00      440.00        0.00
     0     1      922.00      440.00        0.00
     0     1      919.00      441.00        0.00
     0     1      916.00      442.00        0.00
     0     1      912.00      443.00        0.00
     0     1      908.00      443.00        0.00
     0     1      905.00      445.00        0.00
     0     1      902.00      446.00        0.00
     0     1      899.00      447.00        0.00
     0     1      896.00      448.00        0.00
     0     1      893.00      449.00        0.00
     0     1      890.00      450.00        0.00
     0     1      886.00      450.00        0.00
     0     1      881.00      450.00        0.00
     0     1      877.00      450.00        0.00
     0     1      873.00      450.00        0.00
     0     1      870.00      449.00        0.00
     0     1      867.00      448.00        0.00
     0     1      863.00      448.00        0.00
     0     1      859.00      448.00        0.00
     0     1      855.00      448.00        0.00
     0     1      852.00      449.00        0.00
     0     1      849.00      450.00        0.00
     0     1      846.00      451.00        0.00
     0     1      843.00      453.00        0.00
     0     1      839.00      455.00        0.00
     0     1      835.00      457.00        0.00
     0     1      831.00      458.00        0.00
     0     1      828.00      459.00        0.00
     0     1      825.00      460.00        0.00
     0     1      822.00      461.00        0.00
     0     1      819.00      462.00        0.00
     0     1      816.00      463.00        0.00
     0     1      813.00      464.00        0.00
     0     1      810.00      465.00        0.00
     0     1      807.00      466.00        0.00
     0     1      804.00      467.00        0.00
     0     1      801.00      468.00        0.00
     0     1      797.00      469.00        0.00
     0     1      793.00      470.00        0.00
     0     1      789.00      470.00        0.00
     0     1      786.00      471.00        0.00
     0     1      782.00      472.00        0.00
     0     1      778.00      473.00        0.00
     0     1      774.00      473.00        0.00
     0     1      771.00      474.00        0.00
     0     1      768.00      475.00        0.00
     0     1      765.00      477.00        0.00
     0     1      762.00      478.00        0.00
     0     1      759.00      479.00        0.00
     0     1      756.00      481.00        0.00
     0     1      753.00      482.00        0.00
     0     1      750.00      483.00        0.00
     0     1      747.00      484.00        0.00
     0     1      744.00      486.00        0.00
     0     1      740.00      488.00        0.00
     0     1      737.00      489.00        0.00
     0     1      734.00      490.00        0.00
     0     1      731.00      491.00        0.00
     0     1      727.00      492.00        0.00
     0     1      724.00      494.00        0.00
     0     1      721.00      495.00        0.00
     0     1      718.00      496.00        0.00
     0     1      715.00      497.00        0.00
     0     1      711.00      497.00        0.00
     0     1      708.00      498.00        0.00
     0     1      705.00      499.00        0.00
     0     1      701.00      499.00        0.00
     0     1      698.00      500.00        0.00
     0     1      695.00      501.00        0.00
     0     1      692.00      503.00        0.00
     0     1      689.00      504.00        0.00
     0     1      686.00      506.00        0.00
     0     1      683.00      509.00        0.00
     0     1      680.00      512.00        0.00
     0     1      679.00      515.00        0.00
     0     1      676.00      518.00        0.00
     0     1      673.00      520.00        0.00
     0     1      669.00      522.00        0.00
     0     1      666.00      524.00        0.00
     0     1      663.00      525.00        0.00
     0     1      660.00      527.00        0.00
     0     1      657.00      528.00        0.00
     0     1      654.00      530.00        0.00
     0     1      651.00      532.00        0.00
     0     1      649.00      535.00        0.00
     0     1      646.00      536.00        0.00
     0     1      643.00      537.00        0.00
     0     1      613.00      547.00        0.00
     0     1      610.00      549.00        0.00
     0     1      607.00      552.00        0.00
     0     1      604.00      554.00        0.00
     0     1      601.00      555.00        0.00
     0     1      598.00      557.00        0.00
     0     1      595.00      559.00        0.00
     0     1      592.00      560.00        0.00
     0     1      589.00      563.00        0.00
     0     1      586.00      565.00        0.00
     0     1      583.00      566.00        0.00
     0     1      580.00      568.00        0.00
     0     1      577.00      569.00        0.00
     0     1      574.00      571.00        0.00
     0     1      571.00      572.00        0.00
     0     1      568.00      573.00        0.00
     0     1      565.00      574.00        0.00
     0     1      562.00      577.00        0.00
     0     1      559.00      580.00        0.00
     0     1      556.00      582.00        0.00
     0     1      553.00      584.00        0.00
     0     1      550.00      586.00        0.00
     0     1      546.00      588.00        0.00
     0     1      543.00      590.00        0.00
     0     1      540.00      592.00        0.00
     0     1      537.00      594.00        0.00
     0     1      534.00      597.00        0.00
     0     1      531.00      598.00        0.00
     0     1      528.00      599.00        0.00
     0     1      525.00      600.00        0.00
     0     1      522.00      601.00        0.00
     0     1      519.00      603.00        0.00
     0     1      516.00      604.00        0.00
     0     1      512.00      605.00        0.00
     0     1      509.00      606.00        0.00
     0     1      506.00      607.00        0.00
     0     1      503.00      609.00        0.00
     0     1      500.00      611.00        0.00
     0     1      496.00      613.00        0.00
     0     1      493.00      614.00        0.00
     0     1      490.00      615.00        0.00
     0     1      486.00      616.00        0.00
     0     1      482.00      616.00        0.00
     0     1      478.00      617.00        0.00
     0     1      475.00      618.00        0.00
     0     1      471.00      620.00        0.00
     0     1      468.00      621.00        0.00
     0     1      465.00      622.00        0.00
     0     1      462.00      624.00        0.00
     0     1      459.00      626.00        0.00
     0     1      456.00      628.00        0.00
     0     1      453.00      629.00        0.00
     0     1      450.00      631.00        0.00
     0     1      447.00      633.00        0.00
     0     1      444.00      635.00        0.00
     0     1      440.00      637.00        0.00
     0     1      436.00      638.00        0.00
     0     1      433.00      639.00        0.00
     0     1      429.00      640.00        0.00
     0     1      426.00      641.00        0.00
     0     1      423.00      642.00        0.00
     0     1      420.00      643.00        0.00
     0     1      415.00      643.00        0.00
     0     1      411.00      645.00        0.00
     0     1      408.00      646.00        0.00
     0     1      405.00      647.00        0.00
     0     1      402.00      648.00        0.00
     0     1      399.00      649.00        0.00
     0     1      395.00      650.00        0.00
     0     1      391.00      650.00        0.00
     0     1      388.00      651.00        0.00
     0     1      384.00      651.00        0.00
     0     1      380.00      651.00        0.00
     0     1      377.00      652.00        0.00
     0     1      373.00      652.00        0.00
     0     1      369.00      652.00        0.00
     0     1      366.00      653.00        0.00
     0     1      346.00      640.00        0.00
     0     1      341.00      635.00        0.00
     0     1      339.00      632.00        0.00
     0     1      337.00      629.00        0.00
     0     1      335.00      626.00        0.00
     0     1      333.00      622.00        0.00
     0     1      331.00      619.00        0.00
     0     1      330.00      616.00        0.00
     0     1      329.00      613.00        0.00
     0     1      328.00      610.00        0.00
     0     1      327.00      607.00        0.00
     0     1      326.00      603.00        0.00
     0     1      325.00      600.00        0.00
     0     1      324.00      596.00        0.00
     0     1      323.00      593.00        0.00
     0     1      322.00      590.00        0.00
     0     1      321.00      585.00        0.00
     0     1      320.00      580.00        0.00
     0     1      320.00      576.00        0.00
     0     1      320.00      572.00        0.00
     0     1      321.00      569.00        0.00
     0     1      322.00      566.00        0.00
     0     1      324.00      563.00        0.00
     0     1      326.00      560.00        0.00
     0     1      327.00      557.00        0.00
     0     1      330.00      553.00        0.00
     0     1      332.00      550.00        0.00
     0     1      335.00      547.00        0.00
     0     1      336.00      544.00        0.00
     0     1      338.00      541.00        0.00
     0     1      341.00      539.00        0.00
     0     1      343.00      536.00        0.00
     0     1      346.00      534.00        0.00
     0     1      348.00      531.00        0.00
     0     1      351.00      529.00        0.00
     0     1      354.00      526.00        0.00
     0     1      357.00      525.00        0.00
     0     1      360.00      523.00        0.00
     0     1      363.00      521.00        0.00
     0     1      366.00      519.00        0.00
     0     1      369.00      518.00        0.00
     0     1      373.00      515.00        0.00
     0     1      376.00      513.00        0.00
     0     1      379.00      511.00        0.00
     0     1      383.00      508.00        0.00
     0     1      386.00      507.00        0.00
     0     1      389.00      505.00        0.00
     0     1      393.00      503.00        0.00
     0     1      396.00      501.00        0.00
     0     1      400.00      500.00        0.00
     0     1      403.00      498.00        0.00
     0     1      406.00      496.00        0.00
     0     1      409.00      495.00        0.00
     0     1      413.00      492.00        0.00
     0     1      417.00      490.00        0.00
     0     1      422.00      488.00        0.00
     0     1      426.00      486.00        0.00
     0     1      429.00      485.00        0.00
     0     1      433.00      483.00        0.00
     0     1      437.00      482.00        0.00
     0     1      440.00      481.00        0.00
     0     1      444.00      481.00        0.00
     0     1      447.00      480.00        0.00
     0     1      450.00      479.00        0.00
     0     1      454.00      479.00        0.00
     0     1      459.00      477.00        0.00
     0     1      462.00      476.00        0.00
     0     1      467.00      475.00        0.00
     0     1      472.00      474.00        0.00
     0     1      476.00      473.00        0.00
     0     1      507.00      457.00        0.00
     0     1      515.00      452.00        0.00
     0     1      519.00      450.00        0.00
     0     1      527.00      448.00        0.00
     0     1      533.00      446.00        0.00
     0     1      542.00      442.00        0.00
     0     1      548.00      440.00        0.00
     0     1      551.00      438.00        0.00
     0     1      557.00      435.00        0.00
     0     1      564.00      432.00        0.00
     0     1      567.00      431.00        0.00
     0     1      573.00      428.00        0.00
     0     1      578.00      426.00        0.00
     0     1      582.00      424.00        0.00
     0     1      585.00      422.00        0.00
     0     1      589.00      420.00        0.00
     0     1      592.00      418.00        0.00
     0     1      595.00      416.00        0.00
     0     1      598.00      414.00        0.00
     0     1      601.00      412.00        0.00
     0     1      604.00      411.00        0.00
     0     1      607.00      409.00        0.00
     0     1      610.00      408.00        0.00
     0     1      613.00      406.00        0.00
     0     1      616.00      404.00        0.00
     0     1      622.00      400.00        0.00
     0     1      627.00      397.00        0.00
     0     1      631.00      394.00        0.00
     0     1      637.00      390.00        0.00
     0     1      642.00      388.00        0.00
     0     1      647.00      385.00        0.00
     0     1      652.00      383.00        0.00
     0     1      656.00      381.00        0.00
     0     1      660.00      379.00        0.00
     0     1      668.00      375.00        0.00
     0     1      672.00      372.00        0.00
     0     1      677.00      369.00        0.00
     0     1      682.00      366.00        0.00
     0     1      688.00      363.00        0.00
     0     1      695.00      360.00        0.00
     0     1      699.00      358.00        0.00
     0     1      704.00      355.00        0.00
     0     1      709.00      352.00        0.00
     0     1      713.00      350.00        0.00
     0     1      717.00      348.00        0.00
     0     1      722.00      347.00        0.00
     0     1      727.00      345.00        0.00
     0     1      730.00      344.00        0.00
     0     1      734.00      342.00        0.00
     0     1      738.00      340.00        0.00
     0     1      744.00      338.00        0.00
     0     1      748.00      336.00        0.00
     0     1      751.00      334.00        0.00
     0     1      755.00      333.00        0.00
     0     1      763.00      330.00        0.00
     0     1      769.00      327.00        0.00
     0     1      774.00      325.00        0.00
     0     1      777.00      324.00        0.00
     0     1      780.00      323.00        0.00
     0     1      787.00      320.00        0.00
     0     1      791.00      318.00        0.00
     0     1      795.00      316.00        0.00
     0     1      799.00      314.00        0.00
     0     1      804.00      312.00        0.00
     0     1      808.00      310.00        0.00
     0     1      813.00      308.00        0.00
     0     1      821.00      304.00        0.00
     0     1      833.00      300.00        0.00
     0     1      844.00      295.00        0.00
     0     1      851.00      291.00        0.00
     0     1      855.00      289.00        0.00
     0     1      858.00      288.00        0.00
     0     1      861.00      286.00        0.00
     0     1      866.00      284.00        0.00
     0     1      869.00      281.00        0.00
     0     1      872.00      279.00        0.00
     0     1      875.00      278.00        0.00
     0     1      880.00      275.00        0.00
     0     1      884.00      273.00        0.00
     0     1      890.00      270.00        0.00
     0     1      894.00      268.00        0.00
     0     1      898.00      265.00        0.00
     0     1      901.00      263.00        0.00
     0     1      911.00      258.00        0.00
     0     1      918.00      254.00        0.00
     0     1      923.00      251.00        0.00
     0     1      927.00      248.00        0.00
     0     1      930.00      246.00        0.00
     0     1      933.00      244.00        0.00
     0     1      936.00      242.00        0.00
     0     1      941.00      240.00        0.00
     0     1      947.00      238.00        0.00
     0     1      950.00      236.00        0.00
     0     1      955.00      235.00        0.00
     0     1      960.00      232.00        0.00
     0     1      963.00      229.00        0.00
     0     1      966.00      227.00        0.00
     0     1      969.00      225.00        0.00
     0     1      973.00      223.00        0.00
     0     1      996.00      214.00        0.00
     0     1     1000.00      210.00        0.00
     0     1     1003.00      208.00        0.00
     0     1     1007.00      205.00        0.00
     0     1     1012.00      203.00        0.00
     0     1     1016.00      200.00        0.00
     0     1     1021.00      198.00        0.00
     0     1     1025.00      195.00        0.00
     0     1     1028.00      194.00        0.00
     0     1     1032.00      190.00        0.00
     0     1     1036.00      188.00        0.00
     0     1     1039.00      187.00        0.00
     0     1     1042.00      184.00        0.00
     0     1     1046.00      180.00        0.00
     0     1     1051.00      175.00        0.00
     0     1     1055.00      171.00        0.00
     0     1     1060.00      168.00        0.00
     0     1     1065.00      165.00        0.00
     0     1     1067.00      162.00        0.00
     0     1     1072.00      159.00        0.00
     0     1     1076.00      156.00        0.00
     0     1     1080.00      153.00        0.00
     0     1     1083.00      150.00        0.00
     0     1     1085.00      147.00        0.00
     0     1     1089.00      144.00        0.00
     0     1     1095.00      139.00        0.00
     0     1     1099.00      135.00        0.00
     0     1     1105.00      131.00        0.00
     0     1     1108.00      130.00        0.00
     0     1     1111.00      128.00        0.00
     0     1     1115.00      127.00        0.00
     0     1     1119.00      124.00        0.00
     0     1     1123.00      121.00        0.00
     0     1     1126.00      119.00        0.00
     0     1     1129.00      116.00        0.00
     0     1     1131.00      113.00        0.00
     0     1     1134.00      111.00        0.00
     0     1     1138.00      108.00        0.00
     0     1     1142.00      106.00        0.00
     0     1     1146.00      103.00        0.00
     0     1     1150.00      101.00        0.00
     0     1     1153.00       97.00        0.00
     0     1     1157.00       93.00        0.00
     0     1     1159.00       90.00        0.00
     0     1     1161.00       87.00        0.00
     0     1     1165.00       83.00        0.00
     0     1     1167.00       80.00        0.00
     0     1     1172.00       76.00        0.00
     0     1     1175.00       74.00        0.00
     0     1     1179.00       71.00        0.00
     0     1     1183.00       69.00        0.00
     0     1     1187.00       67.00        0.00
     0     1     1190.00       65.00        0.00
     0     1     1194.00       62.00        0.00
     0     1     1197.00       58.00        0.00
     0     1     1198.00       55.00        0.00
     0     1     1199.00       51.00        0.00
     0     1     1199.00       47.00        0.00
     0     1     1200.00       44.00        0.00
     0     1     1203.00       41.00        0.00
     0     1     1206.00       39.00        0.00
     0     1     1209.00       37.00        0.00
     0     1     1212.00       39.00        0.00
     0     1     1213.00       42.00        0.00
     1     0      339.00      697.00        0.00
     1     0      336.00      698.00        0.00
     1     0      333.00      699.00        0.00
     1     0      329.00      699.00        0.00
     1     0      326.00      697.00        0.00
     1     0      324.00      694.00        0.00
     1     0      322.00      691.00        0.00
     1     0      322.00      687.00        0.00
     1     0      322.00      683.00        0.00
     1     0      324.00      680.00        0.00
     1     0      327.00      679.00        0.00
     1     0      330.00      678.00        0.00
     1     0      334.00      678.00        0.00
     1     0      338.00      678.00        0.00
     1     0      341.00      680.00        0.00
     1     0      344.00      681.00        0.00
     1     0      346.00      684.00        0.00
     1     0      348.00      687.00        0.00
     1     0      349.00      690.00        0.00
     1     1      353.00      676.00        0.00
     1     1      350.00      677.00        0.00
     1     1      347.00      678.00        0.00
     1     1      344.00      679.00        0.00
     1     1      340.00      679.00        0.00
     1     1      337.00      678.00        0.00
     1     1      334.00      676.00        0.00
     1     1      331.00      674.00        0.00
     1     1      330.00      671.00        0.00
     1     1      330.00      667.00        0.00
     1     1      331.00      664.00        0.00
     1     1      333.00      661.00        0.00
     1     1      336.00      659.00        0.00
     1     1      339.00      658.00        0.00
     1     1      342.00      656.00        0.00
     1     1      346.00      656.00        0.00
     1     1      349.00      657.00        0.00
     1     1      352.00      658.00        0.00
     1     1      355.00      660.00        0.00
     1     1      358.00      662.00        0.00
     1     1      358.00      666.00        0.00
     1     1      359.00      669.00        0.00
     1     2      369.00      693.00        0.00
     1     2      365.00      694.00        0.00
     1     2      362.00      692.00        0.00
     1     2      362.00      688.00        0.00
     1     2      361.00      685.00        0.00
     1     2      361.00      681.00        0.00
     1     2      362.00      678.00        0.00
     1     2      364.00      675.00        0.00
     1     2      367.00      672.00        0.00
     1     2      370.00      671.00        0.00
     1     2      373.00      670.00        0.00
     1     2      377.00      670.00        0.00
     1     2      380.00      672.00        0.00
     1     2      383.00      674.00        0.00
     1     2      385.00      677.00        0.00
     1     2      386.00      680.00        0.00
     1     2      387.00      683.00        0.00
     1     2      386.00      686.00        0.00
     1     2      385.00      689.00        0.00
     1     2      382.00      691.00        0.00
     1     2      379.00      693.00        0.00
     1     3      419.00      677.00        0.00
     1     3      412.00      679.00        0.00
     1     3      408.00      679.00        0.00
     1     3      404.00      679.00        0.00
     1     3      400.00      678.00        0.00
     1     3      398.00      675.00        0.00
     1     3      397.00      671.00        0.00
     1     3      398.00      668.00        0.00
     1     3      399.00      665.00        0.00
     1     3      401.00      662.00        0.00
     1     3      404.00      660.00        0.00
     1     3      407.00      658.00        0.00
     1     3      410.00      656.00        0.00
     1     3      413.00      654.00        0.00
     1     3      416.00      653.00        0.00
     1     3      420.00      653.00        0.00
     1     3      424.00      653.00        0.00
     1     3      427.00      654.00        0.00
     1     3      429.00      657.00        0.00
     1     3      431.00      660.00        0.00
     1     3      433.00      663.00        0.00
     1     3      434.00      666.00        0.00
     1     3      434.00      670.00        0.00
     1     3      432.00      673.00        0.00
     1     4      455.00      656.00        0.00
     1     4      449.00      655.00        0.00
     1     4      447.00      652.00        0.00
     1     4      447.00      648.00        0.00
     1     4      447.00      643.00        0.00
     1     4      448.00      639.00        0.00
     1     4      452.00      637.00        0.00
     1     4      455.00      636.00        0.00
     1     4      459.00      635.00        0.00
     1     4      463.00      634.00        0.00
     1     4      467.00      634.00        0.00
     1     4      470.00      635.00        0.00
     1     4      473.00      636.00        0.00
     1     4      476.00      638.00        0.00
     1     4      478.00      641.00        0.00
     1     4      478.00      645.00        0.00
     1     4      477.00      648.00        0.00
     1     4      475.00      651.00        0.00
     1     4      472.00      653.00        0.00
     1     4      469.00      654.00        0.00
     1     5      514.00      628.00        0.00
     1     5      511.00      631.00        0.00
     1     5      508.00      632.00        0.00
     1     5      505.00      634.00        0.00
     1     5      501.00      634.00        0.00
     1     5      497.00      634.00        0.00
     1     5      494.00      630.00        0.00
     1     5      493.00      627.00        0.00
     1     5      493.00      623.00        0.00
     1     5      495.00      620.00        0.00
     1     5      498.00      617.00        0.00
     1     5      501.00      616.00        0.00
     1     5      504.00      615.00        0.00
     1     5      508.00      615.00        0.00
     1     5      512.00      615.00        0.00
     1     5      515.00      616.00        0.00
     1     5      518.00      617.00        0.00
     1     5      520.00      620.00        0.00
     1     6      597.00      587.00        0.00
     1     6      594.00      589.00        0.00
     1     6      591.00      590.00        0.00
     1     6      587.00      590.00        0.00
     1     6      583.00      590.00        0.00
     1     6      580.00      588.00        0.00
     1     6      580.00      584.00        0.00
     1     6      580.00      580.00        0.00
     1     6      581.00      577.00        0.00
     1     6      583.00      574.00        0.00
     1     6      586.00      571.00        0.00
     1     6      589.00      569.00        0.00
     1     6      592.00      568.00        0.00
     1     6      595.00      566.00        0.00
     1     6      598.00      565.00        0.00
     1     6      602.00      565.00        0.00
     1     6      606.00      565.00        0.00
     1     6      609.00      566.00        0.00
     1     6      610.00      569.00        0.00
     1     6      612.00      572.00        0.00
     1     6      612.00      576.00        0.00
     1     6      611.00      580.00        0.00
     1     6      608.00      582.00        0.00
     1     6      605.00      584.00        0.00
     1     7      277.00      618.00        0.00
     1     7      273.00      616.00        0.00
     1     7      272.00      613.00        0.00
     1     7      272.00      609.00        0.00
     1     7      272.00      605.00        0.00
     1     7      273.00      602.00        0.00
     1     7      274.00      599.00        0.00
     1     7      277.00      596.00        0.00
     1     7      280.00      594.00        0.00
     1     7      283.00      593.00        0.00
     1     7      286.00      592.00        0.00
     1     7      290.00      593.00        0.00
     1     7      293.00      594.00        0.00
     1     7      296.00      597.00        0.00
     1     7      298.00      600.00        0.00
     1     7      299.00      603.00        0.00
     1     7      300.00      606.00        0.00
     1     7      298.00      609.00        0.00
     1     7      295.00      612.00        0.00
     1     7      292.00      614.00        0.00
     1     8      306.00      559.00        0.00
     1     8      300.00      558.00        0.00
     1     8      296.00      557.00        0.00
     1     8      293.00      556.00        0.00
     1     8      290.00      553.00        0.00
     1     8      289.00      550.00        0.00
     1     8      287.00      547.00        0.00
     1     8      287.00      543.00        0.00
     1     8      289.00      540.00        0.00
     1     8      292.00      538.00        0.00
     1     8      295.00      537.00        0.00
     1     8      299.00      536.00        0.00
     1     8      303.00      536.00        0.00
     1     8      306.00      537.00        0.00
     1     8      309.00      539.00        0.00
     1     8      311.00      542.00        0.00
     1     8      312.00      545.00        0.00
     1     8      313.00      548.00        0.00
     1     9      331.00      536.00        0.00
     1     9      326.00      536.00        0.00
     1     9      323.00      535.00        0.00
     1     9      320.00      534.00        0.00
     1     9      317.00      532.00        0.00
     1     9      317.00      528.00        0.00
     1     9      320.00      526.00        0.00
     1     9      323.00      524.00        0.00
     1     9      326.00      523.00        0.00
     1     9      330.00      523.00        0.00
     1     9      333.00      524.00        0.00
     1     9      335.00      527.00        0.00
     1     9      336.00      530.00        0.00
     1     9      337.00      533.00        0.00
     1     9      336.00      536.00        0.00
     1    10      328.00      641.00        0.00
     1    10      328.00      641.00        0.00
     1    10      321.00      642.00        0.00
     1    10      317.00      641.00        0.00
     1    10      314.00      640.00        0.00
     1    10      313.00      637.00        0.00
     1    10      313.00      633.00        0.00
     1    10      314.00      630.00        0.00
     1    10      316.00      627.00        0.00
     1    10      319.00      626.00        0.00
     1    10      322.00      625.00        0.00
     1    10      326.00      625.00        0.00
     1    10      330.00      626.00        0.00
     1    10      332.00      629.00        0.00
     1    10      333.00      632.00        0.00
     1    10      333.00      636.00        0.00
     1    11      309.00      656.00        0.00
     1    11      304.00      655.00        0.00
     1    11      302.00      652.00        0.00
     1    11      301.00      649.00        0.00
     1    11      300.00      646.00        0.00
     1    11      299.00      642.00        0.00
     1    11      300.00      637.00        0.00
     1    11      302.00      634.00        0.00
     1    11      306.00      634.00        0.00
     1    11      310.00      635.00        0.00
     1    11      313.00      636.00        0.00
     1    11      316.00      638.00        0.00
     1    11      319.00      641.00        0.00
     1    11      321.00      644.00        0.00
     1    11      322.00      647.00        0.00
     1    11      323.00      650.00        0.00
     1    11      322.00      653.00        0.00
     1    12      742.00      522.00        0.00
     1    12      736.00      529.00        0.00
     1    12      733.00      530.00        0.00
     1    12      729.00      530.00        0.00
     1    12      726.00      529.00        0.00
     1    12      724.00      526.00        0.00
     1    12      723.00      523.00        0.00
     1    12      723.00      519.00        0.00
     1    12      724.00      516.00        0.00
     1    12      725.00      513.00        0.00
     1    12      727.00      510.00        0.00
     1    12      730.00      507.00        0.00
     1    12      733.00      504.00        0.00
     1    12      736.00      502.00        0.00
     1    12      739.00      500.00        0.00
     1    12      742.00      499.00        0.00
     1    12      745.00      498.00        0.00
     1    12      748.00      499.00        0.00
     1    12      751.00      500.00        0.00
     1    12      754.00      503.00        0.00
     1    12      754.00      507.00        0.00
     1    12      755.00      510.00        0.00
     1    12      755.00      514.00        0.00
     1    12      755.00      518.00        0.00
     1    12      752.00      519.00        0.00
     1    13      795.00      503.00        0.00
     1    13      791.00      503.00        0.00
     1    13      787.00      503.00        0.00
     1    13      783.00      503.00        0.00
     1    13      779.00      503.00        0.00
     1    13      776.00      504.00        0.00
     1    13      772.00      505.00        0.00
     1    13      770.00      502.00        0.00
     1    13      769.00      499.00        0.00
     1    13      769.00      495.00        0.00
     1    13      769.00      491.00        0.00
     1    13      771.00      488.00        0.00
     1    13      773.00      485.00        0.00
     1    13      776.00      483.00        0.00
     1    13      780.00      482.00        0.00
     1    13      784.00      481.00        0.00
     1    13      788.00      481.00        0.00
     1    13      792.00      482.00        0.00
     1    13      795.00      483.00        0.00
     1    13      798.00      484.00        0.00
     1    13      801.00      486.00        0.00
     1    13      803.00      489.00        0.00
     1    13      805.00      492.00        0.00
     1    13      806.00      495.00        0.00
     1    13      806.00      499.00        0.00
     1    14      855.00      481.00        0.00
     1    14      851.00      484.00        0.00
     1    14      848.00      486.00        0.00
     1    14      845.00      487.00        0.00
     1    14      841.00      487.00        0.00
     1    14      837.00      487.00        0.00
     1    14      834.00      485.00        0.00
     1    14      831.00      483.00        0.00
     1    14      830.00      480.00        0.00
     1    14      830.00      476.00        0.00
     1    14      830.00      472.00        0.00
     1    14      833.00      470.00        0.00
     1    14      836.00      468.00        0.00
     1    14      840.00      466.00        0.00
     1    14      843.00      464.00        0.00
     1    14      846.00      463.00        0.00
     1    14      849.00      462.00        0.00
     1    14      852.00      460.00        0.00
     1    14      855.00      459.00        0.00
     1    14      858.00      458.00        0.00
     1    14      862.00      458.00        0.00
     1    14      866.00      458.00        0.00
     1    14      870.00      458.00        0.00
     1    14      873.00      460.00        0.00
     1    14      876.00      462.00        0.00
     1    14      878.00      465.00        0.00
     1    14      880.00      468.00        0.00
     1    14      880.00      472.00        0.00
     1    14      877.00      475.00        0.00
     1    14      874.00      478.00        0.00
     1    14      871.00      480.00        0.00
     1    14      868.00      481.00        0.00
     1    15      913.00      470.00        0.00
     1    15      910.00      473.00        0.00
     1    15      907.00      475.00        0.00
     1    15      903.00      475.00        0.00
     1    15      900.00      476.00        0.00
     1    15      897.00      477.00        0.00
     1    15      894.00      476.00        0.00
     1    15      891.00      473.00        0.00
     1    15      890.00      470.00        0.00
     1    15      889.00      467.00        0.00
     1    15      889.00      463.00        0.00
     1    15      889.00      459.00        0.00
     1    15      890.00      456.00        0.00
     1    15      891.00      453.00        0.00
     1    15      894.00      452.00        0.00
     1    15      898.00      452.00        0.00
     1    15      901.00      453.00        0.00
     1    15      904.00      455.00        0.00
     1    15      907.00      456.00        0.00
     1    15      910.00      457.00        0.00
     1    15      913.00      459.00        0.00
     1    15      916.00      460.00        0.00
     1    15      919.00      462.00        0.00
     1    15      921.00      465.00        0.00
     1    16     1145.00      368.00        0.00
     1    16     1142.00      369.00        0.00
     1    16     1138.00      369.00        0.00
     1    16     1134.00      368.00        0.00
     1    16     1133.00      365.00        0.00
     1    16     1133.00      361.00        0.00
     1    16     1134.00      358.00        0.00
     1    16     1136.00      354.00        0.00
     1    16     1139.00      351.00        0.00
     1    16     1142.00      349.00        0.00
     1    16     1145.00      347.00        0.00
     1    16     1149.00      347.00        0.00
     1    16     1153.00      348.00        0.00
     1    16     1155.00      351.00        0.00
     1    16     1156.00      354.00        0.00
     1    16     1156.00      358.00        0.00
     1    16     1153.00      360.00        0.00