     0     0      847.00      436.00        0.00
     0     0      796.00      425.00        0.00
     0     0      792.00      425.00        0.00
     0     0      788.00      425.00        0.00
     0     0      784.00      425.00        0.00
     0     0      780.00      425.00        0.00
     0     0      777.00      424.00        0.00
     0     0      773.00      424.00        0.00
     0     0      770.00      423.00        0.00
     0     0      766.00      423.00        0.00
     0     0      763.00      422.00        0.00
     0     0      760.00      421.00        0.00
     0     0      757.00      420.00        0.00
     0     0      753.00      419.00        0.00
     0     0      746.00      418.00        0.00
     0     0      742.00      418.00        0.00
     0     0      738.00      417.00        0.00
     0     0      733.00      417.00        0.00
     0     0      729.00      416.00        0.00
     0     0      725.00      415.00        0.00
     0     0      721.00      415.00        0.00
     0     0      718.00      414.00        0.00
     0     0      714.00      414.00        0.00
     0     0      710.00      413.00        0.00
     0     0      706.00      413.00        0.00
     0     0      701.00      413.00        0.00
     0     0      697.00      413.00        0.00
     0     0      692.00      413.00        0.00
     0     0      687.00      413.00        0.00
     0     0      682.00      413.00        0.00
     0     0      678.00      413.00        0.00
     0     0      674.00      413.00        0.00
     0     0      670.00      413.00        0.00
     0     0      665.00      413.00        0.00
     0     0      661.00      413.00        0.00
     0     0      657.00      413.00        0.00
     0     0      653.00      413.00        0.00
     0     0      648.00      413.00        0.00
     0     0      644.00      413.00        0.00
     0     0      640.00      413.00        0.00
     0     0      636.00      414.00        0.00
     0     0      631.00      414.00        0.00
     0     0      627.00      414.00        0.00
     0     0      623.00      414.00        0.00
     0     0      620.00      415.00        0.00
     0     0      615.00      415.00        0.00
     0     0      610.00      415.00        0.00
     0     0      605.00      415.00        0.00
     0     0      601.00      415.00        0.00
     0     0      596.00      415.00        0.00
     0     0      591.00      415.00        0.00
     0     0      586.00      415.00        0.00
     0     0      582.00      415.00        0.00
     0     0      579.00      416.00        0.00
     0     0      575.00      416.00        0.00
     0     0      570.00      416.00        0.00
     0     0      566.00      416.00        0.00
     0     0      562.00      415.00        0.00
     0     0      558.00      415.00        0.00
     0     0      554.00      415.00        0.00
     0     0      549.00      415.00        0.00
     0     0      546.00      414.00        0.00
     0     0      543.00      413.00        0.00
     0     0      539.00      412.00        0.00
     0     0      536.00      411.00        0.00
     0     0      533.00      410.00        0.00
     0     0      529.00      410.00        0.00
     0     0      526.00      409.00        0.00
     0     0      522.00      409.00        0.00
     0     0      518.00      409.00        0.00
     0     0      515.00      408.00        0.00
     0     0      511.00      407.00        0.00
     0     0      507.00      406.00        0.00
     0     0      504.00      405.00        0.00
     0     0      501.00      404.00        0.00
     0     0      498.00      403.00        0.00
     0     0      495.00      402.00        0.00
     0     0      491.00      400.00        0.00
     0     0      488.00      399.00        0.00
     0     0      485.00      397.00        0.00
     0     0      481.00      395.00        0.00
     0     0      479.00      392.00        0.00
     0     0      476.00      390.00        0.00
     0     0      472.00      387.00        0.00
     0     0      469.00      384.00        0.00
     0     0      466.00      381.00        0.00
     0     0      463.00      379.00        0.00
     0     0      459.00      375.00        0.00
     0     0      454.00      371.00        0.00
     0     0      450.00      367.00        0.00
     0     0      447.00      364.00        0.00
     0     0      444.00      361.00        0.00
     0     0      441.00      359.00        0.00
     0     0      437.00      355.00        0.00
     0     0      434.00      352.00        0.00
     0     0      432.00      349.00        0.00
     0     0      429.00      346.00        0.00
     0     0      427.00      343.00        0.00
     0     0      425.00      340.00        0.00
     0     0      423.00      337.00        0.00
     0     0      422.00      334.00        0.00
     0     0      420.00      331.00        0.00
     0     0      419.00      328.00        0.00
     0     0      417.00      325.00        0.00
     0     0      415.00      321.00        0.00
     0     0      414.00      317.00        0.00
     0     0      414.00      313.00        0.00
     0     0      414.00      309.00        0.00
     0     0      414.00      305.00        0.00
     0     0      414.00      301.00        0.00
     0     0      414.00      297.00        0.00
     0     0      414.00      293.00        0.00
     0     0      414.00      288.00        0.00
     0     0      415.00      285.00        0.00
     0     0      416.00      281.00        0.00
     0     0      417.00      277.00        0.00
     0     0      419.00      273.00        0.00
     0     0      420.00      270.00        0.00
     0     0      421.00      267.00        0.00
     0     0      422.00      264.00        0.00
     0     0      423.00      261.00        0.00
     0     0      424.00      258.00        0.00
     0     0      426.00      255.00        0.00
     0     0      427.00      251.00        0.00
     0     0      428.00      248.00        0.00
     0     0      431.00      245.00        0.00
     0     0      432.00      242.00        0.00
     0     0      434.00      239.00        0.00
     0     0      436.00      236.00        0.00
     0     0      438.00      233.00        0.00
     0     0      440.00      230.00        0.00
     0     0      443.00      228.00        0.00
     0     0      445.00      225.00        0.00
     0     0      448.00      223.00        0.00
     0     0      451.00      220.00        0.00
     0     0      453.00      217.00        0.00
     0     0      456.00      215.00        0.00
     0     0      459.00      212.00        0.00
     0     0      462.00      210.00        0.00
     0     0      465.00      208.00        0.00
     0     0      466.00      205.00        0.00
     0     0      469.00      202.00        0.00
     0     0      471.00      199.00        0.00
     0     0      473.00      196.00        0.00
     0     0      476.00      193.00        0.00
     0     0      479.00      191.00        0.00
     0     0      482.00      189.00        0.00
     0     0      485.00      186.00        0.00
     0     0      488.00      185.00        0.00
     0     0      491.00      183.00        0.00
     0     0      494.00      181.00        0.00
     0     0      497.00      179.00        0.00
     0     0      501.00      179.00        0.00
     0     0      505.00      178.00        0.00
     0     0      508.00      176.00        0.00
     0     0      511.00      174.00        0.00
     0     0      514.00      173.00        0.00
     0     0      517.00      172.00        0.00
     0     0      521.00      171.00        0.00
     0     0      524.00      170.00        0.00
     0     0      527.00      169.00        0.00
     0     0      530.00      168.00        0.00
     0     0      533.00      167.00        0.00
     0     0      537.00      166.00        0.00
     0     0      540.00      165.00        0.00
     0     0      543.00      164.00        0.00
     0     0      546.00      162.00        0.00
     0     0      549.00      161.00        0.00
     0     0      553.00      161.00        0.00
     0     0      556.00      160.00        0.00
     0     0      560.00      160.00        0.00
     0     0      563.00      159.00        0.00
     0     0      567.00      158.00        0.00
     0     0      571.00      157.00        0.00
     0     0      575.00      156.00        0.00
     0     0      579.00      156.00        0.00
     0     0      583.00      155.00        0.00
     0     0      587.00      155.00        0.00
     0     0      591.00      154.00        0.00
     0     0      595.00      154.00        0.00
     0     0      599.00      154.00        0.00
     0     0      604.00      154.00        0.00
     0     0      608.00      154.00        0.00
     0     0      614.00      154.00        0.00
     0     0      618.00      154.00        0.00
     0     0      622.00      154.00        0.00
     0     0      626.00      155.00        0.00
     0     0      630.00      156.00        0.00
     0     0      633.00      157.00        0.00
     0     0      636.00      158.00        0.00
     0     0      639.00      159.00        0.00
     0     0      642.00      160.00        0.00
     0     0      646.00      161.00        0.00
     0     0      650.00      162.00        0.00
     0     0      653.00      163.00        0.00
     0     0      656.00      164.00        0.00
     0     0      659.00      165.00        0.00
     0     0      663.00      166.00        0.00
     0     0      667.00      168.00        0.00
     0     0      670.00      169.00        0.00
     0     0      674.00      170.00        0.00
     0     0      678.00      171.00        0.00
     0     0      681.00      173.00        0.00
     0     0      685.00      173.00        0.00
     0     0      688.00      174.00        0.00
     0     0      691.00      176.00        0.00
     0     0      694.00      177.00        0.00
     0     0      697.00      178.00        0.00
     0     0      700.00      179.00        0.00
     0     0      704.00      180.00        0.00
     0     0      707.00      181.00        0.00
     0     0      713.00      182.00        0.00
     0     0      716.00      183.00        0.00
     0     0      720.00      184.00        0.00
     0     0      724.00      185.00        0.00
     0     0      728.00      186.00        0.00
     0     0      731.00      188.00        0.00
     0     0      734.00      190.00        0.00
     0     0      737.00      192.00        0.00
     0     0      741.00      195.00        0.00
     0     0      744.00      196.00        0.00
     0     0      748.00      199.00        0.00
     0     0      752.00      202.00        0.00
     0     0      755.00      203.00        0.00
     0     0      757.00      206.00        0.00
     0     0      761.00      208.00        0.00
     0     0      764.00      210.00        0.00
     0     0      767.00      211.00        0.00
     0     0      770.00      213.00        0.00
     0     0      775.00      217.00        0.00
     0     0      779.00      218.00        0.00
     0     0      784.00      221.00        0.00
     0     0      787.00      222.00        0.00
     0     0      791.00      224.00        0.00
     0     0      798.00      226.00        0.00
     0     0      802.00      227.00        0.00
     0     0      805.00      228.00        0.00
     0     0      808.00      230.00        0.00
     0     0      813.00      233.00        0.00
     0     0      816.00      235.00        0.00
     0     0      820.00      237.00        0.00
     0     0      825.00      239.00        0.00
     0     0      828.00      241.00        0.00
     0     0      832.00      243.00        0.00
     0     0      836.00      246.00        0.00
     0     0      839.00      247.00        0.00
     0     0      843.00      249.00        0.00
     0     0      848.00      252.00        0.00
     0     0      852.00      253.00        0.00
     0     0      855.00      254.00        0.00
     0     0      859.00      255.00        0.00
     0     0      865.00      258.00        0.00
     0     0      868.00      259.00        0.00
     0     0      874.00      261.00        0.00
     0     0      880.00      262.00        0.00
     0     0      885.00      263.00        0.00
     0     0      890.00      265.00        0.00
     0     0      894.00      266.00        0.00
     0     0      898.00      267.00        0.00
     0     0      901.00      269.00        0.00
     0     0      904.00      270.00        0.00
     0     0      907.00      272.00        0.00
     0     0      911.00      274.00        0.00
     0     0      914.00      275.00        0.00
     0     0      918.00      277.00        0.00
     0     0      922.00      279.00        0.00
     0     0      926.00      280.00        0.00
     0     0      931.00      283.00        0.00
     0     0      934.00      284.00        0.00
     0     0      937.00      286.00        0.00
     0     0      940.00      287.00        0.00
     0     0      944.00      290.00        0.00
     0     0      947.00      291.00        0.00
     0     0      950.00      293.00        0.00
     0     0      954.00      294.00        0.00
     0     0      958.00      296.00        0.00
     0     0      961.00      297.00        0.00
     0     0      964.00      299.00        0.00
     0     0      967.00      300.00        0.00
     0     0      971.00      302.00        0.00
     0     0      975.00      303.00        0.00
     0     0      978.00      305.00        0.00
     0     0      981.00      306.00        0.00
     0     0      984.00      308.00        0.00
     0     0      987.00      309.00        0.00
     0     0      990.00      311.00        0.00
     0     0      995.00      312.00        0.00
     0     0      998.00      313.00        0.00
     0     0     1002.00      314.00        0.00
     0     0     1005.00      315.00        0.00
     0     0     1008.00      316.00        0.00
     0     0     1011.00      317.00        0.00
     0     0     1015.00      318.00        0.00
     0     0     1020.00      320.00        0.00
     0     0     1026.00      321.00        0.00
     0     0     1030.00      322.00        0.00
     0     0     1039.00      324.00        0.00
     0     0     1044.00      326.00        0.00
     0     0     1050.00      327.00        0.00
     0     0     1055.00      329.00        0.00
     0     0     1059.00      330.00        0.00
     0     0     1066.00      332.00        0.00
     0     0     1072.00      334.00        0.00
     0     0     1079.00      335.00        0.00
     0     0     1087.00      337.00        0.00
     0     0     1097.00      338.00        0.00
     0     0     1104.00      339.00        0.00
     0     0     1113.00      340.00        0.00
     0     0     1119.00      341.00        0.00
     0     0     1125.00      342.00        0.00
     0     0     1132.00      344.00        0.00
     0     0     1137.00      345.00        0.00
     0     0     1143.00      346.00        0.00
     0     0     1149.00      348.00        0.00
     0     0     1157.00      350.00        0.00
     0     0     1164.00      351.00        0.00
     0     0     1175.00      353.00        0.00
     0     0     1182.00      354.00        0.00
     0     0     1192.00      355.00        0.00
     0     0     1199.00      356.00        0.00
     0     0     1206.00      357.00        0.00
     0     0     1216.00      358.00        0.00
     0     0     1221.00      359.00        0.00
     0     0     1226.00      360.00        0.00
     0     0     1230.00      360.00        0.00
     0     0     1234.00      361.00        0.00
     0     0     1238.00      361.00        0.00
     0     0     1243.00      363.00        0.00
     0     0     1249.00      365.00        0.00
     0     0     1254.00      367.00        0.00
     0     0     1259.00      369.00        0.00
     0     0     1263.00      371.00        0.00
     0     0     1270.00      375.00        0.00
     0     0     1275.00      379.00        0.00
     0     0     1279.00      381.00        0.00
     0     0     1284.00      384.00        0.00
     0     0     1288.00      389.00        0.00
     0     0     1293.00      392.00        0.00
     0     0     1297.00      397.00        0.00
     0     0     1300.00      402.00        0.00
     0     0     1304.00      406.00        0.00
     0     0     1308.00      410.00        0.00
     0     0     1311.00      414.00        0.00
     0     0     1314.00      418.00        0.00
     0     0     1315.00      421.00        0.00
     0     0     1316.00      425.00        0.00
     0     0     1317.00      429.00        0.00
     0     0     1316.00      435.00        0.00
     0     0     1314.00      439.00        0.00
     0     0     1312.00      444.00        0.00
     0     0     1309.00      449.00        0.00
     0     0     1306.00      455.00        0.00
     0     0     1303.00      459.00        0.00
     0     0     1299.00      463.00        0.00
     0     0     1294.00      469.00        0.00
     0     0     1289.00      473.00        0.00
     0     0     1286.00      475.00        0.00
     0     0     1283.00      478.00        0.00
     0     0     1277.00      482.00        0.00
     0     0     1273.00      485.00        0.00
     0     0     1267.00      488.00        0.00
     0     0     1261.00      490.00        0.00
     0     0     1254.00      492.00        0.00
     0     0     1247.00      494.00        0.00
     0     0     1240.00      496.00        0.00
     0     0     1231.00      498.00        0.00
     0     0     1224.00      500.00        0.00
     0     0     1212.00      501.00        0.00
     0     0     1203.00      502.00        0.00
     0     0     1192.00      502.00        0.00
     0     0     1185.00      502.00        0.00
     0     0     1176.00      502.00        0.00
     0     0     1169.00      502.00        0.00
     0     0     1164.00      502.00        0.00
     0     0     1157.00      501.00        0.00
     0     0     1151.00      501.00        0.00
     0     0     1143.00      500.00        0.00
     0     0     1136.00      499.00        0.00
     0     0     1128.00      498.00        0.00
     0     0     1121.00      498.00        0.00
     0     0     1112.00      496.00        0.00
     0     0     1106.00      495.00        0.00
     0     0     1100.00      494.00        0.00
     0     0     1094.00      493.00        0.00
     0     0     1089.00      492.00        0.00
     0     0     1082.00      490.00        0.00
     0     0     1077.00      489.00        0.00
     0     0     1071.00      489.00        0.00
     0     0     1065.00      487.00        0.00
     0     0     1060.00      487.00        0.00
     0     0     1057.00      486.00        0.00
     0     0     1053.00      485.00        0.00
     0     0     1047.00      484.00        0.00
     0     0     1041.00      483.00        0.00
     0     0     1034.00      481.00        0.00
     0     0     1028.00      480.00        0.00
     0     0     1023.00      479.00        0.00
     0     0     1019.00      478.00        0.00
     0     0     1014.00      477.00        0.00
     0     0     1009.00      476.00        0.00
     0     0     1005.00      475.00        0.00
     0     0     1000.00      474.00        0.00
     0     0      996.00      473.00        0.00
     0     0      990.00      472.00        0.00
     0     0      986.00      471.00        0.00
     0     0      978.00      469.00        0.00
     0     0      972.00      468.00        0.00
     0     0      963.00      467.00        0.00
     0     0      955.00      465.00        0.00
     0     0      948.00      464.00        0.00
     0     0      943.00      464.00        0.00
     0     0      938.00      462.00        0.00
     0     0      932.00      461.00        0.00
     0     0      927.00      460.00        0.00
     0     0      922.00      459.00        0.00
     0     0      918.00      458.00        0.00
     0     0      915.00      457.00        0.00
     0     0      912.00      456.00        0.00
     0     0      908.00      454.00        0.00
     0     0      905.00      453.00        0.00
     0     0      902.00      452.00        0.00
     0     0      898.00      451.00        0.00
     0     0      894.00      450.00        0.00
     0     0      890.00      450.00        0.00
     0     0      887.00      449.00        0.00
     0     0      883.00      448.00        0.00
     0     0      879.00      448.00        0.00
     0     0      876.00      447.00        0.00
     0     0      872.00      447.00        0.00
     0     0      869.00      446.00        0.00
     0     0      866.00      445.00        0.00
     0     1        2.00      486.00        0.00
     0     1        8.00      485.00        0.00
     0     1       14.00      485.00        0.00
     0     1       21.00      485.00        0.00
     0     1       26.00      485.00        0.00
     0     1       32.00      484.00        0.00
     0     1       36.00      484.00        0.00
     0     1       40.00      484.00        0.00
     0     1       44.00      483.00        0.00
     0     1       47.00      482.00        0.00
     0     1       51.00      480.00        0.00
     0     1       55.00      479.00        0.00
     0     1       61.00      478.00        0.00
     0     1       66.00      476.00        0.00
     0     1       69.00      474.00        0.00
     0     1       73.00      472.00        0.00
     0     1       76.00      470.00        0.00
     0     1       80.00      469.00        0.00
     0     1       84.00      468.00        0.00
     0     1       88.00      467.00        0.00
     0     1       92.00      467.00        0.00
     0     1       97.00      466.00        0.00
     0     1      102.00      466.00        0.00
     0     1      106.00      465.00        0.00
     0     1      111.00      463.00        0.00
     0     1      115.00      462.00        0.00
     0     1      119.00      461.00        0.00
     0     1      124.00      460.00        0.00
     0     1      127.00      459.00        0.00
     0     1      133.00      458.00        0.00
     0     1      137.00      457.00        0.00
     0     1      142.00      456.00        0.00
     0     1      147.00      454.00        0.00
     0     1      153.00      453.00        0.00
     0     1      157.00      452.00        0.00
     0     1      162.00      452.00        0.00
     0     1      167.00      452.00        0.00
     0     1      172.00      451.00        0.00
     0     1      177.00      451.00        0.00
     0     1      183.00      450.00        0.00
     0     1      186.00      449.00        0.00
     0     1      190.00      448.00        0.00
     0     1      194.00      447.00        0.00
     0     1      197.00      445.00        0.00
     0     1      201.00      443.00        0.00
     0     1      205.00      441.00        0.00
     0     1      209.00      440.00        0.00
     0     1      214.00      439.00        0.00
     0     1      217.00      438.00        0.00
     0     1      221.00      437.00        0.00
     0     1      226.00      436.00        0.00
     0     1      231.00      436.00        0.00
     0     1      235.00      435.00        0.00
     0     1      240.00      435.00        0.00
     0     1      245.00      435.00        0.00
     0     1      250.00      435.00        0.00
     0     1      256.00      435.00        0.00
     0     1      261.00      434.00        0.00
     0     1      268.00      434.00        0.00
     0     1      274.00      434.00        0.00
     0     1      280.00      434.00        0.00
     0     1      285.00      434.00        0.00
     0     1      290.00      434.00        0.00
     0     1      298.00      433.00        0.00
     0     1      304.00      433.00        0.00
     0     1      310.00      433.00        0.00
     0     1      316.00      433.00        0.00
     0     1      322.00      433.00        0.00
     0     1      328.00      434.00        0.00
     0     1      337.00      435.00        0.00
     0     1      344.00      436.00        0.00
     0     1      352.00      437.00        0.00
     0     1      361.00      439.00        0.00
     0     1      368.00      441.00        0.00
     0     1      375.00      443.00        0.00
     0     1      382.00      444.00        0.00
     0     1      386.00      445.00        0.00
     0     1      391.00      446.00        0.00
     0     1      398.00      446.00        0.00
     0     1      403.00      447.00        0.00
     0     1      410.00      447.00        0.00
     0     1      417.00      448.00        0.00
     0     1      424.00      448.00        0.00
     0     1      432.00      448.00        0.00
     0     1      438.00      448.00        0.00
     0     1      446.00      448.00        0.00
     0     1      451.00      448.00        0.00
     0     1      456.00      448.00        0.00
     0     1      461.00      448.00        0.00
     0     1      466.00      448.00        0.00
     0     1      470.00      449.00        0.00
     0     1      475.00      449.00        0.00
     0     1      481.00      449.00        0.00
     0     1      488.00      450.00        0.00
     0     1      494.00      450.00        0.00
     0     1      501.00      451.00        0.00
     0     1      506.00      451.00        0.00
     0     1      510.00      451.00        0.00
     0     1      517.00      451.00        0.00
     0     1      522.00      451.00        0.00
     0     1      530.00      451.00        0.00
     0     1      535.00      451.00        0.00
     0     1      542.00      451.00        0.00
     0     1      548.00      450.00        0.00
     0     1      554.00      450.00        0.00
     0     1      560.00      449.00        0.00
     0     1      565.00      449.00        0.00
     0     1      574.00      449.00        0.00
     0     1      580.00      448.00        0.00
     0     1      586.00      448.00        0.00
     0     1      590.00      448.00        0.00
     0     1      594.00      448.00        0.00
     0     1      598.00      448.00        0.00
     0     1      604.00      448.00        0.00
     0     1      608.00      448.00        0.00
     0     1      613.00      448.00        0.00
     0     1      619.00      448.00        0.00
     0     1      624.00      448.00        0.00
     0     1      630.00      449.00        0.00
     0     1      634.00      450.00        0.00
     0     1      639.00      452.00        0.00
     0     1      644.00      453.00        0.00
     0     1      649.00      454.00        0.00
     0     1      653.00      456.00        0.00
     0     1      657.00      458.00        0.00
     0     1      663.00      459.00        0.00
     0     1      667.00      460.00        0.00
     0     1      673.00      461.00        0.00
     0     1      676.00      462.00        0.00
     0     1      680.00      463.00        0.00
     0     1      684.00      463.00        0.00
     0     1      687.00      464.00        0.00
     0     1      692.00      464.00        0.00
     0     1      696.00      464.00        0.00
     0     1      700.00      464.00        0.00
     0     1      704.00      464.00        0.00
     0     1      709.00      464.00        0.00
     0     1      713.00      465.00        0.00
     0     1      718.00      466.00        0.00
     0     1      722.00      467.00        0.00
     0     1      727.00      468.00        0.00
     0     1      730.00      470.00        0.00
     0     1      734.00      472.00        0.00
     0     1      740.00      474.00        0.00
     0     1      743.00      477.00        0.00
     0     1      748.00      480.00        0.00
     0     1      750.00      484.00        0.00
     0     1      753.00      486.00        0.00
     0     1      755.00      489.00        0.00
     0     1      756.00      492.00        0.00
     0     1      758.00      497.00        0.00
     0     1      758.00      501.00        0.00
     0     1      758.00      506.00        0.00
     0     1      758.00      510.00        0.00
     0     1      758.00      516.00        0.00
     0     1      758.00      520.00        0.00
     0     1      757.00      524.00        0.00
     0     1      757.00      528.00        0.00
     0     1      756.00      532.00        0.00
     0     1      755.00      535.00        0.00
     0     1      754.00      539.00        0.00
     0     1      752.00      544.00        0.00
     0     1      751.00      547.00        0.00
     0     1      749.00      551.00        0.00
     0     1      746.00      556.00        0.00
     0     1      744.00      559.00        0.00
     0     1      741.00      563.00        0.00
     0     1      739.00      566.00        0.00
     0     1      737.00      569.00        0.00
     0     1      734.00      573.00        0.00
     0     1      732.00      577.00        0.00
     0     1      728.00      581.00        0.00
     0     1      725.00      583.00        0.00
     0     1      722.00      586.00        0.00
     0     1      718.00      590.00        0.00
     0     1      714.00      592.00        0.00
     0     1      711.00      595.00        0.00
     0     1      708.00      597.00        0.00
     0     1      705.00      599.00        0.00
     0     1      702.00      601.00        0.00
     0     1      699.00      603.00        0.00
     0     1      696.00      605.00        0.00
     0     1      693.00      606.00        0.00
     0     1      690.00      608.00        0.00
     0     1      686.00      610.00        0.00
     0     1      682.00      611.00        0.00
     0     1      679.00      613.00        0.00
     0     1      676.00      614.00        0.00
     0     1      673.00      616.00        0.00
     0     1      670.00      617.00        0.00
     0     1      666.00      619.00        0.00
     0     1      660.00      622.00        0.00
     0     1      657.00      623.00        0.00
     0     1      653.00      624.00        0.00
     0     1      649.00      625.00        0.00
     0     1      646.00      626.00        0.00
     0     1      642.00      627.00        0.00
     0     1      638.00      628.00        0.00
     0     1      634.00      628.00        0.00
     0     1      630.00      629.00        0.00
     0     1      626.00      629.00        0.00
     0     1      622.00      629.00        0.00
     0     1      617.00      629.00        0.00
     0     1      613.00      629.00        0.00
     0     1      608.00      629.00        0.00
     0     1      603.00      629.00        0.00
     0     1      599.00      629.00        0.00
     0     1      595.00      629.00        0.00
     0     1      591.00      628.00        0.00
     0     1      586.00      627.00        0.00
     0     1      583.00      626.00        0.00
     0     1      579.00      624.00        0.00
     0     1      576.00      623.00        0.00
     0     1      572.00      622.00        0.00
     0     1      568.00      621.00        0.00
     0     1      563.00      621.00        0.00
     0     1      559.00      621.00        0.00
     0     1      555.00      621.00        0.00
     0     1      550.00      621.00        0.00
     0     1      545.00      621.00        0.00
     0     1      541.00      620.00        0.00
     0     1      535.00      620.00        0.00
     0     1      531.00      620.00        0.00
     0     1      526.00      620.00        0.00
     0     1      518.00      620.00        0.00
     0     1      513.00      620.00        0.00
     0     1      508.00      620.00        0.00
     0     1      504.00      620.00        0.00
     0     1      500.00      620.00        0.00
     0     1      496.00      620.00        0.00
     0     1      490.00      620.00        0.00
     0     1      485.00      620.00        0.00
     0     1      480.00      620.00        0.00
     0     1      477.00      621.00        0.00
     0     1      471.00      622.00        0.00
     0     1      465.00      622.00        0.00
     0     1      461.00      622.00        0.00
     0     1      458.00      623.00        0.00
     0     1      453.00      624.00        0.00
     0     1      449.00      625.00        0.00
     0     1      445.00      625.00        0.00
     0     1      441.00      626.00        0.00
     0     1      438.00      627.00        0.00
     0     1      435.00      628.00        0.00
     0     1      432.00      629.00        0.00
     0     1      427.00      630.00        0.00
     0     1      422.00      632.00        0.00
     0     1      418.00      633.00        0.00
     0     1      414.00      634.00        0.00
     0     1      410.00      634.00        0.00
     0     1      405.00      634.00        0.00
     0     1      400.00      634.00        0.00
     0     1      394.00      634.00        0.00
     0     1      390.00      634.00        0.00
     0     1      386.00      634.00        0.00
     0     1      383.00      635.00        0.00
     0     1      379.00      636.00        0.00
     0     1      375.00      636.00        0.00
     0     1      369.00      636.00        0.00
     0     1      365.00      637.00        0.00
     0     1      360.00      638.00        0.00
     0     1      356.00      638.00        0.00
     0     1      353.00      639.00        0.00
     0     1      350.00      640.00        0.00
     0     1      347.00      641.00        0.00
     0     1      343.00      642.00        0.00
     0     1      338.00      645.00        0.00
     0     1      334.00      646.00        0.00
     0     1      331.00      649.00        0.00
     0     1      328.00      650.00        0.00
     0     1      324.00      652.00        0.00
     0     1      320.00      653.00        0.00
     0     1      315.00      655.00        0.00
     0     1      312.00      657.00        0.00
     0     1      309.00      659.00        0.00
     0     1      306.00      660.00        0.00
     0     1      303.00      661.00        0.00
     0     1      300.00      662.00        0.00
     0     1      296.00      662.00        0.00
     0     1      293.00      663.00        0.00
     0     1      289.00      664.00        0.00
     0     1      286.00      665.00        0.00
     0     1      282.00      665.00        0.00
     0     1      278.00      666.00        0.00
     0     1      274.00      666.00        0.00
     0     1      268.00      666.00        0.00
     0     1      264.00      666.00        0.00
     0     1      261.00      667.00        0.00
     0     1      256.00      667.00        0.00
     0     1      251.00      669.00        0.00
     0     1      248.00      670.00        0.00
     0     1      244.00      671.00        0.00
     0     1      240.00      672.00        0.00
     0     1      236.00      672.00        0.00
     0     1      232.00      673.00        0.00
     0     1      228.00      675.00        0.00
     0     1      223.00      676.00        0.00
     0     1      219.00      677.00        0.00
     0     1      215.00      678.00        0.00
     0     1      212.00      679.00        0.00
     0     1      208.00      680.00        0.00
     0     1      204.00      680.00        0.00
     0     1      197.00      681.00        0.00
     0     1      193.00      681.00        0.00
     0     1      190.00      682.00        0.00
     0     1      186.00      683.00        0.00
     0     1      182.00      684.00        0.00
     0     1      176.00      685.00        0.00
     0     1      170.00      687.00        0.00
     0     1      163.00      689.00        0.00
     0     1      160.00      691.00        0.00
     0     1      156.00      692.00        0.00
     0     1      150.00      693.00        0.00
     0     1      145.00      695.00        0.00
     0     1      141.00      696.00        0.00
     0     1      137.00      697.00        0.00
     0     1      134.00      698.00        0.00
     0     1      130.00      699.00        0.00
     0     1      125.00      699.00        0.00
     0     1      120.00      699.00        0.00
     0     1      116.00      699.00        0.00
     0     1      112.00      700.00        0.00
     0     1      107.00      700.00        0.00
     0     1      104.00      701.00        0.00
     0     1      101.00      702.00        0.00
     0     1       97.00      702.00        0.00
     0     1       94.00      703.00        0.00
     0     1       89.00      703.00        0.00
     0     1       85.00      704.00        0.00
     0     1       81.00      704.00        0.00
     0     1       77.00      704.00        0.00
     0     1       73.00      704.00        0.00
     0     1       69.00      704.00        0.00
     0     1       65.00      704.00        0.00
     0     1       61.00      704.00        0.00
     0     1       57.00      704.00        0.00
     0     1       53.00      704.00        0.00
     0     1       48.00      704.00        0.00
     0     1       44.00      705.00        0.00
     0     1       41.00      707.00        0.00
     0     1       38.00      708.00        0.00
     0     1       35.00      710.00        0.00
     0     1       32.00      712.00        0.00
     0     1       29.00      714.00        0.00
     0     1       26.00      716.00        0.00
     0     1       23.00      718.00        0.00
     0     1       20.00      719.00        0.00
     0     1       17.00      720.00        0.00
     0     1       13.00      720.00        0.00
     0     1        9.00      721.00        0.00
     0     1        5.00      721.00        0.00
     0     1        0.00      721.00        0.00
     1     0      622.00      443.00        0.00
     1     0      619.00      441.00        0.00
     1     0      618.00      438.00        0.00
     1     0      618.00      434.00        0.00
     1     0      619.00      430.00        0.00
     1     0      622.00      427.00        0.00
     1     0      625.00      426.00        0.00
     1     0      628.00      425.00        0.00
     1     0      632.00      425.00        0.00
     1     0      635.00      426.00        0.00
     1     0      637.00      429.00        0.00
     1     0      639.00      432.00        0.00
     1     0      640.00      435.00        0.00
     1     0      640.00      439.00        0.00
     1     0      639.00      442.00        0.00
     1     0      638.00      445.00        0.00
     1     0      635.00      447.00        0.00
     1     1      659.00      457.00        0.00
     1     1      656.00      455.00        0.00
     1     1      655.00      452.00        0.00
     1     1      654.00      449.00        0.00
     1     1      654.00      445.00        0.00
     1     1      654.00      441.00        0.00
     1     1      653.00      437.00        0.00
     1     1      653.00      433.00        0.00
     1     1      654.00      430.00        0.00
     1     1      655.00      427.00        0.00
     1     1      658.00      424.00        0.00
     1     1      661.00      422.00        0.00
     1     1      664.00      421.00        0.00
     1     1      668.00      420.00        0.00
     1     1      672.00      420.00        0.00
     1     1      676.00      420.00        0.00
     1     1      679.00      421.00        0.00
     1     1      682.00      422.00        0.00
     1     1      684.00      425.00        0.00
     1     1      684.00      429.00        0.00
     1     1      685.00      432.00        0.00
     1     1      686.00      435.00        0.00
     1     1      687.00      438.00        0.00
     1     1      687.00      442.00        0.00
     1     1      687.00      446.00        0.00
     1     1      687.00      450.00        0.00
     1     1      686.00      453.00        0.00
     1     1      685.00      456.00        0.00
     1     1      683.00      459.00        0.00
     1     1      680.00      460.00        0.00
     1     1      677.00      461.00        0.00
     1     2      745.00      469.00        0.00
     1     2      742.00      471.00        0.00
     1     2      739.00      472.00        0.00
     1     2      736.00      471.00        0.00
     1     2      733.00      470.00        0.00
     1     2      730.00      468.00        0.00
     1     2      727.00      465.00        0.00
     1     2      725.00      462.00        0.00
     1     2      723.00      459.00        0.00
     1     2      721.00      456.00        0.00
     1     2      720.00      453.00        0.00
     1     2      720.00      449.00        0.00
     1     2      719.00      446.00        0.00
     1     2      719.00      442.00        0.00
     1     2      719.00      438.00        0.00
     1     2      720.00      435.00        0.00
     1     2      722.00      431.00        0.00
     1     2      723.00      427.00        0.00
     1     2      726.00      426.00        0.00
     1     2      729.00      424.00        0.00
     1     2      732.00      423.00        0.00
     1     2      736.00      423.00        0.00
     1     2      740.00      424.00        0.00
     1     2      743.00      425.00        0.00
     1     2      745.00      428.00        0.00
     1     2      747.00      431.00        0.00
     1     2      748.00      434.00        0.00
     1     2      750.00      437.00        0.00
     1     2      751.00      441.00        0.00
     1     2      752.00      444.00        0.00
     1     2      752.00      448.00        0.00
     1     2      752.00      452.00        0.00
     1     2      753.00      456.00        0.00
     1     2      753.00      460.00        0.00
     1     2      753.00      464.00        0.00
     1     3      772.00      474.00        0.00
     1     3      767.00      472.00        0.00
     1     3      764.00      469.00        0.00
     1     3      762.00      466.00        0.00
     1     3      761.00      463.00        0.00
     1     3      760.00      460.00        0.00
     1     3      759.00      457.00        0.00
     1     3      758.00      453.00        0.00
     1     3      758.00      449.00        0.00
     1     3      758.00      445.00        0.00
     1     3      757.00      442.00        0.00
     1     3      759.00      439.00        0.00
     1     3      760.00      436.00        0.00
     1     3      763.00      434.00        0.00
     1     3      767.00      434.00        0.00
     1     3      771.00      434.00        0.00
     1     3      774.00      435.00        0.00
     1     3      777.00      437.00        0.00
     1     3      779.00      440.00        0.00
     1     3      780.00      443.00        0.00
     1     3      780.00      447.00        0.00
     1     3      781.00      450.00        0.00
     1     3      782.00      453.00        0.00
     1     3      783.00      456.00        0.00
     1     3      784.00      459.00        0.00
     1     3      787.00      462.00        0.00
     1     3      787.00      466.00        0.00
     1     3      787.00      470.00        0.00
     1     4      573.00      444.00        0.00
     1     4      569.00      445.00        0.00
     1     4      564.00      445.00        0.00
     1     4      561.00      444.00        0.00
     1     4      558.00      441.00        0.00
     1     4      556.00      438.00        0.00
     1     4      555.00      435.00        0.00
     1     4      557.00      431.00        0.00
     1     4      559.00      428.00        0.00
     1     4      562.00      426.00        0.00
     1     4      565.00      424.00        0.00
     1     4      567.00      421.00        0.00
     1     4      570.00      420.00        0.00
     1     4      573.00      419.00        0.00
     1     4      578.00      419.00        0.00
     1     4      581.00      422.00        0.00
     1     4      583.00      425.00        0.00
     1     4      584.00      429.00        0.00
     1     4      584.00      433.00        0.00
     1     4      583.00      437.00        0.00
     1     4      582.00      440.00        0.00
     1     5      492.00      432.00        0.00
     1     5      490.00      435.00        0.00
     1     5      487.00      438.00        0.00
     1     5      484.00      440.00        0.00
     1     5      481.00      441.00        0.00
     1     5      477.00      441.00        0.00
     1     5      474.00      442.00        0.00
     1     5      470.00      442.00        0.00
     1     5      466.00      440.00        0.00
     1     5      463.00      437.00        0.00
     1     5      461.00      434.00        0.00
     1     5      459.00      431.00        0.00
     1     5      457.00      427.00        0.00
     1     5      456.00      424.00        0.00
     1     5      455.00      421.00        0.00
     1     5      455.00      416.00        0.00
     1     5      456.00      412.00        0.00
     1     5      457.00      409.00        0.00
     1     5      460.00      407.00        0.00
     1     5      463.00      405.00        0.00
     1     5      468.00      405.00        0.00
     1     5      472.00      405.00        0.00
     1     5      475.00      406.00        0.00
     1     5      478.00      408.00        0.00
     1     5      481.00      410.00        0.00
     1     5      483.00      413.00        0.00
     1     5      485.00      416.00        0.00
     1     5      488.00      419.00        0.00
     1     5      489.00      422.00        0.00
     1     5      491.00      425.00        0.00
     1     6     1150.00      519.00        0.00
     1     6     1146.00      519.00        0.00
     1     6     1142.00      519.00        0.00
     1     6     1139.00      518.00        0.00
     1     6     1136.00      516.00        0.00
     1     6     1133.00      514.00        0.00
     1     6     1130.00      511.00        0.00
     1     6     1129.00      508.00        0.00
     1     6     1129.00      504.00        0.00
     1     6     1130.00      501.00        0.00
     1     6     1131.00      498.00        0.00
     1     6     1133.00      495.00        0.00
     1     6     1136.00      493.00        0.00
     1     6     1139.00      492.00        0.00
     1     6     1143.00      492.00        0.00
     1     6     1147.00      492.00        0.00
     1     6     1150.00      493.00        0.00
     1     6     1153.00      495.00        0.00
     1     6     1155.00      498.00        0.00
     1     6     1158.00      501.00        0.00
     1     6     1161.00      504.00        0.00
     1     6     1162.00      507.00        0.00
     1     6     1163.00      510.00        0.00
