     0     0       61.33      974.33        0.00
     0     0       57.33      974.33        0.00
     0     0       53.33      973.00        0.00
     0     0       50.00      971.67        0.00
     0     0       46.67      971.00        0.00
     0     0       42.67      969.00        0.00
     0     0       39.33      967.00        0.00
     0     0       35.33      965.67        0.00
     0     0       31.33      963.00        0.00
     0     0       28.67      961.00        0.00
     0     0       25.33      959.00        0.00
     0     0       22.00      956.33        0.00
     0     0       19.33      953.67        0.00
     0     0       17.33      951.00        0.00
     0     0       15.33      948.33        0.00
     0     0       13.33      945.67        0.00
     0     0       11.33      943.00        0.00
     0     0        9.33      939.67        0.00
     0     0        7.33      937.00        0.00
     0     0        7.33      933.67        0.00
     0     0        7.33      930.33        0.00
     0     0        7.33      927.00        0.00
     0     0        9.33      923.67        0.00
     0     0       12.67      921.00        0.00
     0     0       14.67      918.33        0.00
     0     0       19.33      915.67        0.00
     0     0       22.00      913.67        0.00
     0     0       25.33      911.00        0.00
     0     0       28.00      909.00        0.00
     0     0       32.00      907.00        0.00
     0     0       34.67      905.00        0.00
     0     0       38.00      901.67        0.00
     0     0       42.00      899.67        0.00
     0     0       46.00      897.00        0.00
     0     0       49.33      895.67        0.00
     0     0       52.00      893.67        0.00
     0     0       54.67      891.67        0.00
     0     0       58.00      889.67        0.00
     0     0       62.00      887.00        0.00
     0     0       65.33      885.67        0.00
     0     0       68.67      883.67        0.00
     0     0       72.00      881.67        0.00
     0     0       76.00      880.33        0.00
     0     0       79.33      878.33        0.00
     0     0       83.33      876.33        0.00
     0     0       86.67      873.67        0.00
     0     0       90.67      871.67        0.00
     0     0       93.33      869.67        0.00
     0     0       96.67      868.33        0.00
     0     0      100.67      866.33        0.00
     0     0      103.33      864.33        0.00
     0     0      106.00      862.33        0.00
     0     0      108.67      859.67        0.00
     0     0      111.33      857.67        0.00
     0     0      114.00      855.67        0.00
     0     0      118.00      853.00        0.00
     0     0      121.33      851.67        0.00
     0     0      124.67      849.67        0.00
     0     0      128.00      847.67        0.00
     0     0      130.67      845.67        0.00
     0     0      134.00      844.33        0.00
     0     0      136.67      842.33        0.00
     0     0      140.00      841.00        0.00
     0     0      143.33      839.00        0.00
     0     0      146.67      838.33        0.00
     0     0      150.67      837.00        0.00
     0     0      154.00      836.33        0.00
     0     0      158.00      835.67        0.00
     0     0      161.33      835.00        0.00
     0     0      166.00      835.00        0.00
     0     0      170.00      835.00        0.00
     0     0      173.33      835.00        0.00
     0     0      177.33      834.33        0.00
     0     0      182.67      834.33        0.00
     0     0      186.00      833.67        0.00
     0     0      190.00      833.67        0.00
     0     0      193.33      833.67        0.00
     0     0      197.33      834.33        0.00
     0     0      200.67      834.33        0.00
     0     0      204.00      835.00        0.00
     0     0      207.33      835.00        0.00
     0     0      212.67      835.00        0.00
     0     0      216.67      835.00        0.00
     0     0      220.67      835.67        0.00
     0     0      224.00      835.67        0.00
     0     0      227.33      836.33        0.00
     0     0      230.67      837.00        0.00
     0     0      234.00      837.67        0.00
     0     0      238.00      839.00        0.00
     0     0      241.33      841.00        0.00
     0     0      245.33      841.67        0.00
     0     0      248.67      842.33        0.00
     0     0      252.00      843.00        0.00
     0     0      254.67      845.00        0.00
     0     0      257.33      847.00        0.00
     0     0      260.67      848.33        0.00
     0     0      264.67      850.33        0.00
     0     0      268.00      851.67        0.00
     0     0      272.00      853.67        0.00
     0     0      275.33      855.67        0.00
     0     0      278.67      857.00        0.00
     0     0      281.33      859.00        0.00
     0     0      286.00      861.00        0.00
     0     0      289.33      863.00        0.00
     0     0      293.33      864.33        0.00
     0     0      297.33      866.33        0.00
     0     0      300.67      867.00        0.00
     0     0      304.00      869.00        0.00
     0     0      308.00      870.33        0.00
     0     0      311.33      872.33        0.00
     0     0      314.67      874.33        0.00
     0     0      318.00      876.33        0.00
     0     0      320.67      879.00        0.00
     0     0      322.67      881.67        0.00
     0     0      322.67      885.00        0.00
     0     0      322.67      888.33        0.00
     0     0      322.00      891.67        0.00
     0     0      320.00      894.33        0.00
     0     0      318.00      897.67        0.00
     0     0      315.33      901.00        0.00
     0     0      313.33      903.67        0.00
     0     0      311.33      907.00        0.00
     0     0      308.67      909.67        0.00
     0     0      306.67      912.33        0.00
     0     0      304.00      915.00        0.00
     0     0      300.67      918.33        0.00
     0     0      298.00      920.33        0.00
     0     0      296.00      923.00        0.00
     0     0      293.33      927.00        0.00
     0     0      292.00      930.33        0.00
     0     0      290.00      933.00        0.00
     0     0      288.00      935.67        0.00
     0     0      286.00      939.00        0.00
     0     0      283.33      941.67        0.00
     0     0      281.33      945.00        0.00
     0     0      278.67      948.33        0.00
     0     0      276.67      952.33        0.00
     0     0      274.00      955.00        0.00
     0     0      272.00      957.67        0.00
     0     0      269.33      960.33        0.00
     0     0      266.67      962.33        0.00
     0     0      263.33      964.33        0.00
     0     0      260.00      966.33        0.00
     0     0      246.67      969.00        0.00
     0     0      242.00      970.33        0.00
     0     0      238.67      971.00        0.00
     0     0      234.00      971.67        0.00
     0     0      229.33      973.00        0.00
     0     0      225.33      974.33        0.00
     0     0      222.00      975.67        0.00
     0     0      218.67      977.00        0.00
     0     0      215.33      979.00        0.00
     0     0      212.00      981.00        0.00
     0     0      208.67      983.67        0.00
     0     0      206.00      985.67        0.00
     0     0      203.33      987.67        0.00
     0     0      200.67      989.67        0.00
     0     0      197.33      991.67        0.00
     0     0      194.00      993.67        0.00
     0     0      190.67      995.00        0.00
     0     0      187.33      996.33        0.00
     0     0      183.33      998.33        0.00
     0     0      180.67     1000.33        0.00
     0     0      178.00     1002.33        0.00
     0     0      175.33     1005.67        0.00
     0     0      173.33     1008.33        0.00
     0     0      171.33     1011.00        0.00
     0     0      169.33     1014.33        0.00
     0     0      167.33     1017.00        0.00
     0     0      166.00     1020.33        0.00
     0     0      164.00     1023.00        0.00
     0     0      161.33     1025.67        0.00
     0     0      158.00     1027.67        0.00
     0     0      154.00     1028.33        0.00
     0     0      149.33     1029.00        0.00
     0     0      146.00     1029.67        0.00
     0     0      143.33     1031.67        0.00
     0     0      140.00     1032.33        0.00
     0     0      136.67     1033.00        0.00
     0     0      132.67     1033.67        0.00
     0     0      128.00     1033.67        0.00
     0     0      124.00     1033.67        0.00
     0     0      120.00     1033.67        0.00
     0     0      115.33     1033.67        0.00
     0     0      111.33     1033.67        0.00
     0     0      106.67     1032.33        0.00
     0     0      102.67     1031.00        0.00
     0     0       98.67     1029.00        0.00
     0     0       96.00     1027.00        0.00
     0     0       94.67     1023.67        0.00
     0     0       94.00     1020.33        0.00
     0     0       93.33     1017.00        0.00
     0     0       94.00     1013.67        0.00
     0     0       94.67     1009.00        0.00
     0     0       96.67     1005.00        0.00
     0     0       97.33     1001.00        0.00
     0     0       98.00      997.67        0.00
     0     0       98.67      994.33        0.00
     0     0      100.00      991.00        0.00
     0     0      100.00      986.33        0.00
     0     0      100.00      983.00        0.00
     0     0       97.33      980.33        0.00
     0     0       94.67      977.67        0.00
     0     0       91.33      975.67        0.00
     0     0       88.00      975.00        0.00
     0     0       84.67      974.33        0.00
     0     0       80.67      974.33        0.00
     0     1      645.33      516.00        0.00
     0     1      643.33      518.67        0.00
     0     1      640.67      520.67        0.00
     0     1      638.67      524.00        0.00
     0     1      636.00      526.67        0.00
     0     1      632.67      529.33        0.00
     0     1      630.00      531.33        0.00
     0     1      626.67      532.67        0.00
     0     1      623.33      533.33        0.00
     0     1      620.00      533.33        0.00
     0     1      616.67      533.33        0.00
     0     1      613.33      532.67        0.00
     0     1      610.00      531.33        0.00
     0     1      606.67      530.67        0.00
     0     1      603.33      530.67        0.00
     0     1      600.00      530.67        0.00
     0     1      596.67      532.67        0.00
     0     1      593.33      534.67        0.00
     0     1      590.67      536.67        0.00
     0     1      588.67      539.33        0.00
     0     1      586.67      542.67        0.00
     0     1      584.67      546.00        0.00
     0     1      582.67      548.67        0.00
     0     1      580.00      551.33        0.00
     0     1      576.67      553.33        0.00
     0     1      573.33      553.33        0.00
     0     1      568.67      553.33        0.00
     0     1      564.67      552.00        0.00
     0     1      561.33      551.33        0.00
     0     1      557.33      549.33        0.00
     0     1      554.00      547.33        0.00
     0     1      550.00      546.00        0.00
     0     1      546.00      544.00        0.00
     0     1      542.00      542.00        0.00
     0     1      538.67      540.67        0.00
     0     1      536.00      538.67        0.00
     0     1      532.67      536.67        0.00
     0     1      530.00      534.00        0.00
     0     1      526.67      531.33        0.00
     0     1      524.00      529.33        0.00
     0     1      521.33      527.33        0.00
     0     1      518.00      525.33        0.00
     0     1      516.00      522.67        0.00
     0     1      513.33      520.00        0.00
     0     1      510.67      517.33        0.00
     0     1      508.67      514.67        0.00
     0     1      506.67      511.33        0.00
     0     1      504.00      508.00        0.00
     0     1      502.00      504.67        0.00
     0     1      500.67      501.33        0.00
     0     1      500.00      496.67        0.00
     0     1      499.33      492.67        0.00
     0     1      499.33      489.33        0.00
     0     1      500.67      485.33        0.00
     0     1      502.00      481.33        0.00
     0     1      502.67      477.33        0.00
     0     1      504.00      473.33        0.00
     0     1      504.67      470.00        0.00
     0     1      506.00      466.00        0.00
     0     1      507.33      462.67        0.00
     0     1      508.00      459.33        0.00
     0     1      508.67      456.00        0.00
     0     1      509.33      452.67        0.00
     0     1      510.00      448.67        0.00
     0     1      510.67      444.00        0.00
     0     1      510.67      440.67        0.00
     0     1      510.67      436.67        0.00
     0     1      510.00      432.00        0.00
     0     1      510.00      428.67        0.00
     0     1      509.33      424.00        0.00
     0     1      509.33      419.33        0.00
     0     1      510.00      415.33        0.00
     0     1      510.00      410.67        0.00
     0     1      510.67      407.33        0.00
     0     1      510.67      404.00        0.00
     0     1      511.33      398.67        0.00
     0     1      511.33      395.33        0.00
     0     1      512.00      390.67        0.00
     0     1      512.67      387.33        0.00
     0     1      513.33      383.33        0.00
     0     1      514.00      378.67        0.00
     0     1      515.33      375.33        0.00
     0     1      516.67      372.00        0.00
     0     1      517.33      368.67        0.00
     0     1      519.33      365.33        0.00
     0     1      520.67      361.33        0.00
     0     1      521.33      358.00        0.00
     0     1      521.33      354.67        0.00
     0     1      521.33      351.33        0.00
     0     1      521.33      347.33        0.00
     0     1      522.00      344.00        0.00
     0     1      520.67      332.00        0.00
     0     1      520.67      328.67        0.00
     0     1      520.67      325.33        0.00
     0     1      520.67      321.33        0.00
     0     1      520.00      317.33        0.00
     0     1      519.33      313.33        0.00
     0     1      517.33      309.33        0.00
     0     1      515.33      306.00        0.00
     0     1      513.33      301.33        0.00
     0     1      511.33      298.67        0.00
     0     1      509.33      295.33        0.00
     0     1      507.33      292.00        0.00
     0     1      505.33      288.67        0.00
     0     1      503.33      286.00        0.00
     0     1      501.33      283.33        0.00
     0     1      498.67      280.00        0.00
     0     1      496.00      276.67        0.00
     0     1      494.00      274.00        0.00
     0     1      491.33      272.00        0.00
     0     1      488.67      269.33        0.00
     0     1      486.00      266.67        0.00
     0     1      483.33      264.67        0.00
     0     1      480.67      262.00        0.00
     0     1      478.00      259.33        0.00
     0     1      475.33      257.33        0.00
     0     1      472.67      255.33        0.00
     0     1      470.00      253.33        0.00
     0     1      466.67      250.67        0.00
     0     1      464.00      248.67        0.00
     0     1      461.33      246.67        0.00
     0     1      459.33      244.00        0.00
     0     1      456.67      240.67        0.00
     0     1      454.00      238.00        0.00
     0     1      451.33      236.00        0.00
     0     1      448.67      233.33        0.00
     0     1      445.33      230.67        0.00
     0     1      442.67      228.00        0.00
     0     1      440.00      226.00        0.00
     0     1      438.00      223.33        0.00
     0     1      435.33      220.67        0.00
     0     1      432.67      218.00        0.00
     0     1      432.00      214.67        0.00
     0     1      433.33      211.33        0.00
     0     1      435.33      208.67        0.00
     0     1      438.00      206.00        0.00
     0     1      440.00      203.33        0.00
     0     1      442.67      201.33        0.00
     0     1      445.33      199.33        0.00
     0     1      448.00      197.33        0.00
     0     1      451.33      195.33        0.00
     0     1      454.00      193.33        0.00
     0     1      456.67      191.33        0.00
     0     1      460.00      190.67        0.00
     0     1      464.00      190.00        0.00
     0     1      467.33      189.33        0.00
     0     1      470.67      189.33        0.00
     0     1      474.00      189.33        0.00
     0     1      476.67      191.33        0.00
     0     1      478.67      194.00        0.00
     0     1      481.33      196.00        0.00
     0     1      484.00      198.00        0.00
     0     1      486.67      200.00        0.00
     0     1      490.00      200.67        0.00
     0     1      493.33      202.00        0.00
     0     1      496.67      202.00        0.00
     0     1      500.67      202.00        0.00
     0     1      504.67      200.67        0.00
     0     1      508.67      199.33        0.00
     0     1      512.67      197.33        0.00
     0     1      516.00      196.00        0.00
     0     1      519.33      194.67        0.00
     0     1      523.33      192.67        0.00
     0     1      526.67      192.00        0.00
     0     1      530.67      191.33        0.00
     0     1      534.00      191.33        0.00
     0     1      538.00      191.33        0.00
     0     1      542.67      192.67        0.00
     0     1      546.67      193.33        0.00
     0     1      550.00      194.00        0.00
     0     1      554.00      194.67        0.00
     0     1      558.00      194.67        0.00
     0     1      562.67      194.67        0.00
     0     1      566.67      194.67        0.00
     0     1      570.00      194.67        0.00
     0     1      573.33      194.67        0.00
     0     1      577.33      195.33        0.00
     0     1      582.00      197.33        0.00
     0     1      585.33      199.33        0.00
     0     1      588.67      201.33        0.00
     0     1      591.33      203.33        0.00
     0     1      594.00      205.33        0.00
     0     1      598.00      208.00        0.00
     0     1      601.33      210.67        0.00
     0     1      604.67      212.67        0.00
     0     1      607.33      216.00        0.00
     0     1      610.00      218.67        0.00
     0     1      612.67      221.33        0.00
     0     1      616.67      225.33        0.00
     0     1      619.33      228.00        0.00
     0     1      623.33      232.00        0.00
     0     1      625.33      234.67        0.00
     0     1      628.67      237.33        0.00
     0     1      631.33      240.00        0.00
     0     1      636.00      243.33        0.00
     0     1      638.67      246.00        0.00
     0     1      642.00      248.67        0.00
     0     1      644.67      251.33        0.00
     0     1      647.33      254.00        0.00
     0     1      650.67      258.00        0.00
     0     1      654.00      260.67        0.00
     0     1      658.00      263.33        0.00
     0     1      660.67      266.00        0.00
     0     1      663.33      268.67        0.00
     0     1      665.33      271.33        0.00
     0     1      667.33      274.00        0.00
     0     1      670.00      276.00        0.00
     0     1      672.67      278.00        0.00
     0     1      676.67      282.00        0.00
     0     1      679.33      284.67        0.00
     0     1      682.00      288.00        0.00
     0     1      685.33      292.00        0.00
     0     1      688.67      295.33        0.00
     0     1      692.00      298.67        0.00
     0     1      696.00      302.67        0.00
     0     1      698.00      305.33        0.00
     0     1      700.67      309.33        0.00
     0     1      702.67      312.00        0.00
     0     1      704.67      315.33        0.00
     0     1      706.00      318.67        0.00
     0     1      708.00      322.67        0.00
     0     1      709.33      326.00        0.00
     0     1      712.00      330.67        0.00
     0     1      714.00      334.67        0.00
     0     1      716.00      338.67        0.00
     0     1      718.00      343.33        0.00
     0     1      720.00      348.00        0.00
     0     1      720.67      352.00        0.00
     0     1      721.33      355.33        0.00
     0     1      722.00      358.67        0.00
     0     1      723.33      362.67        0.00
     0     1      723.33      366.67        0.00
     0     1      724.00      371.33        0.00
     0     1      724.00      376.00        0.00
     0     1      724.00      379.33        0.00
     0     1      724.00      384.00        0.00
     0     1      724.00      388.67        0.00
     0     1      722.67      392.67        0.00
     0     1      721.33      396.67        0.00
     0     1      720.00      400.00        0.00
     0     1      718.67      403.33        0.00
     0     1      718.00      407.33        0.00
     0     1      716.00      412.00        0.00
     0     1      715.33      416.00        0.00
     0     1      714.00      419.33        0.00
     0     1      712.67      422.67        0.00
     0     1      711.33      426.00        0.00
     0     1      707.33      429.33        0.00
     0     1      709.33      444.67        0.00
     0     1      708.67      448.00        0.00
     0     1      708.00      451.33        0.00
     0     1      706.00      454.67        0.00
     0     1      704.00      457.33        0.00
     0     1      702.00      460.00        0.00
     0     1      700.00      462.67        0.00
     0     1      698.00      465.33        0.00
     0     1      696.00      468.67        0.00
     0     1      694.00      471.33        0.00
     0     1      691.33      474.67        0.00
     0     1      689.33      478.00        0.00
     0     1      685.33      482.00        0.00
     0     1      682.67      484.67        0.00
     0     1      680.67      487.33        0.00
     0     1      678.00      490.00        0.00
     0     1      674.67      492.67        0.00
     0     1      671.33      495.33        0.00
     0     1      668.67      497.33        0.00
     0     1      664.67      498.67        0.00
     0     1      661.33      500.67        0.00
     0     1      658.00      502.67        0.00
     0     1      655.33      504.67        0.00
     0     2      704.00      504.67        0.00
     0     2      708.00      503.33        0.00
     0     2      712.00      500.67        0.00
     0     2      716.00      496.67        0.00
     0     2      721.33      492.67        0.00
     0     2      725.33      488.67        0.00
     0     2      729.33      486.00        0.00
     0     2      732.00      483.33        0.00
     0     2      736.00      480.67        0.00
     0     2      738.67      476.67        0.00
     0     2      742.67      474.00        0.00
     0     2      745.33      471.33        0.00
     0     2      748.00      468.67        0.00
     0     2      750.67      464.67        0.00
     0     2      753.33      462.00        0.00
     0     2      754.67      458.00        0.00
     0     2      757.33      454.00        0.00
     0     2      758.67      448.67        0.00
     0     2      761.33      444.67        0.00
     0     2      765.33      440.67        0.00
     0     2      769.33      436.67        0.00
     0     2      772.00      434.00        0.00
     0     2      774.67      431.33        0.00
     0     2      777.33      428.67        0.00
     0     2      780.00      426.00        0.00
     0     2      784.00      423.33        0.00
     0     2      789.33      419.33        0.00
     0     2      793.33      418.00        0.00
     0     2      796.00      415.33        0.00
     0     2      798.67      412.67        0.00
     0     2      801.33      410.00        0.00
     0     2      804.00      407.33        0.00
     0     2      806.67      404.67        0.00
     0     2      809.33      402.00        0.00
     0     2      812.00      399.33        0.00
     0     2      814.67      396.67        0.00
     0     2      818.67      394.00        0.00
     0     2      824.00      391.33        0.00
     0     2      828.00      388.67        0.00
     0     2      833.33      387.33        0.00
     0     2      837.33      386.00        0.00
     0     2      842.67      383.33        0.00
     0     2      846.67      382.00        0.00
     0     2      849.33      379.33        0.00
     0     2      853.33      378.00        0.00
     0     2      857.33      375.33        0.00
     0     2      864.00      374.00        0.00
     0     2      866.67      371.33        0.00
     0     2      872.00      370.00        0.00
     0     2      877.33      367.33        0.00
     0     2      882.67      366.00        0.00
     0     2      886.67      364.67        0.00
     0     2      892.00      363.33        0.00
     0     2      897.33      363.33        0.00
     0     2      902.67      362.00        0.00
     0     2      908.00      362.00        0.00
     0     2      912.00      360.67        0.00
     0     2      917.33      360.67        0.00
     0     2      924.00      359.33        0.00
     0     2      929.33      358.00        0.00
     0     2      933.33      356.67        0.00
     0     2      938.67      356.67        0.00
     0     2      944.00      355.33        0.00
     0     2      950.67      355.33        0.00
     0     2      954.67      355.33        0.00
     0     2      958.67      355.33        0.00
     0     2      962.67      355.33        0.00
     0     2      970.67      354.00        0.00
     0     2      974.67      354.00        0.00
     0     2      980.00      352.67        0.00
     0     2      985.33      352.67        0.00
     0     2      990.67      352.67        0.00
     0     2      998.67      351.33        0.00
     0     2     1004.00      350.00        0.00
     0     2     1008.00      350.00        0.00
     0     2     1012.00      350.00        0.00
     0     2     1016.00      350.00        0.00
     0     2     1021.33      350.00        0.00
     0     2     1025.33      350.00        0.00
     0     2     1030.67      348.67        0.00
     0     2     1036.00      348.67        0.00
     0     2     1044.00      347.33        0.00
     0     2     1048.00      347.33        0.00
     0     2     1053.33      347.33        0.00
     0     2     1057.33      347.33        0.00
     0     2     1061.33      347.33        0.00
     0     2     1065.33      350.00        0.00
     0     2     1068.00      352.67        0.00
     0     2     1069.33      356.67        0.00
     0     2     1070.67      360.67        0.00
     0     2     1070.67      366.00        0.00
     0     2     1070.67      370.00        0.00
     0     2     1069.33      374.00        0.00
     0     2     1068.00      378.00        0.00
     0     2     1066.67      383.33        0.00
     0     2     1065.33      387.33        0.00
     0     2     1062.67      392.67        0.00
     0     2     1060.00      395.33        0.00
     0     2     1058.67      399.33        0.00
     0     2     1056.00      402.00        0.00
     0     2     1053.33      404.67        0.00
     0     2     1049.33      407.33        0.00
     0     2     1045.33      408.67        0.00
     0     2     1040.00      410.00        0.00
     0     2     1036.00      412.67        0.00
     0     2     1030.67      414.00        0.00
     0     2     1025.33      416.67        0.00
     0     2     1017.33      418.00        0.00
     0     2     1010.67      419.33        0.00
     0     2     1005.33      420.67        0.00
     0     2     1000.00      422.00        0.00
     0     2      994.67      424.67        0.00
     0     2      985.33      427.33        0.00
     0     2      978.67      431.33        0.00
     0     2      972.00      432.67        0.00
     0     2      966.67      435.33        0.00
     0     2      960.00      438.00        0.00
     0     2      954.67      440.67        0.00
     0     2      946.67      443.33        0.00
     0     2      941.33      446.00        0.00
     0     2      936.00      448.67        0.00
     0     2      929.33      451.33        0.00
     0     2      924.00      454.00        0.00
     0     2      916.00      456.67        0.00
     0     2      909.33      459.33        0.00
     0     2      904.00      462.00        0.00
     0     2      898.67      464.67        0.00
     0     2      892.00      467.33        0.00
     0     2      888.00      470.00        0.00
     0     2      884.00      472.67        0.00
     0     2      878.67      476.67        0.00
     0     2      873.33      479.33        0.00
     0     2      869.33      483.33        0.00
     0     2      865.33      486.00        0.00
     0     2      864.00      490.00        0.00
     0     2      860.00      494.00        0.00
     0     2      856.00      496.67        0.00
     0     2      852.00      500.67        0.00
     0     2      848.00      504.67        0.00
     0     2      845.33      507.33        0.00
     0     2      842.67      510.00        0.00
     0     2      840.00      512.67        0.00
     0     2      837.33      515.33        0.00
     0     2      834.67      518.00        0.00
     0     2      832.00      520.67        0.00
     0     2      829.33      524.67        0.00
     0     2      825.33      527.33        0.00
     0     2      822.67      530.00        0.00
     0     2      818.67      532.67        0.00
     0     2      816.00      535.33        0.00
     0     2      812.00      536.67        0.00
     0     2      809.33      539.33        0.00
     0     2      805.33      540.67        0.00
     0     2      800.00      544.67        0.00
     0     2      796.00      546.00        0.00
     0     2      792.00      547.33        0.00
     0     2      788.00      550.00        0.00
     0     2      784.00      552.67        0.00
     0     2      781.33      555.33        0.00
     0     2      777.33      558.00        0.00
     0     2      773.33      559.33        0.00
     0     2      769.33      562.00        0.00
     0     2      766.67      566.00        0.00
     0     2      762.67      568.67        0.00
     0     2      760.00      571.33        0.00
     0     2      756.00      574.00        0.00
     0     2      753.33      576.67        0.00
     0     2      750.67      580.67        0.00
     0     2      746.67      584.67        0.00
     0     2      744.00      587.33        0.00
     0     2      740.00      591.33        0.00
     0     2      737.33      594.00        0.00
     0     2      733.33      598.00        0.00
     0     2      728.00      600.67        0.00
     0     2      721.33      603.33        0.00
     0     2      717.33      604.67        0.00
     0     2      713.33      607.33        0.00
     0     2      708.00      610.00        0.00
     0     2      704.00      611.33        0.00
     0     2      701.33      614.00        0.00
     0     2      697.33      615.33        0.00
     0     2      693.33      616.67        0.00
     0     2      689.33      618.00        0.00
     0     2      685.33      620.67        0.00
     0     2      681.33      623.33        0.00
     0     2      676.00      624.67        0.00
     0     2      672.00      627.33        0.00
     0     2      669.33      630.00        0.00
     0     2      664.00      632.67        0.00
     0     2      661.33      635.33        0.00
     0     2      657.33      639.33        0.00
     0     2      654.67      644.67        0.00
     0     2      652.00      647.33        0.00
     0     2      648.00      647.33        0.00
     0     2      637.33      671.33        0.00
     0     2      633.33      671.33        0.00
     0     2      629.33      674.00        0.00
     0     2      628.00      679.33        0.00
     0     2      628.00      684.67        0.00
     0     2      626.67      688.67        0.00
     0     2      625.33      692.67        0.00
     0     2      624.00      696.67        0.00
     0     2      622.67      700.67        0.00
     0     2      620.00      704.67        0.00
     0     2      617.33      708.67        0.00
     0     2      614.67      714.00        0.00
     0     2      612.00      716.67        0.00
     0     2      610.67      720.67        0.00
     0     2      609.33      726.00        0.00
     0     2      608.00      731.33        0.00
     0     2      606.67      735.33        0.00
     0     2      604.00      740.67        0.00
     0     2      604.00      744.67        0.00
     0     2      604.00      748.67        0.00
     0     2      604.00      752.67        0.00
     0     2      604.00      758.00        0.00
     0     2      602.67      762.00        0.00
     0     2      602.67      766.00        0.00
     0     2      601.33      770.00        0.00
     0     2      598.67      774.00        0.00
     0     2      594.67      779.33        0.00
     0     2      590.67      784.67        0.00
     0     2      588.00      787.33        0.00
     0     2      585.33      792.67        0.00
     0     2      581.33      795.33        0.00
     0     2      577.33      799.33        0.00
     0     2      572.00      804.67        0.00
     0     2      566.67      808.67        0.00
     0     2      564.00      811.33        0.00
     0     2      558.67      816.67        0.00
     0     2      554.67      822.00        0.00
     0     2      549.33      827.33        0.00
     0     2      544.00      832.67        0.00
     0     2      540.00      838.00        0.00
     0     2      534.67      844.67        0.00
     0     2      530.67      848.67        0.00
     0     2      526.67      851.33        0.00
     0     2      521.33      858.00        0.00
     0     2      517.33      862.00        0.00
     0     2      514.67      864.67        0.00
     0     2      512.00      867.33        0.00
     0     2      506.67      870.00        0.00
     0     2      501.33      875.33        0.00
     0     2      494.67      880.67        0.00
     0     2      488.00      886.00        0.00
     0     2      482.67      890.00        0.00
     0     2      474.67      896.67        0.00
     0     2      468.00      902.00        0.00
     0     2      462.67      906.00        0.00
     0     2      457.33      911.33        0.00
     0     2      450.67      916.67        0.00
     0     2      446.67      920.67        0.00
     0     2      442.67      924.67        0.00
     0     2      437.33      931.33        0.00
     0     2      433.33      936.67        0.00
     0     2      429.33      942.00        0.00
     0     2      424.00      948.67        0.00
     0     2      420.00      952.67        0.00
     0     2      414.67      959.33        0.00
     0     2      409.33      966.00        0.00
     0     2      404.00      971.33        0.00
     0     2      400.00      975.33        0.00
     0     2      396.00      979.33        0.00
     0     2      393.33      982.00        0.00
     0     2      388.00      987.33        0.00
     0     2      384.00      991.33        0.00
     0     2      380.00      994.00        0.00
     0     2      376.00      998.00        0.00
     0     2      370.67     1000.67        0.00
     0     2      368.00     1003.33        0.00
     0     2      364.00     1006.00        0.00
     0     2      361.33     1010.00        0.00
     0     2      358.67     1012.67        0.00
     0     2      356.00     1016.67        0.00
     0     2      352.00     1019.33        0.00
     0     2      348.00     1023.33        0.00
     0     2      344.00     1024.67        0.00
     0     2      340.00     1024.67        0.00
     0     2      314.67     1026.00        0.00
     0     2      310.67     1027.33        0.00
     0     2      305.33     1028.67        0.00
     0     2      298.67     1028.67        0.00
     0     2      292.00     1028.67        0.00
     0     2      282.67     1030.00        0.00
     0     2      270.67     1030.00        0.00
     0     2      262.67     1030.00        0.00
     0     2      257.33     1031.33        0.00
     0     2      248.00     1031.33        0.00
     0     2      244.00     1031.33        0.00
     0     2      237.33     1031.33        0.00
     0     2      232.00     1031.33        0.00
     0     2      225.33     1031.33        0.00
     0     2      220.00     1030.00        0.00
     0     2      214.67     1030.00        0.00
     0     2      210.67     1030.00        0.00
     0     2      205.33     1028.67        0.00
     0     2      200.00     1027.33        0.00
     0     2      196.00     1027.33        0.00
     0     2      192.00     1026.00        0.00
     0     2      190.67     1020.67        0.00
     0     2      193.33     1016.67        0.00
     0     2      197.33     1012.67        0.00
     0     2      198.67     1008.67        0.00
     0     2      201.33     1006.00        0.00
     0     2      204.00     1003.33        0.00
     0     2      209.33      999.33        0.00
     0     2      212.00      996.67        0.00
     0     2      217.33      994.00        0.00
     0     2      224.00      991.33        0.00
     0     2      229.33      988.67        0.00
     0     2      236.00      987.33        0.00
     0     2      241.33      984.67        0.00
     0     2      246.67      982.00        0.00
     0     2      250.67      979.33        0.00
     0     2      254.67      976.67        0.00
     0     2      258.67      974.00        0.00
     0     2      262.67      971.33        0.00
     0     2      266.67      968.67        0.00
     0     2      270.67      964.67        0.00
     0     2      273.33      962.00        0.00
     0     2      277.33      958.00        0.00
     0     2      281.33      955.33        0.00
     0     2      284.00      950.00        0.00
     0     2      286.67      944.67        0.00
     0     2      289.33      940.67        0.00
     0     2      292.00      935.33        0.00
     0     2      296.00      931.33        0.00
     0     2      300.00      926.00        0.00
     0     2      302.67      923.33        0.00
     0     2      306.67      918.00        0.00
     0     2      310.67      914.00        0.00
     0     2      314.67      910.00        0.00
     0     2      317.33      906.00        0.00
     0     2      321.33      902.00        0.00
     0     2      324.00      898.00        0.00
     0     2      326.67      894.00        0.00
     0     2      330.67      888.67        0.00
     0     2      334.67      884.67        0.00
     0     2      340.00      879.33        0.00
     0     2      345.33      875.33        0.00
     0     2      349.33      871.33        0.00
     0     2      352.00      868.67        0.00
     0     2      357.33      864.67        0.00
     0     2      361.33      860.67        0.00
     0     2      364.00      856.67        0.00
     0     2      368.00      851.33        0.00
     0     2      372.00      846.00        0.00
     0     2      373.33      840.67        0.00
     0     2      376.00      835.33        0.00
     0     2      378.67      831.33        0.00
     0     2      381.33      827.33        0.00
     0     2      382.67      822.00        0.00
     0     2      385.33      818.00        0.00
     0     2      386.67      812.67        0.00
     0     2      388.00      808.67        0.00
     0     2      389.33      804.67        0.00
     0     2      392.00      799.33        0.00
     0     2      394.67      794.00        0.00
     0     2      396.00      790.00        0.00
     0     2      397.33      784.67        0.00
     0     2      400.00      780.67        0.00
     0     2      402.67      776.67        0.00
     0     2      406.67      774.00        0.00
     0     2      409.33      771.33        0.00
     0     2      414.67      768.67        0.00
     0     2      417.33      766.00        0.00
     0     2      424.00      762.00        0.00
     0     2      426.67      759.33        0.00
     0     2      430.67      756.67        0.00
     0     2      433.33      754.00        0.00
     0     2      436.00      751.33        0.00
     0     2      438.67      748.67        0.00
     0     2      442.67      744.67        0.00
     0     2      445.33      742.00        0.00
     0     2      448.00      739.33        0.00
     0     2      450.67      736.67        0.00
     0     2      453.33      734.00        0.00
     0     2      456.00      731.33        0.00
     0     2      458.67      728.67        0.00
     0     2      462.67      726.00        0.00
     0     2      465.33      723.33        0.00
     0     2      469.33      720.67        0.00
     0     2      472.00      718.00        0.00
     0     2      477.33      716.67        0.00
     0     2      480.00      714.00        0.00
     0     2      485.33      712.67        0.00
     0     2      489.33      711.33        0.00
     0     2      493.33      711.33        0.00
     0     2      497.33      710.00        0.00
     0     2      501.33      708.67        0.00
     0     2      505.33      707.33        0.00
     0     2      509.33      704.67        0.00
     0     2      512.00      702.00        0.00
     0     2      514.67      699.33        0.00
     0     2      517.33      696.67        0.00
     0     2      521.33      694.00        0.00
     0     2      524.00      691.33        0.00
     0     2      538.67      679.33        0.00
     0     2      541.33      676.67        0.00
     0     2      545.33      674.00        0.00
     0     2      549.33      670.00        0.00
     0     2      553.33      666.00        0.00
     0     2      557.33      663.33        0.00
     0     2      561.33      660.67        0.00
     0     2      565.33      658.00        0.00
     0     2      569.33      655.33        0.00
     0     2      573.33      652.67        0.00
     0     2      576.00      650.00        0.00
     0     2      580.00      647.33        0.00
     0     2      585.33      644.67        0.00
     0     2      588.00      642.00        0.00
     0     2      590.67      639.33        0.00
     0     2      593.33      636.67        0.00
     0     2      596.00      634.00        0.00
     0     2      598.67      631.33        0.00
     0     2      601.33      628.67        0.00
     0     2      605.33      624.67        0.00
     0     2      608.00      622.00        0.00
     0     2      610.67      618.00        0.00
     0     2      613.33      615.33        0.00
     0     2      616.00      611.33        0.00
     0     2      618.67      607.33        0.00
     0     2      621.33      604.67        0.00
     0     2      624.00      602.00        0.00
     0     2      626.67      599.33        0.00
     0     2      629.33      595.33        0.00
     0     2      633.33      592.67        0.00
     0     2      636.00      588.67        0.00
     0     2      638.67      586.00        0.00
     0     2      640.00      582.00        0.00
     0     2      644.00      578.00        0.00
     0     2      646.67      575.33        0.00
     0     2      649.33      572.67        0.00
     0     2      652.00      568.67        0.00
     0     2      654.67      564.67        0.00
     0     2      657.33      559.33        0.00
     0     2      660.00      555.33        0.00
     0     2      662.67      551.33        0.00
     0     2      665.33      547.33        0.00
     0     2      668.00      543.33        0.00
     0     2      670.67      540.67        0.00
     0     2      674.67      538.00        0.00
     0     2      677.33      534.00        0.00
     0     2      680.00      531.33        0.00
     0     2      685.33      528.67        0.00
     0     2      688.00      526.00        0.00
     0     2      692.00      524.67        0.00
     0     2      694.67      522.00        0.00
     0     2      697.33      519.33        0.00
     1     0      401.00      227.50        0.00
     1     0      398.50      228.00        0.00
     1     0      396.00      228.50        0.00
     1     0      393.50      229.00        0.00
     1     0      391.50      227.50        0.00
     1     0      391.00      225.00        0.00
     1     0      391.00      222.50        0.00
     1     0      392.00      220.00        0.00
     1     0      393.00      217.50        0.00
     1     0      394.50      215.50        0.00
     1     0      396.50      213.50        0.00
     1     0      398.50      212.00        0.00
     1     0      401.00      211.00        0.00
     1     0      403.50      210.00        0.00
     1     0      406.00      210.00        0.00
     1     0      408.50      210.00        0.00
     1     0      410.00      212.00        0.00
     1     0      411.00      214.50        0.00
     1     0      411.00      217.00        0.00
     1     0      411.00      219.50        0.00
     1     0      410.00      222.00        0.00
     1     0      408.50      224.00        0.00
     1     0      406.50      225.50        0.00
     1     1      446.50      191.00        0.00
     1     1      444.50      192.50        0.00
     1     1      442.00      192.00        0.00
     1     1      440.00      190.50        0.00
     1     1      439.00      188.00        0.00
     1     1      439.00      185.50        0.00
     1     1      438.50      183.00        0.00
     1     1      439.50      180.50        0.00
     1     1      441.00      177.50        0.00
     1     1      443.50      176.50        0.00
     1     1      446.00      176.50        0.00
     1     1      448.50      177.50        0.00
     1     1      450.50      179.50        0.00
     1     1      451.00      182.00        0.00
     1     1      451.00      184.50        0.00
     1     1      450.00      187.00        0.00
     1     2      482.00      182.50        0.00
     1     2      477.00      184.00        0.00
     1     2      474.00      184.00        0.00
     1     2      472.00      182.50        0.00
     1     2      470.50      179.50        0.00
     1     2      470.50      177.00        0.00
     1     2      470.50      174.50        0.00
     1     2      471.00      171.50        0.00
     1     2      472.50      169.50        0.00
     1     2      474.50      167.50        0.00
     1     2      476.00      165.50        0.00
     1     2      478.00      164.00        0.00
     1     2      480.50      164.00        0.00
     1     2      483.00      164.00        0.00
     1     2      485.00      165.50        0.00
     1     2      487.00      167.50        0.00
     1     2      488.50      169.50        0.00
     1     2      489.50      172.00        0.00
     1     2      489.50      174.50        0.00
     1     2      489.50      177.00        0.00
     1     2      488.00      179.50        0.00
     1     3      499.00      198.50        0.00
     1     3      494.00      200.50        0.00
     1     3      491.00      200.00        0.00
     1     3      488.50      198.50        0.00
     1     3      486.50      196.50        0.00
     1     3      485.00      194.00        0.00
     1     3      483.50      191.50        0.00
     1     3      483.50      189.00        0.00
     1     3      483.50      186.50        0.00
     1     3      485.50      185.00        0.00
     1     3      487.50      183.50        0.00
     1     3      489.50      182.00        0.00
     1     3      490.50      179.50        0.00
     1     3      492.50      178.00        0.00
     1     3      493.50      175.50        0.00
     1     3      495.00      173.50        0.00
     1     3      497.50      173.50        0.00
     1     3      500.00      175.00        0.00
     1     3      500.50      177.50        0.00
     1     3      501.00      180.00        0.00
     1     3      501.00      182.50        0.00
     1     3      502.00      185.00        0.00
     1     3      502.50      187.50        0.00
     1     3      503.00      190.00        0.00
     1     3      502.50      192.50        0.00
     1     4      517.50      185.00        0.00
     1     4      512.50      186.50        0.00
     1     4      510.00      186.50        0.00
     1     4      508.50      184.00        0.00
     1     4      508.00      181.50        0.00
     1     4      508.00      179.00        0.00
     1     4      509.50      177.00        0.00
     1     4      511.00      175.00        0.00
     1     4      513.00      173.00        0.00
     1     4      515.50      172.00        0.00
     1     4      518.00      172.00        0.00
     1     4      520.50      172.00        0.00
     1     4      522.50      173.50        0.00
     1     4      523.00      176.00        0.00
     1     4      523.50      178.50        0.00
     1     4      521.00      180.00        0.00
     1     5      458.00      170.50        0.00
     1     5      455.50      171.00        0.00
     1     5      452.50      170.00        0.00
     1     5      450.50      168.50        0.00
     1     5      449.00      166.00        0.00
     1     5      448.50      163.50        0.00
     1     5      448.00      160.50        0.00
     1     5      449.00      157.50        0.00
     1     5      451.00      155.50        0.00
     1     5      453.00      153.50        0.00
     1     5      455.50      152.50        0.00
     1     5      458.00      152.00        0.00
     1     5      460.50      151.50        0.00
     1     5      463.00      152.00        0.00
     1     5      465.50      152.50        0.00
     1     5      467.00      154.50        0.00
     1     5      468.00      157.00        0.00
     1     5      468.00      159.50        0.00
     1     5      468.00      162.00        0.00
     1     5      466.50      164.50        0.00
     1     5      464.50      166.00        0.00
     1     6      443.50      172.50        0.00
     1     6      440.00      172.50        0.00
     1     6      437.00      170.50        0.00
     1     6      434.50      169.00        0.00
     1     6      432.00      166.50        0.00
     1     6      430.00      165.00        0.00
     1     6      428.00      163.00        0.00
     1     6      426.00      161.00        0.00
     1     6      425.00      158.50        0.00
     1     6      424.50      155.50        0.00
     1     6      425.00      153.00        0.00
     1     6      426.50      150.50        0.00
     1     6      429.00      149.00        0.00
     1     6      431.50      148.50        0.00
     1     6      434.00      147.50        0.00
     1     6      436.50      147.50        0.00
     1     6      439.00      147.00        0.00
     1     6      442.00      147.00        0.00
     1     6      444.50      148.00        0.00
     1     6      446.50      149.50        0.00
     1     6      448.00      151.50        0.00
     1     6      449.00      154.00        0.00
     1     6      449.50      156.50        0.00
     1     6      450.00      159.00        0.00
     1     6      450.50      161.50        0.00
     1     6      450.50      164.00        0.00
     1     6      450.00      166.50        0.00
     1     6      449.00      169.00        0.00
     1     7      795.50      398.00        0.00
     1     7      793.50      399.50        0.00
     1     7      791.00      400.00        0.00
     1     7      788.50      400.00        0.00
     1     7      785.50      398.50        0.00
     1     7      783.50      396.50        0.00
     1     7      783.00      394.00        0.00
     1     7      782.50      391.50        0.00
     1     7      783.50      389.00        0.00
     1     7      785.50      387.00        0.00
     1     7      787.50      385.50        0.00
     1     7      789.50      383.50        0.00
     1     7      791.00      381.50        0.00
     1     7      793.00      379.50        0.00
     1     7      796.00      378.00        0.00
     1     7      798.50      378.00        0.00
     1     7      801.00      378.50        0.00
     1     7      802.50      380.50        0.00
     1     7      803.50      383.50        0.00
     1     7      804.00      386.00        0.00
     1     7      804.50      388.50        0.00
     1     7      804.00      391.00        0.00
     1     7      803.00      393.50        0.00
     1     8      771.00      403.50        0.00
     1     8      768.50      404.00        0.00
     1     8      766.00      404.00        0.00
     1     8      763.50      404.00        0.00
     1     8      761.50      402.50        0.00
     1     8      760.00      400.00        0.00
     1     8      759.50      397.00        0.00
     1     8      759.50      394.00        0.00
     1     8      759.50      391.50        0.00
     1     8      761.00      389.50        0.00
     1     8      762.00      387.00        0.00
     1     8      764.00      385.00        0.00
     1     8      766.50      384.00        0.00
     1     8      769.00      384.00        0.00
     1     8      771.50      384.50        0.00
     1     8      773.00      386.50        0.00
     1     8      774.50      389.00        0.00
     1     8      776.00      391.50        0.00
     1     8      777.00      394.00        0.00
     1     8      777.50      396.50        0.00
     1     8      777.50      399.00        0.00
     1     9      762.00      434.50        0.00
     1     9      758.00      434.00        0.00
     1     9      756.00      432.50        0.00
     1     9      754.00      431.00        0.00
     1     9      753.00      428.50        0.00
     1     9      752.00      426.00        0.00
     1     9      752.00      423.50        0.00
     1     9      752.50      421.00        0.00
     1     9      753.50      418.50        0.00
     1     9      755.00      416.50        0.00
     1     9      757.00      415.00        0.00
     1     9      759.50      414.00        0.00
     1     9      762.50      413.50        0.00
     1     9      765.00      413.50        0.00
     1     9      767.50      413.50        0.00
     1     9      770.00      414.50        0.00
     1     9      771.00      417.00        0.00
     1     9      771.00      419.50        0.00
     1     9      770.50      422.00        0.00
     1     9      769.50      424.50        0.00
     1    10      937.00      355.00        0.00
     1    10      932.50      355.00        0.00
     1    10      929.00      353.50        0.00
     1    10      926.50      352.50        0.00
     1    10      924.00      351.50        0.00
     1    10      922.50      349.00        0.00
     1    10      921.00      346.50        0.00
     1    10      920.50      344.00        0.00
     1    10      920.00      341.00        0.00
     1    10      921.00      338.50        0.00
     1    10      922.50      336.50        0.00
     1    10      925.00      336.00        0.00
     1    10      927.50      335.50        0.00
     1    10      930.00      335.50        0.00
     1    10      932.50      335.50        0.00
     1    10      935.50      336.00        0.00
     1    10      938.00      337.00        0.00
     1    10      940.50      338.50        0.00
     1    10      943.00      339.50        0.00
     1    10      945.50      340.50        0.00
     1    10      947.00      342.50        0.00
     1    10      947.50      345.00        0.00
     1    10      947.50      347.50        0.00
     1    10      946.50      350.00        0.00
     1    10      945.00      352.00        0.00
     1    11      999.50      461.00        0.00
     1    11      997.50      462.50        0.00
     1    11      995.00      462.50        0.00
     1    11      992.50      462.00        0.00
     1    11      989.50      460.50        0.00
     1    11      987.50      459.00        0.00
     1    11      986.00      457.00        0.00
     1    11      984.00      455.00        0.00
     1    11      983.00      452.50        0.00
     1    11      981.50      450.00        0.00
     1    11      980.00      447.00        0.00
     1    11      979.00      444.50        0.00
     1    11      979.00      442.00        0.00
     1    11      980.00      439.50        0.00
     1    11      981.50      437.50        0.00
     1    11      983.00      435.50        0.00
     1    11      985.50      434.00        0.00
     1    11      988.00      432.50        0.00
     1    11      990.50      432.50        0.00
     1    11      993.00      432.00        0.00
     1    11      995.50      432.00        0.00
     1    11      998.00      432.50        0.00
     1    11     1000.50      433.00        0.00
     1    11     1002.50      435.00        0.00
     1    11     1004.00      437.00        0.00
     1    11     1005.00      439.50        0.00
     1    11     1005.50      442.00        0.00
     1    11     1006.50      444.50        0.00
     1    11     1007.00      447.00        0.00
     1    11     1007.00      449.50        0.00
     1    11     1007.50      452.00        0.00
     1    11     1007.50      454.50        0.00
     1    11     1007.50      457.00        0.00
     1    12      734.50      460.50        0.00
     1    12      731.00      462.00        0.00
     1    12      728.50      462.00        0.00
     1    12      726.50      460.50        0.00
     1    12      725.50      458.00        0.00
     1    12      725.00      455.50        0.00
     1    12      727.50      454.00        0.00
     1    12      729.50      452.50        0.00
     1    12      731.00      450.00        0.00
     1    12      732.50      448.00        0.00
     1    12      734.50      446.50        0.00
     1    12      737.50      446.00        0.00
     1    12      739.00      448.00        0.00
     1    12      740.00      450.50        0.00
     1    12      740.00      453.00        0.00
     1    12      740.00      455.50        0.00
     1    13      705.00      473.00        0.00
     1    13      703.00      475.00        0.00
     1    13      700.50      476.50        0.00
     1    13      698.00      477.00        0.00
     1    13      695.50      475.00        0.00
     1    13      695.00      472.50        0.00
     1    13      695.00      469.50        0.00
     1    13      695.50      467.00        0.00
     1    13      696.50      464.50        0.00
     1    13      697.50      462.00        0.00
     1    13      699.00      460.00        0.00
     1    13      701.00      458.50        0.00
     1    13      703.00      457.00        0.00
     1    13      705.50      456.00        0.00
     1    13      708.00      457.00        0.00
     1    13      708.50      459.50        0.00
     1    13      709.00      462.00        0.00
     1    13      709.00      464.50        0.00
     1    13      709.00      467.00        0.00
     1    14      641.00      552.50        0.00
     1    14      638.00      553.00        0.00
     1    14      635.50      553.00        0.00
     1    14      633.00      553.50        0.00
     1    14      631.50      551.50        0.00
     1    14      630.00      549.50        0.00
     1    14      629.00      547.00        0.00
     1    14      628.50      544.50        0.00
     1    14      628.00      541.50        0.00
     1    14      628.50      539.00        0.00
     1    14      629.50      536.50        0.00
     1    14      631.50      534.50        0.00
     1    14      633.50      532.50        0.00
     1    14      636.00      531.50        0.00
     1    14      638.50      531.00        0.00
     1    14      641.50      531.00        0.00
     1    14      644.00      532.00        0.00
     1    14      646.00      533.50        0.00
     1    14      647.50      535.50        0.00
     1    14      648.00      538.00        0.00
     1    14      648.50      540.50        0.00
     1    14      648.50      543.00        0.00
     1    14      647.50      546.00        0.00
     1    15      611.50      555.50        0.00
     1    15      607.50      556.50        0.00
     1    15      605.00      555.50        0.00
     1    15      603.00      553.50        0.00
     1    15      601.00      551.50        0.00
     1    15      599.50      549.50        0.00
     1    15      598.50      547.00        0.00
     1    15      598.50      544.50        0.00
     1    15      599.00      542.00        0.00
     1    15      601.50      539.50        0.00
     1    15      604.00      538.00        0.00
     1    15      606.50      537.50        0.00
     1    15      609.00      537.50        0.00
     1    15      611.50      538.00        0.00
     1    15      614.00      539.50        0.00
     1    15      615.50      541.50        0.00
     1    15      617.00      543.50        0.00
     1    15      617.50      546.00        0.00
     1    15      618.00      548.50        0.00
     1    15      618.00      551.00        0.00
     1    15      617.50      553.50        0.00
     1    16      588.00      597.00        0.00
     1    16      584.00      596.50        0.00
     1    16      582.00      594.50        0.00
     1    16      580.00      592.50        0.00
     1    16      579.00      590.00        0.00
     1    16      579.00      587.50        0.00
     1    16      580.00      584.50        0.00
     1    16      582.00      582.00        0.00
     1    16      584.00      580.00        0.00
     1    16      586.50      579.00        0.00
     1    16      589.00      578.00        0.00
     1    16      592.00      578.00        0.00
     1    16      594.50      578.00        0.00
     1    16      597.00      578.00        0.00
     1    16      600.00      579.50        0.00
     1    16      601.50      581.50        0.00
     1    16      602.00      584.00        0.00
     1    16      602.50      586.50        0.00
     1    16      602.50      589.00        0.00
     1    16      602.00      591.50        0.00
     1    16      600.50      594.00        0.00
     1    16      598.50      595.50        0.00
     1    16      596.50      597.00        0.00
     1    17      556.50      596.00        0.00
     1    17      553.50      595.50        0.00
     1    17      551.50      594.00        0.00
     1    17      550.50      591.00        0.00
     1    17      550.00      588.50        0.00
     1    17      550.50      586.00        0.00
     1    17      552.00      583.50        0.00
     1    17      554.00      582.00        0.00
     1    17      556.50      581.00        0.00
     1    17      559.00      580.50        0.00
     1    17      562.00      580.50        0.00
     1    17      564.50      581.50        0.00
     1    17      567.00      582.00        0.00
     1    17      569.00      583.50        0.00
     1    17      571.00      585.50        0.00
     1    17      571.50      588.00        0.00
     1    17      571.50      590.50        0.00
     1    17      571.00      593.00        0.00
     1    17      569.50      595.00        0.00
     1    17      567.50      597.00        0.00
     1    17      565.00      597.00        0.00
     1    18      546.00      622.50        0.00
     1    18      543.50      622.50        0.00
     1    18      541.00      622.00        0.00
     1    18      539.00      620.50        0.00
     1    18      537.00      618.50        0.00
     1    18      535.50      615.50        0.00
     1    18      535.50      613.00        0.00
     1    18      536.00      610.50        0.00
     1    18      536.50      607.50        0.00
     1    18      537.50      604.50        0.00
     1    18      539.00      602.00        0.00
     1    18      541.50      600.50        0.00
     1    18      544.00      600.50        0.00
     1    18      546.50      600.50        0.00
     1    18      549.00      601.00        0.00
     1    18      551.50      603.00        0.00
     1    18      553.00      605.50        0.00
     1    18      554.00      608.50        0.00
     1    18      554.50      611.50        0.00
     1    18      554.50      614.00        0.00
     1    18      553.50      616.50        0.00
     1    18      551.50      618.00        0.00
     1    19      579.50      629.00        0.00
     1    19      574.50      629.50        0.00
     1    19      572.00      629.50        0.00
     1    19      569.50      629.50        0.00
     1    19      567.00      627.50        0.00
     1    19      565.50      625.50        0.00
     1    19      564.50      623.00        0.00
     1    19      564.50      620.00        0.00
     1    19      564.50      617.00        0.00
     1    19      566.00      615.00        0.00
     1    19      568.00      613.50        0.00
     1    19      570.00      612.00        0.00
     1    19      572.50      611.50        0.00
     1    19      575.50      610.50        0.00
     1    19      578.00      610.50        0.00
     1    19      580.50      612.00        0.00
     1    19      582.50      613.50        0.00
     1    19      583.50      616.00        0.00
     1    19      584.50      618.50        0.00
     1    19      584.50      621.00        0.00
     1    19      584.00      623.50        0.00
     1    19      582.50      625.50        0.00
     1    20      579.50      645.00        0.00
     1    20      577.00      645.00        0.00
     1    20      574.50      645.00        0.00
     1    20      572.00      643.50        0.00
     1    20      571.00      641.00        0.00
     1    20      571.00      638.50        0.00
     1    20      572.50      636.50        0.00
     1    20      574.50      634.50        0.00
     1    20      576.50      633.00        0.00
     1    20      579.00      631.50        0.00
     1    20      581.50      631.50        0.00
     1    20      584.00      632.00        0.00
     1    20      585.50      634.50        0.00
     1    20      586.50      637.00        0.00
     1    20      586.50      639.50        0.00
     1    20      586.50      642.00        0.00
     1    20      584.50      643.50        0.00
     1    21      558.00      675.00        0.00
     1    21      555.00      675.50        0.00
     1    21      552.50      674.00        0.00
     1    21      551.50      671.50        0.00
     1    21      551.50      669.00        0.00
     1    21      551.50      666.50        0.00
     1    21      552.00      664.00        0.00
     1    21      553.00      661.50        0.00
     1    21      554.50      659.50        0.00
     1    21      556.50      658.00        0.00
     1    21      559.00      657.00        0.00
     1    21      561.50      656.50        0.00
     1    21      564.00      656.50        0.00
     1    21      566.50      658.50        0.00
     1    21      567.50      661.00        0.00
     1    21      567.50      664.00        0.00
     1    21      567.50      666.50        0.00
     1    21      566.50      669.00        0.00
     1    21      565.00      671.00        0.00
     1    21      562.50      673.00        0.00
     1    21      559.50      673.00        0.00
     1    22      557.00      647.00        0.00
     1    22      555.00      649.00        0.00
     1    22      552.50      649.00        0.00
     1    22      549.50      648.50        0.00
     1    22      547.00      647.00        0.00
     1    22      545.00      645.00        0.00
     1    22      543.50      642.50        0.00
     1    22      543.50      640.00        0.00
     1    22      544.50      637.50        0.00
     1    22      546.50      636.00        0.00
     1    22      549.00      634.50        0.00
     1    22      551.50      633.50        0.00
     1    22      554.00      633.50        0.00
     1    22      556.50      633.50        0.00
     1    22      558.50      635.50        0.00
     1    22      560.50      637.00        0.00
     1    22      562.00      639.50        0.00
     1    22      562.00      642.00        0.00
     1    22      560.50      644.00        0.00
