     0     0      526.67      256.00        0.00
     0     0      510.67      258.67        0.00
     0     0      504.00      262.67        0.00
     0     0      500.00      265.33        0.00
     0     0      496.00      266.67        0.00
     0     0      492.00      268.00        0.00
     0     0      488.00      269.33        0.00
     0     0      484.00      270.67        0.00
     0     0      480.00      272.00        0.00
     0     0      476.00      272.00        0.00
     0     0      470.67      272.00        0.00
     0     0      465.33      270.67        0.00
     0     0      461.33      269.33        0.00
     0     0      456.00      266.67        0.00
     0     0      452.00      262.67        0.00
     0     0      448.00      261.33        0.00
     0     0      444.00      258.67        0.00
     0     0      440.00      256.00        0.00
     0     0      437.33      253.33        0.00
     0     0      434.67      250.67        0.00
     0     0      432.00      248.00        0.00
     0     0      429.33      245.33        0.00
     0     0      426.67      242.67        0.00
     0     0      424.00      237.33        0.00
     0     0      422.67      233.33        0.00
     0     0      420.00      230.67        0.00
     0     0      417.33      226.67        0.00
     0     0      414.67      222.67        0.00
     0     0      412.00      218.67        0.00
     0     0      406.67      213.33        0.00
     0     0      404.00      209.33        0.00
     0     0      400.00      205.33        0.00
     0     0      397.33      202.67        0.00
     0     0      396.00      198.67        0.00
     0     0      393.33      193.33        0.00
     0     0      390.67      189.33        0.00
     0     0      388.00      184.00        0.00
     0     0      384.00      178.67        0.00
     0     0      380.00      170.67        0.00
     0     0      377.33      162.67        0.00
     0     0      376.00      157.33        0.00
     0     0      373.33      153.33        0.00
     0     0      370.67      146.67        0.00
     0     0      366.67      142.67        0.00
     0     0      365.33      138.67        0.00
     0     0      361.33      133.33        0.00
     0     0      357.33      129.33        0.00
     0     0      354.67      124.00        0.00
     0     0      353.33      117.33        0.00
     0     0      353.33      112.00        0.00
     0     0      353.33      108.00        0.00
     0     0      352.00      102.67        0.00
     0     0      352.00       98.67        0.00
     0     0      352.00       93.33        0.00
     0     0      352.00       86.67        0.00
     0     0      352.00       80.00        0.00
     0     0      352.00       74.67        0.00
     0     0      353.33       69.33        0.00
     0     0      353.33       62.67        0.00
     0     0      352.00       57.33        0.00
     0     0      352.00       52.00        0.00
     0     0      353.33       46.67        0.00
     0     0      356.00       42.67        0.00
     0     0      358.67       38.67        0.00
     0     0      365.33       34.67        0.00
     0     0      373.33       29.33        0.00
     0     0      377.33       26.67        0.00
     0     0      384.00       25.33        0.00
     0     0      390.67       25.33        0.00
     0     0      397.33       25.33        0.00
     0     0      404.00       26.67        0.00
     0     0      412.00       28.00        0.00
     0     0      418.67       30.67        0.00
     0     0      426.67       32.00        0.00
     0     0      436.00       34.67        0.00
     0     0      442.67       36.00        0.00
     0     0      453.33       37.33        0.00
     0     0      461.33       37.33        0.00
     0     0      466.67       37.33        0.00
     0     0      474.67       37.33        0.00
     0     0      482.67       37.33        0.00
     0     0      489.33       38.67        0.00
     0     0      497.33       38.67        0.00
     0     0      505.33       40.00        0.00
     0     0      512.00       41.33        0.00
     0     0      517.33       44.00        0.00
     0     0      521.33       45.33        0.00
     0     0      528.00       48.00        0.00
     0     0      532.00       49.33        0.00
     0     0      536.00       49.33        0.00
     0     0      541.33       52.00        0.00
     0     0      545.33       53.33        0.00
     0     0      549.33       57.33        0.00
     0     0      553.33       60.00        0.00
     0     0      557.33       64.00        0.00
     0     0      562.67       68.00        0.00
     0     0      568.00       72.00        0.00
     0     0      573.33       76.00        0.00
     0     0      577.33       81.33        0.00
     0     0      581.33       85.33        0.00
     0     0      588.00       90.67        0.00
     0     0      592.00       96.00        0.00
     0     0      593.33      101.33        0.00
     0     0      593.33      106.67        0.00
     0     0      594.67      110.67        0.00
     0     0      596.00      114.67        0.00
     0     0      597.33      120.00        0.00
     0     0      597.33      125.33        0.00
     0     0      597.33      130.67        0.00
     0     0      597.33      137.33        0.00
     0     0      598.67      144.00        0.00
     0     0      598.67      149.33        0.00
     0     0      598.67      154.67        0.00
     0     0      598.67      158.67        0.00
     0     0      598.67      164.00        0.00
     0     0      598.67      168.00        0.00
     0     0      598.67      172.00        0.00
     0     0      596.00      176.00        0.00
     0     0      594.67      180.00        0.00
     0     0      592.00      185.33        0.00
     0     0      589.33      190.67        0.00
     0     0      586.67      194.67        0.00
     0     0      585.33      198.67        0.00
     0     0      582.67      201.33        0.00
     0     0      580.00      206.67        0.00
     0     0      577.33      209.33        0.00
     0     0      574.67      212.00        0.00
     0     0      572.00      216.00        0.00
     0     0      569.33      218.67        0.00
     0     0      566.67      221.33        0.00
     0     0      562.67      224.00        0.00
     0     0      558.67      226.67        0.00
     0     0      554.67      228.00        0.00
     0     0      552.00      230.67        0.00
     0     0      549.33      234.67        0.00
     0     1      553.33      553.33        0.00
     0     1      552.00      549.33        0.00
     0     1      549.33      545.33        0.00
     0     1      546.67      541.33        0.00
     0     1      545.33      537.33        0.00
     0     1      544.00      533.33        0.00
     0     1      541.33      528.00        0.00
     0     1      540.00      522.67        0.00
     0     1      540.00      518.67        0.00
     0     1      538.67      513.33        0.00
     0     1      537.33      509.33        0.00
     0     1      537.33      505.33        0.00
     0     1      536.00      501.33        0.00
     0     1      536.00      497.33        0.00
     0     1      534.67      493.33        0.00
     0     1      533.33      489.33        0.00
     0     1      532.00      485.33        0.00
     0     1      529.33      480.00        0.00
     0     1      528.00      476.00        0.00
     0     1      526.67      470.67        0.00
     0     1      524.00      468.00        0.00
     0     1      522.67      464.00        0.00
     0     1      521.33      460.00        0.00
     0     1      518.67      457.33        0.00
     0     1      517.33      453.33        0.00
     0     1      516.00      449.33        0.00
     0     1      516.00      445.33        0.00
     0     1      514.67      441.33        0.00
     0     1      514.67      436.00        0.00
     0     1      513.33      432.00        0.00
     0     1      512.00      428.00        0.00
     0     1      510.67      424.00        0.00
     0     1      509.33      418.67        0.00
     0     1      508.00      414.67        0.00
     0     1      506.67      410.67        0.00
     0     1      505.33      406.67        0.00
     0     1      504.00      402.67        0.00
     0     1      502.67      398.67        0.00
     0     1      501.33      394.67        0.00
     0     1      498.67      389.33        0.00
     0     1      496.00      384.00        0.00
     0     1      493.33      378.67        0.00
     0     1      492.00      374.67        0.00
     0     1      490.67      369.33        0.00
     0     1      488.00      364.00        0.00
     0     1      488.00      358.67        0.00
     0     1      486.67      354.67        0.00
     0     1      486.67      350.67        0.00
     0     1      485.33      346.67        0.00
     0     1      484.00      342.67        0.00
     0     1      484.00      338.67        0.00
     0     1      482.67      334.67        0.00
     0     1      481.33      330.67        0.00
     0     1      481.33      326.67        0.00
     0     1      481.33      321.33        0.00
     0     1      482.67      317.33        0.00
     0     1      484.00      312.00        0.00
     0     1      486.67      308.00        0.00
     0     1      486.67      302.67        0.00
     0     1      489.33      298.67        0.00
     0     1      490.67      293.33        0.00
     0     1      493.33      289.33        0.00
     0     1      494.67      285.33        0.00
     0     1      497.33      281.33        0.00
     0     1      498.67      277.33        0.00
     0     1      501.33      274.67        0.00
     0     1      505.33      272.00        0.00
     0     1      508.00      269.33        0.00
     0     1      512.00      266.67        0.00
     0     1      516.00      265.33        0.00
     0     1      520.00      262.67        0.00
     0     1      524.00      261.33        0.00
     0     1      528.00      261.33        0.00
     0     1      533.33      260.00        0.00
     0     1      537.33      260.00        0.00
     0     1      541.33      258.67        0.00
     0     1      545.33      258.67        0.00
     0     1      549.33      258.67        0.00
     0     1      556.00      257.33        0.00
     0     1      560.00      257.33        0.00
     0     1      564.00      257.33        0.00
     0     1      568.00      256.00        0.00
     0     1      572.00      254.67        0.00
     0     1      576.00      254.67        0.00
     0     1      580.00      254.67        0.00
     0     1      584.00      254.67        0.00
     0     1      589.33      254.67        0.00
     0     1      594.67      254.67        0.00
     0     1      601.33      254.67        0.00
     0     1      605.33      254.67        0.00
     0     1      610.67      256.00        0.00
     0     1      616.00      258.67        0.00
     0     1      620.00      261.33        0.00
     0     1      622.67      264.00        0.00
     0     1      628.00      266.67        0.00
     0     1      630.67      269.33        0.00
     0     1      634.67      272.00        0.00
     0     1      638.67      277.33        0.00
     0     1      641.33      280.00        0.00
     0     1      645.33      285.33        0.00
     0     1      648.00      289.33        0.00
     0     1      650.67      294.67        0.00
     0     1      652.00      298.67        0.00
     0     1      653.33      304.00        0.00
     0     1      654.67      308.00        0.00
     0     1      656.00      312.00        0.00
     0     1      657.33      316.00        0.00
     0     1      660.00      321.33        0.00
     0     1      661.33      325.33        0.00
     0     1      662.67      330.67        0.00
     0     1      664.00      334.67        0.00
     0     1      665.33      340.00        0.00
     0     1      666.67      344.00        0.00
     0     1      669.33      350.67        0.00
     0     1      670.67      354.67        0.00
     0     1      672.00      358.67        0.00
     0     1      674.67      364.00        0.00
     0     1      676.00      368.00        0.00
     0     1      677.33      372.00        0.00
     0     1      678.67      377.33        0.00
     0     1      678.67      381.33        0.00
     0     1      680.00      386.67        0.00
     0     1      680.00      392.00        0.00
     0     1      680.00      396.00        0.00
     0     1      681.33      401.33        0.00
     0     1      681.33      406.67        0.00
     0     1      681.33      412.00        0.00
     0     1      681.33      416.00        0.00
     0     1      682.67      420.00        0.00
     0     1      682.67      424.00        0.00
     0     1      682.67      428.00        0.00
     0     1      682.67      432.00        0.00
     0     1      682.67      436.00        0.00
     0     1      682.67      441.33        0.00
     0     1      682.67      446.67        0.00
     0     1      682.67      452.00        0.00
     0     1      682.67      457.33        0.00
     0     1      684.00      461.33        0.00
     0     1      685.33      465.33        0.00
     0     1      688.00      470.67        0.00
     0     1      689.33      476.00        0.00
     0     1      690.67      481.33        0.00
     0     1      690.67      485.33        0.00
     0     1      692.00      489.33        0.00
     0     1      692.00      493.33        0.00
     0     1      693.33      497.33        0.00
     0     1      694.67      501.33        0.00
     0     1      696.00      505.33        0.00
     0     1      696.00      510.67        0.00
     0     1      696.00      514.67        0.00
     0     1      697.33      518.67        0.00
     0     1      697.33      522.67        0.00
     0     1      697.33      526.67        0.00
     0     1      697.33      530.67        0.00
     0     1      698.67      534.67        0.00
     0     1      698.67      538.67        0.00
     0     1      700.00      542.67        0.00
     0     1      701.33      546.67        0.00
     0     1      702.67      550.67        0.00
     0     1      705.33      554.67        0.00
     0     1      706.67      558.67        0.00
     0     1      708.00      562.67        0.00
     0     1      709.33      566.67        0.00
     0     1      712.00      569.33        0.00
     0     1      716.00      572.00        0.00
     0     1      722.67      596.00        0.00
     0     1      722.67      600.00        0.00
     0     1      724.00      604.00        0.00
     0     1      725.33      609.33        0.00
     0     1      726.67      614.67        0.00
     0     1      729.33      617.33        0.00
     0     1      730.67      621.33        0.00
     0     1      733.33      625.33        0.00
     0     1      736.00      628.00        0.00
     0     1      736.00      632.00        0.00
     0     1      738.67      636.00        0.00
     0     1      741.33      640.00        0.00
     0     1      742.67      644.00        0.00
     0     1      744.00      648.00        0.00
     0     1      746.67      652.00        0.00
     0     1      748.00      656.00        0.00
     0     1      750.67      660.00        0.00
     0     1      752.00      664.00        0.00
     0     1      753.33      669.33        0.00
     0     1      754.67      676.00        0.00
     0     1      756.00      681.33        0.00
     0     1      757.33      686.67        0.00
     0     1      758.67      690.67        0.00
     0     1      760.00      694.67        0.00
     0     1      762.67      698.67        0.00
     0     1      762.67      702.67        0.00
     0     1      764.00      708.00        0.00
     0     1      765.33      712.00        0.00
     0     1      766.67      716.00        0.00
     0     1      768.00      721.33        0.00
     0     1      768.00      725.33        0.00
     0     1      769.33      729.33        0.00
     0     1      770.67      733.33        0.00
     0     1      772.00      738.67        0.00
     0     1      774.67      741.33        0.00
     0     1      776.00      745.33        0.00
     0     1      778.67      748.00        0.00
     0     1      781.33      752.00        0.00
     0     1      784.00      756.00        0.00
     0     1      786.67      758.67        0.00
     0     1      789.33      762.67        0.00
     0     1      792.00      766.67        0.00
     0     1      794.67      770.67        0.00
     0     1      796.00      774.67        0.00
     0     1      798.67      778.67        0.00
     0     1      800.00      782.67        0.00
     0     1      801.33      786.67        0.00
     0     1      802.67      792.00        0.00
     0     1      804.00      796.00        0.00
     0     1      805.33      801.33        0.00
     0     1      808.00      805.33        0.00
     0     1      809.33      810.67        0.00
     0     1      812.00      814.67        0.00
     0     1      813.33      818.67        0.00
     0     1      814.67      825.33        0.00
     0     1      816.00      829.33        0.00
     0     1      817.33      833.33        0.00
     0     1      820.00      836.00        0.00
     0     1      821.33      840.00        0.00
     0     1      822.67      844.00        0.00
     0     1      826.67      848.00        0.00
     0     1      828.00      853.33        0.00
     0     1      830.67      857.33        0.00
     0     1      832.00      862.67        0.00
     0     1      834.67      868.00        0.00
     0     1      836.00      872.00        0.00
     0     1      836.00      876.00        0.00
     0     1      837.33      880.00        0.00
     0     1      838.67      885.33        0.00
     0     1      840.00      889.33        0.00
     0     1      842.67      894.67        0.00
     0     1      844.00      898.67        0.00
     0     1      846.67      901.33        0.00
     0     1      849.33      905.33        0.00
     0     1      850.67      909.33        0.00
     0     1      853.33      914.67        0.00
     0     1      856.00      918.67        0.00
     0     1      858.67      922.67        0.00
     0     1      862.67      929.33        0.00
     0     1      866.67      936.00        0.00
     0     1      868.00      941.33        0.00
     0     1      874.67      962.00        0.00
     0     1      876.00      966.00        0.00
     0     1      878.67      968.67        0.00
     0     1      880.00      972.67        0.00
     0     1      882.67      975.33        0.00
     0     1      886.67      978.00        0.00
     0     1      889.33      980.67        0.00
     0     1      892.00      983.33        0.00
     0     1      894.67      987.33        0.00
     0     1      897.33      990.00        0.00
     0     1      898.67      994.00        0.00
     0     1      900.00      998.00        0.00
     0     1      901.33     1002.00        0.00
     0     1      902.67     1006.00        0.00
     0     1      902.67     1010.00        0.00
     0     1      904.00     1014.00        0.00
     0     1      904.00     1018.00        0.00
     0     1      904.00     1022.00        0.00
     0     1      904.00     1026.00        0.00
     0     1      902.67     1030.00        0.00
     0     1      901.33     1034.00        0.00
     0     1      722.67     1031.33        0.00
     0     1      718.67     1028.67        0.00
     0     1      716.00     1026.00        0.00
     0     1      713.33     1023.33        0.00
     0     1      710.67     1020.67        0.00
     0     1      708.00     1016.67        0.00
     0     1      706.67     1012.67        0.00
     0     1      705.33     1008.67        0.00
     0     1      702.67     1006.00        0.00
     0     1      701.33     1002.00        0.00
     0     1      700.00      998.00        0.00
     0     1      697.33      992.67        0.00
     0     1      697.33      988.67        0.00
     0     1      694.67      983.33        0.00
     0     1      692.00      978.00        0.00
     0     1      690.67      972.67        0.00
     0     1      690.67      968.67        0.00
     0     1      689.33      964.67        0.00
     0     1      686.67      959.33        0.00
     0     1      685.33      955.33        0.00
     0     1      684.00      951.33        0.00
     0     1      681.33      946.00        0.00
     0     1      678.67      942.00        0.00
     0     1      677.33      936.67        0.00
     0     1      676.00      932.67        0.00
     0     1      676.00      928.67        0.00
     0     1      676.00      924.67        0.00
     0     1      676.00      920.67        0.00
     0     1      676.00      916.67        0.00
     0     1      676.00      912.67        0.00
     0     1      676.00      908.67        0.00
     0     1      676.00      904.67        0.00
     0     1      676.00      900.67        0.00
     0     1      677.33      896.67        0.00
     0     1      677.33      892.67        0.00
     0     1      677.33      887.33        0.00
     0     1      677.33      883.33        0.00
     0     1      677.33      878.00        0.00
     0     1      677.33      874.00        0.00
     0     1      677.33      870.00        0.00
     0     1      676.00      866.00        0.00
     0     1      676.00      862.00        0.00
     0     1      674.67      858.00        0.00
     0     1      673.33      854.00        0.00
     0     1      672.00      848.67        0.00
     0     1      670.67      844.67        0.00
     0     1      670.67      840.67        0.00
     0     1      668.00      836.67        0.00
     0     1      666.67      832.67        0.00
     0     1      666.67      828.67        0.00
     0     1      665.33      824.67        0.00
     0     1      664.00      820.67        0.00
     0     1      664.00      816.67        0.00
     0     1      662.67      812.67        0.00
     0     1      662.67      807.33        0.00
     0     1      661.33      803.33        0.00
     0     1      660.00      799.33        0.00
     0     1      660.00      795.33        0.00
     0     1      657.33      791.33        0.00
     0     1      657.33      787.33        0.00
     0     1      656.00      783.33        0.00
     0     1      654.67      779.33        0.00
     0     1      652.00      775.33        0.00
     0     1      652.00      771.33        0.00
     0     1      650.67      767.33        0.00
     0     1      650.67      763.33        0.00
     0     1      649.33      759.33        0.00
     0     1      646.67      756.67        0.00
     0     1      644.00      752.67        0.00
     0     1      641.33      748.67        0.00
     0     1      638.67      746.00        0.00
     0     1      636.00      742.00        0.00
     0     1      633.33      739.33        0.00
     0     1      630.67      735.33        0.00
     0     1      628.00      731.33        0.00
     0     1      626.67      727.33        0.00
     0     1      624.00      723.33        0.00
     0     1      622.67      719.33        0.00
     0     1      620.00      715.33        0.00
     0     1      618.67      711.33        0.00
     0     1      617.33      707.33        0.00
     0     1      617.33      703.33        0.00
     0     1      617.33      698.00        0.00
     0     1      616.00      694.00        0.00
     0     1      614.67      690.00        0.00
     0     1      614.67      686.00        0.00
     0     1      613.33      682.00        0.00
     0     1      612.00      678.00        0.00
     0     1      610.67      674.00        0.00
     0     1      609.33      670.00        0.00
     0     1      606.67      666.00        0.00
     0     1      604.00      662.00        0.00
     0     1      601.33      658.00        0.00
     0     1      600.00      654.00        0.00
     0     1      597.33      651.33        0.00
     0     1      596.00      647.33        0.00
     0     1      593.33      643.33        0.00
     0     1      592.00      639.33        0.00
     0     1      590.67      635.33        0.00
     0     1      588.00      632.67        0.00
     0     1      586.67      628.67        0.00
     0     1      584.00      624.67        0.00
     0     1      582.67      620.67        0.00
     0     1      580.00      618.00        0.00
     0     1      578.67      614.00        0.00
     0     1      577.33      610.00        0.00
     0     1      574.67      606.00        0.00
     0     1      572.00      602.00        0.00
     0     1      569.33      598.00        0.00
     0     1      569.33      594.00        0.00
     0     1      568.00      590.00        0.00
     0     1      568.00      586.00        0.00
     0     1      568.00      582.00        0.00
     0     1      566.67      578.00        0.00
     0     1      565.33      574.00        0.00
     0     1      562.67      571.33        0.00
     0     1      561.33      567.33        0.00
     0     2      645.33      891.33        0.00
     0     2      645.33      895.33        0.00
     0     2      645.33      899.33        0.00
     0     2      646.67      903.33        0.00
     0     2      648.00      907.33        0.00
     0     2      649.33      911.33        0.00
     0     2      650.67      915.33        0.00
     0     2      650.67      919.33        0.00
     0     2      652.00      923.33        0.00
     0     2      653.33      927.33        0.00
     0     2      653.33      931.33        0.00
     0     2      654.67      935.33        0.00
     0     2      656.00      939.33        0.00
     0     2      656.00      944.67        0.00
     0     2      657.33      948.67        0.00
     0     2      657.33      952.67        0.00
     0     2      658.67      956.67        0.00
     0     2      658.67      960.67        0.00
     0     2      660.00      964.67        0.00
     0     2      660.00      968.67        0.00
     0     2      660.00      974.00        0.00
     0     2      660.00      978.00        0.00
     0     2      660.00      982.00        0.00
     0     2      660.00      986.00        0.00
     0     2      658.67      990.00        0.00
     0     2      657.33      994.00        0.00
     0     2      654.67      998.00        0.00
     0     2      653.33     1003.33        0.00
     0     2      652.00     1007.33        0.00
     0     2      650.67     1011.33        0.00
     0     2      648.00     1016.67        0.00
     0     2      645.33     1019.33        0.00
     0     2      642.67     1022.00        0.00
     0     2      640.00     1026.00        0.00
     0     2      637.33     1028.67        0.00
     0     2      633.33     1031.33        0.00
     0     2      629.33     1032.67        0.00
     0     2      625.33     1034.00        0.00
     0     2      620.00     1034.00        0.00
     0     2      616.00     1035.33        0.00
     0     2      612.00     1035.33        0.00
     0     2      608.00     1035.33        0.00
     0     2      604.00     1035.33        0.00
     0     2      600.00     1035.33        0.00
     0     2      596.00     1035.33        0.00
     0     2      590.67     1034.00        0.00
     0     2      586.67     1034.00        0.00
     0     2      582.67     1031.33        0.00
     0     2      578.67     1030.00        0.00
     0     2      574.67     1027.33        0.00
     0     2      572.00     1024.67        0.00
     0     2      568.00     1022.00        0.00
     0     2      564.00     1020.67        0.00
     0     2      561.33     1018.00        0.00
     0     2      557.33     1015.33        0.00
     0     2      553.33     1014.00        0.00
     0     2      550.67     1011.33        0.00
     0     2      548.00     1008.67        0.00
     0     2      545.33     1004.67        0.00
     0     2      541.33     1000.67        0.00
     0     2      538.67      995.33        0.00
     0     2      537.33      991.33        0.00
     0     2      534.67      986.00        0.00
     0     2      533.33      980.67        0.00
     0     2      532.00      976.67        0.00
     0     2      530.67      972.67        0.00
     0     2      529.33      967.33        0.00
     0     2      526.67      962.00        0.00
     0     2      524.00      955.33        0.00
     0     2      522.67      948.67        0.00
     0     2      522.67      944.67        0.00
     0     2      521.33      940.67        0.00
     0     2      521.33      936.67        0.00
     0     2      518.67      932.67        0.00
     0     2      518.67      928.67        0.00
     0     2      517.33      924.67        0.00
     0     2      516.00      920.67        0.00
     0     2      514.67      915.33        0.00
     0     2      513.33      911.33        0.00
     0     2      512.00      907.33        0.00
     0     2      512.00      903.33        0.00
     0     2      510.67      899.33        0.00
     0     2      510.67      895.33        0.00
     0     2      509.33      891.33        0.00
     0     2      509.33      887.33        0.00
     0     2      508.00      883.33        0.00
     0     2      506.67      879.33        0.00
     0     2      505.33      875.33        0.00
     0     2      505.33      871.33        0.00
     0     2      504.00      867.33        0.00
     0     2      502.67      863.33        0.00
     0     2      501.33      859.33        0.00
     0     2      500.00      855.33        0.00
     0     2      498.67      851.33        0.00
     0     2      496.00      847.33        0.00
     0     2      494.67      843.33        0.00
     0     2      493.33      839.33        0.00
     0     2      490.67      834.00        0.00
     0     2      490.67      830.00        0.00
     0     2      488.00      826.00        0.00
     0     2      488.00      822.00        0.00
     0     2      486.67      816.67        0.00
     0     2      485.33      811.33        0.00
     0     2      482.67      806.00        0.00
     0     2      480.00      802.00        0.00
     0     2      477.33      798.00        0.00
     0     2      476.00      794.00        0.00
     0     2      473.33      791.33        0.00
     0     2      472.00      787.33        0.00
     0     2      470.67      782.00        0.00
     0     2      468.00      776.67        0.00
     0     2      465.33      772.67        0.00
     0     2      464.00      768.67        0.00
     0     2      462.67      764.67        0.00
     0     2      461.33      760.67        0.00
     0     2      460.00      755.33        0.00
     0     2      460.00      751.33        0.00
     0     2      457.33      748.67        0.00
     0     2      456.00      743.33        0.00
     0     2      454.67      739.33        0.00
     0     2      452.00      734.00        0.00
     0     2      450.67      728.67        0.00
     0     2      449.33      723.33        0.00
     0     2      449.33      718.00        0.00
     0     2      446.67      712.67        0.00
     0     2      445.33      707.33        0.00
     0     2      444.00      702.00        0.00
     0     2      444.00      695.33        0.00
     0     2      444.00      691.33        0.00
     0     2      444.00      687.33        0.00
     0     2      444.00      682.00        0.00
     0     2      444.00      678.00        0.00
     0     2      442.67      674.00        0.00
     0     2      442.67      670.00        0.00
     0     2      441.33      666.00        0.00
     0     2      440.00      662.00        0.00
     0     2      438.67      656.67        0.00
     0     2      437.33      651.33        0.00
     0     2      436.00      644.67        0.00
     0     2      434.67      640.67        0.00
     0     2      432.00      638.00        0.00
     0     2      429.33      613.67        0.00
     0     2      428.00      609.67        0.00
     0     2      426.67      605.67        0.00
     0     2      425.33      601.67        0.00
     0     2      424.00      596.33        0.00
     0     2      422.67      592.33        0.00
     0     2      422.67      588.33        0.00
     0     2      425.33      585.67        0.00
     0     2      429.33      585.67        0.00
     0     2      433.33      585.67        0.00
     0     2      438.67      585.67        0.00
     0     2      444.00      585.67        0.00
     0     2      448.00      587.00        0.00
     0     2      454.67      589.67        0.00
     0     2      458.67      591.00        0.00
     0     2      462.67      593.67        0.00
     0     2      465.33      596.33        0.00
     0     2      470.67      599.00        0.00
     0     2      474.67      603.00        0.00
     0     2      478.67      604.33        0.00
     0     2      482.67      608.33        0.00
     0     2      486.67      611.00        0.00
     0     2      489.33      613.67        0.00
     0     2      492.00      616.33        0.00
     0     2      494.67      619.00        0.00
     0     2      498.67      621.67        0.00
     0     2      502.67      625.67        0.00
     0     2      506.67      629.67        0.00
     0     2      510.67      633.67        0.00
     0     2      514.67      639.00        0.00
     0     2      517.33      643.00        0.00
     0     2      521.33      648.33        0.00
     0     2      524.00      655.00        0.00
     0     2      526.67      660.33        0.00
     0     2      532.00      665.67        0.00
     0     2      534.67      669.67        0.00
     0     2      537.33      675.00        0.00
     0     2      540.00      677.67        0.00
     0     2      544.00      683.00        0.00
     0     2      548.00      687.00        0.00
     0     2      550.67      691.00        0.00
     0     2      553.33      693.67        0.00
     0     2      558.67      699.00        0.00
     0     2      562.67      701.67        0.00
     0     2      566.67      705.67        0.00
     0     2      570.67      709.67        0.00
     0     2      574.67      713.67        0.00
     0     2      577.33      717.67        0.00
     0     2      581.33      720.33        0.00
     0     2      582.67      724.33        0.00
     0     2      585.33      727.00        0.00
     0     2      586.67      732.33        0.00
     0     2      589.33      736.33        0.00
     0     2      592.00      741.67        0.00
     0     2      594.67      747.00        0.00
     0     2      598.67      752.33        0.00
     0     2      600.00      756.33        0.00
     0     2      604.00      760.33        0.00
     0     2      606.67      764.33        0.00
     0     2      608.00      768.33        0.00
     0     2      610.67      773.67        0.00
     0     2      612.00      779.00        0.00
     0     2      613.33      783.00        0.00
     0     2      616.00      787.00        0.00
     0     2      616.00      791.00        0.00
     0     2      617.33      796.33        0.00
     0     2      620.00      801.67        0.00
     0     2      621.33      805.67        0.00
     0     2      622.67      809.67        0.00
     0     2      624.00      815.00        0.00
     0     2      625.33      820.33        0.00
     0     2      626.67      824.33        0.00
     0     2      628.00      828.33        0.00
     0     2      629.33      832.33        0.00
     0     2      630.67      836.33        0.00
     0     2      632.00      840.33        0.00
     0     2      633.33      844.33        0.00
     0     2      634.67      848.33        0.00
     0     2      634.67      852.33        0.00
     0     2      636.00      856.33        0.00
     0     2      637.33      860.33        0.00
     0     2      638.67      864.33        0.00
     0     2      641.33      868.33        0.00
     1     0      685.33      992.00        0.00
     1     0      682.67      994.67        0.00
     1     0      679.33      996.67        0.00
     1     0      676.00      996.00        0.00
     1     0      674.00      993.33        0.00
     1     0      671.33      990.67        0.00
     1     0      670.00      987.33        0.00
     1     0      668.67      983.33        0.00
     1     0      668.00      979.33        0.00
     1     0      666.67      976.00        0.00
     1     0      666.67      972.67        0.00
     1     0      666.00      969.33        0.00
     1     0      666.00      966.00        0.00
     1     0      668.00      963.33        0.00
     1     0      670.00      960.67        0.00
     1     0      672.67      958.67        0.00
     1     0      676.00      959.33        0.00
     1     0      678.67      961.33        0.00
     1     0      681.33      963.33        0.00
     1     0      684.00      966.00        0.00
     1     0      685.33      969.33        0.00
     1     0      686.00      972.67        0.00
     1     0      686.00      976.67        0.00
     1     0      686.67      980.00        0.00
     1     1      661.67      852.33        0.00
     1     1      661.67      858.33        0.00
     1     1      661.67      861.67        0.00
     1     1      659.67      865.67        0.00
     1     1      657.00      868.33        0.00
     1     1      655.00      871.00        0.00
     1     1      651.67      872.33        0.00
     1     1      647.67      872.33        0.00
     1     1      644.33      869.67        0.00
     1     1      641.67      866.33        0.00
     1     1      639.00      863.00        0.00
     1     1      638.33      859.00        0.00
     1     1      638.33      855.67        0.00
     1     1      639.00      852.33        0.00
     1     1      641.67      848.33        0.00
     1     1      644.33      846.33        0.00
     1     1      647.00      844.33        0.00
     1     1      651.00      843.00        0.00
     1     1      655.00      842.33        0.00
     1     1      658.33      842.33        0.00
     1     2      630.33      760.00        0.00
     1     2      626.33      761.33        0.00
     1     2      622.33      762.67        0.00
     1     2      618.33      762.67        0.00
     1     2      615.00      761.33        0.00
     1     2      612.33      759.33        0.00
     1     2      610.33      755.33        0.00
     1     2      609.67      752.00        0.00
     1     2      609.67      748.67        0.00
     1     2      612.33      745.33        0.00
     1     2      613.67      742.00        0.00
     1     2      617.67      740.67        0.00
     1     2      621.67      740.67        0.00
     1     2      625.00      740.67        0.00
     1     2      628.33      742.00        0.00
     1     2      631.00      744.67        0.00
     1     2      633.00      748.67        0.00
     1     2      633.00      752.00        0.00
     1     3      619.67      722.67        0.00
     1     3      618.33      726.67        0.00
     1     3      617.67      730.00        0.00
     1     3      616.33      733.33        0.00
     1     3      614.33      736.00        0.00
     1     3      611.00      738.00        0.00
     1     3      607.00      738.00        0.00
     1     3      603.67      738.00        0.00
     1     3      600.33      736.00        0.00
     1     3      597.67      732.67        0.00
     1     3      595.67      727.33        0.00
     1     3      595.67      724.00        0.00
     1     3      594.33      718.67        0.00
     1     3      594.33      715.33        0.00
     1     3      595.00      712.00        0.00
     1     3      597.00      709.33        0.00
     1     3      599.67      707.33        0.00
     1     3      603.00      707.33        0.00
     1     3      606.33      707.33        0.00
     1     3      609.67      708.00        0.00
     1     3      612.33      710.67        0.00
     1     4      563.67      612.33        0.00
     1     4      565.00      618.33        0.00
     1     4      563.00      621.67        0.00
     1     4      559.67      625.00        0.00
     1     4      556.33      626.33        0.00
     1     4      553.00      626.33        0.00
     1     4      549.67      625.00        0.00
     1     4      546.33      623.00        0.00
     1     4      543.67      620.33        0.00
     1     4      541.67      616.33        0.00
     1     4      540.33      613.00        0.00
     1     4      540.33      609.67        0.00
     1     4      540.33      605.67        0.00
     1     4      542.33      601.67        0.00
     1     4      545.00      599.00        0.00
     1     4      548.33      597.67        0.00
     1     4      552.33      597.00        0.00
     1     4      555.67      597.00        0.00
     1     4      558.33      599.00        0.00
     1     5      553.67      583.00        0.00
     1     5      551.00      587.00        0.00
     1     5      547.00      589.00        0.00
     1     5      543.67      589.67        0.00
     1     5      540.33      589.67        0.00
     1     5      536.33      587.00        0.00
     1     5      533.67      585.00        0.00
     1     5      531.00      583.00        0.00
     1     5      531.00      579.67        0.00
     1     5      531.00      576.33        0.00
     1     5      533.00      572.33        0.00
     1     5      536.33      569.67        0.00
     1     5      539.00      567.67        0.00
     1     5      542.33      565.67        0.00
     1     5      545.67      565.00        0.00
     1     5      549.00      565.00        0.00
     1     5      551.67      567.00        0.00
     1     5      552.33      570.33        0.00
     1     6      517.67      526.33        0.00
     1     6      514.33      530.33        0.00
     1     6      511.67      532.33        0.00
     1     6      507.67      533.00        0.00
     1     6      504.33      533.67        0.00
     1     6      501.00      532.33        0.00
     1     6      497.67      529.67        0.00
     1     6      495.67      526.33        0.00
     1     6      493.67      523.00        0.00
     1     6      493.00      519.00        0.00
     1     6      494.33      515.00        0.00
     1     6      496.33      512.33        0.00
     1     6      499.00      510.33        0.00
     1     6      500.33      507.00        0.00
     1     6      502.33      504.33        0.00
     1     6      504.33      501.67        0.00
     1     6      507.00      498.33        0.00
     1     6      509.00      495.67        0.00
     1     6      511.67      493.00        0.00
     1     6      514.33      491.00        0.00
     1     6      518.33      490.33        0.00
     1     6      521.67      489.00        0.00
     1     6      525.67      489.00        0.00
     1     6      529.00      490.33        0.00
     1     6      532.33      492.33        0.00
     1     6      535.00      495.00        0.00
     1     6      537.67      497.67        0.00
     1     6      539.00      501.00        0.00
     1     6      539.67      505.00        0.00
     1     6      539.00      508.33        0.00
     1     6      538.33      511.67        0.00
     1     6      535.67      513.67        0.00
     1     6      533.00      516.33        0.00
     1     6      530.33      518.33        0.00
     1     6      527.67      521.00        0.00
     1     6      524.33      522.33        0.00
     1     7      500.67      280.00        0.00
     1     7      497.33      282.67        0.00
     1     7      495.33      285.33        0.00
     1     7      492.00      286.67        0.00
     1     7      488.67      286.00        0.00
     1     7      485.33      285.33        0.00
     1     7      482.67      282.67        0.00
     1     7      481.33      279.33        0.00
     1     7      481.33      275.33        0.00
     1     7      482.67      272.00        0.00
     1     7      485.33      270.00        0.00
     1     7      488.00      268.00        0.00
     1     7      491.33      266.00        0.00
     1     7      494.67      265.33        0.00
     1     7      498.00      265.33        0.00
     1     7      501.33      266.00        0.00
     1     7      502.00      269.33        0.00
     1     8      742.00      587.00        0.00
     1     8      739.33      589.00        0.00
     1     8      736.00      589.67        0.00
     1     8      732.67      589.67        0.00
     1     8      728.67      589.67        0.00
     1     8      725.33      589.00        0.00
     1     8      722.00      585.67        0.00
     1     8      719.33      581.67        0.00
     1     8      718.67      577.67        0.00
     1     8      718.67      573.67        0.00
     1     8      719.33      570.33        0.00
     1     8      722.67      567.00        0.00
     1     8      726.00      564.33        0.00
     1     8      730.00      562.33        0.00
     1     8      733.33      561.00        0.00
     1     8      736.67      561.00        0.00
     1     8      740.00      561.00        0.00
     1     8      742.00      563.67        0.00
     1     8      744.00      567.00        0.00
     1     8      744.00      571.00        0.00
     1     8      744.00      575.00        0.00
     1     8      744.00      578.33        0.00
     1     9      760.00      618.33        0.00
     1     9      755.33      623.00        0.00
     1     9      751.33      624.33        0.00
     1     9      747.33      624.33        0.00
     1     9      743.33      622.33        0.00
     1     9      741.33      619.00        0.00
     1     9      740.67      615.67        0.00
     1     9      740.00      611.67        0.00
     1     9      740.00      608.33        0.00
     1     9      741.33      605.00        0.00
     1     9      744.00      602.33        0.00
     1     9      746.67      600.33        0.00
     1     9      750.00      599.00        0.00
     1     9      753.33      599.00        0.00
     1     9      756.67      600.33        0.00
     1     9      758.67      603.67        0.00
     1     9      760.00      607.00        0.00
