     0     0      494.00      494.00        0.00
     0     0      472.00      486.00        0.00
     0     0      466.00      484.00        0.00
     0     0      458.00      484.00        0.00
     0     0      452.00      482.00        0.00
     0     0      444.00      478.00        0.00
     0     0      432.00      474.00        0.00
     0     0      426.00      472.00        0.00
     0     0      420.00      468.00        0.00
     0     0      414.00      466.00        0.00
     0     0      408.00      464.00        0.00
     0     0      402.00      462.00        0.00
     0     0      396.00      456.00        0.00
     0     0      390.00      452.00        0.00
     0     0      384.00      446.00        0.00
     0     0      378.00      442.00        0.00
     0     0      374.00      436.00        0.00
     0     0      370.00      428.00        0.00
     0     0      366.00      424.00        0.00
     0     0      364.00      418.00        0.00
     0     0      360.00      412.00        0.00
     0     0      356.00      408.00        0.00
     0     0      352.00      402.00        0.00
     0     0      350.00      396.00        0.00
     0     0      348.00      390.00        0.00
     0     0      348.00      384.00        0.00
     0     0      350.00      376.00        0.00
     0     0      352.00      368.00        0.00
     0     0      352.00      360.00        0.00
     0     0      354.00      354.00        0.00
     0     0      358.00      346.00        0.00
     0     0      360.00      340.00        0.00
     0     0      366.00      334.00        0.00
     0     0      370.00      330.00        0.00
     0     0      374.00      326.00        0.00
     0     0      378.00      322.00        0.00
     0     0      382.00      318.00        0.00
     0     0      388.00      314.00        0.00
     0     0      392.00      310.00        0.00
     0     0      396.00      306.00        0.00
     0     0      402.00      302.00        0.00
     0     0      408.00      300.00        0.00
     0     0      416.00      296.00        0.00
     0     0      424.00      296.00        0.00
     0     0      432.00      294.00        0.00
     0     0      440.00      292.00        0.00
     0     0      446.00      290.00        0.00
     0     0      454.00      286.00        0.00
     0     0      460.00      284.00        0.00
     0     0      468.00      282.00        0.00
     0     0      474.00      280.00        0.00
     0     0      480.00      278.00        0.00
     0     0      488.00      274.00        0.00
     0     0      494.00      274.00        0.00
     0     0      500.00      272.00        0.00
     0     0      506.00      268.00        0.00
     0     0      512.00      264.00        0.00
     0     0      520.00      262.00        0.00
     0     0      526.00      260.00        0.00
     0     0      532.00      260.00        0.00
     0     0      540.00      260.00        0.00
     0     0      546.00      260.00        0.00
     0     0      552.00      260.00        0.00
     0     0      560.00      260.00        0.00
     0     0      566.00      260.00        0.00
     0     0      576.00      260.00        0.00
     0     0      582.00      260.00        0.00
     0     0      588.00      260.00        0.00
     0     0      594.00      256.00        0.00
     0     0      602.00      256.00        0.00
     0     0      612.00      254.00        0.00
     0     0      622.00      254.00        0.00
     0     0      630.00      254.00        0.00
     0     0      638.00      254.00        0.00
     0     0      648.00      252.00        0.00
     0     0      654.00      250.00        0.00
     0     0      660.00      248.00        0.00
     0     0      668.00      244.00        0.00
     0     0      676.00      242.00        0.00
     0     0      682.00      240.00        0.00
     0     0      688.00      240.00        0.00
     0     0      694.00      240.00        0.00
     0     0      702.00      238.00        0.00
     0     0      708.00      238.00        0.00
     0     0      716.00      240.00        0.00
     0     0      722.00      240.00        0.00
     0     0      728.00      242.00        0.00
     0     0      736.00      244.00        0.00
     0     0      742.00      244.00        0.00
     0     0      748.00      246.00        0.00
     0     0      754.00      246.00        0.00
     0     0      760.00      248.00        0.00
     0     0      768.00      250.00        0.00
     0     0      776.00      252.00        0.00
     0     0      782.00      254.00        0.00
     0     0      788.00      256.00        0.00
     0     0      796.00      260.00        0.00
     0     0      802.00      264.00        0.00
     0     0      806.00      268.00        0.00
     0     0      812.00      272.00        0.00
     0     0      816.00      278.00        0.00
     0     0      820.00      284.00        0.00
     0     0      822.00      290.00        0.00
     0     0      826.00      298.00        0.00
     0     0      828.00      304.00        0.00
     0     0      828.00      310.00        0.00
     0     0      830.00      316.00        0.00
     0     0      832.00      324.00        0.00
     0     0      834.00      332.00        0.00
     0     0      834.00      340.00        0.00
     0     0      834.00      346.00        0.00
     0     0      832.00      352.00        0.00
     0     0      832.00      358.00        0.00
     0     0      830.00      364.00        0.00
     0     0      830.00      370.00        0.00
     0     0      828.00      376.00        0.00
     0     0      824.00      382.00        0.00
     0     0      822.00      388.00        0.00
     0     0      818.00      394.00        0.00
     0     0      816.00      400.00        0.00
     0     0      812.00      408.00        0.00
     0     0      808.00      414.00        0.00
     0     0      804.00      420.00        0.00
     0     0      798.00      426.00        0.00
     0     0      794.00      430.00        0.00
     0     0      790.00      436.00        0.00
     0     0      782.00      442.00        0.00
     0     0      776.00      444.00        0.00
     0     0      770.00      448.00        0.00
     0     0      764.00      452.00        0.00
     0     0      758.00      456.00        0.00
     0     0      754.00      462.00        0.00
     0     0      748.00      464.00        0.00
     0     0      738.00      466.00        0.00
     0     0      732.00      468.00        0.00
     0     0      724.00      470.00        0.00
     0     0      718.00      470.00        0.00
     0     0      712.00      472.00        0.00
     0     0      706.00      472.00        0.00
     0     0      698.00      474.00        0.00
     0     0      692.00      478.00        0.00
     0     0      686.00      480.00        0.00
     0     0      680.00      480.00        0.00
     0     0      674.00      482.00        0.00
     0     0      666.00      484.00        0.00
     0     0      660.00      486.00        0.00
     0     0      654.00      488.00        0.00
     0     0      646.00      492.00        0.00
     0     0      638.00      494.00        0.00
     0     0      632.00      496.00        0.00
     0     0      626.00      498.00        0.00
     0     0      618.00      498.00        0.00
     0     0      610.00      500.00        0.00
     0     0      602.00      502.00        0.00
     0     0      596.00      504.00        0.00
     0     0      588.00      504.00        0.00
     0     0      582.00      504.00        0.00
     0     0      576.00      504.00        0.00
     0     0      568.00      504.00        0.00
     0     0      558.00      504.00        0.00
     0     0      552.00      504.00        0.00
     0     0      546.00      506.00        0.00
     0     0      538.00      506.00        0.00
     0     0      532.00      506.00        0.00
     0     0      526.00      506.00        0.00
     0     1      386.00      721.00        0.00
     0     1      371.00      721.00        0.00
     0     1      359.00      721.00        0.00
     0     1      355.00      721.00        0.00
     0     1      351.00      721.00        0.00
     0     1      346.00      721.00        0.00
     0     1      342.00      721.00        0.00
     0     1      337.00      721.00        0.00
     0     1      332.00      721.00        0.00
     0     1      328.00      720.00        0.00
     0     1      324.00      719.00        0.00
     0     1      320.00      717.00        0.00
     0     1      316.00      716.00        0.00
     0     1      313.00      715.00        0.00
     0     1      310.00      713.00        0.00
     0     1      306.00      712.00        0.00
     0     1      303.00      710.00        0.00
     0     1      300.00      709.00        0.00
     0     1      297.00      707.00        0.00
     0     1      294.00      706.00        0.00
     0     1      291.00      704.00        0.00
     0     1      288.00      702.00        0.00
     0     1      284.00      700.00        0.00
     0     1      280.00      699.00        0.00
     0     1      274.00      697.00        0.00
     0     1      271.00      696.00        0.00
     0     1      268.00      694.00        0.00
     0     1      265.00      693.00        0.00
     0     1      258.00      690.00        0.00
     0     1      255.00      689.00        0.00
     0     1      252.00      687.00        0.00
     0     1      249.00      685.00        0.00
     0     1      244.00      683.00        0.00
     0     1      240.00      681.00        0.00
     0     1      236.00      678.00        0.00
     0     1      233.00      676.00        0.00
     0     1      230.00      674.00        0.00
     0     1      227.00      671.00        0.00
     0     1      225.00      668.00        0.00
     0     1      222.00      665.00        0.00
     0     1      219.00      662.00        0.00
     0     1      216.00      659.00        0.00
     0     1      213.00      656.00        0.00
     0     1      210.00      654.00        0.00
     0     1      207.00      651.00        0.00
     0     1      204.00      649.00        0.00
     0     1      201.00      646.00        0.00
     0     1      199.00      643.00        0.00
     0     1      196.00      640.00        0.00
     0     1      194.00      637.00        0.00
     0     1      193.00      633.00        0.00
     0     1      191.00      629.00        0.00
     0     1      189.00      626.00        0.00
     0     1      188.00      623.00        0.00
     0     1      187.00      619.00        0.00
     0     1      187.00      615.00        0.00
     0     1      188.00      610.00        0.00
     0     1      190.00      607.00        0.00
     0     1      191.00      603.00        0.00
     0     1      192.00      599.00        0.00
     0     1      193.00      594.00        0.00
     0     1      194.00      591.00        0.00
     0     1      196.00      587.00        0.00
     0     1      198.00      584.00        0.00
     0     1      198.00      580.00        0.00
     0     1      199.00      577.00        0.00
     0     1      200.00      573.00        0.00
     0     1      201.00      570.00        0.00
     0     1      202.00      567.00        0.00
     0     1      204.00      562.00        0.00
     0     1      207.00      558.00        0.00
     0     1      210.00      554.00        0.00
     0     1      213.00      551.00        0.00
     0     1      217.00      549.00        0.00
     0     1      222.00      545.00        0.00
     0     1      226.00      542.00        0.00
     0     1      230.00      539.00        0.00
     0     1      235.00      536.00        0.00
     0     1      240.00      533.00        0.00
     0     1      246.00      530.00        0.00
     0     1      251.00      528.00        0.00
     0     1      257.00      525.00        0.00
     0     1      263.00      523.00        0.00
     0     1      271.00      520.00        0.00
     0     1      278.00      518.00        0.00
     0     1      286.00      517.00        0.00
     0     1      292.00      515.00        0.00
     0     1      300.00      514.00        0.00
     0     1      305.00      514.00        0.00
     0     1      311.00      513.00        0.00
     0     1      316.00      513.00        0.00
     0     1      320.00      513.00        0.00
     0     1      326.00      513.00        0.00
     0     1      332.00      514.00        0.00
     0     1      340.00      515.00        0.00
     0     1      346.00      516.00        0.00
     0     1      356.00      517.00        0.00
     0     1      364.00      519.00        0.00
     0     1      375.00      521.00        0.00
     0     1      381.00      522.00        0.00
     0     1      387.00      522.00        0.00
     0     1      395.00      523.00        0.00
     0     1      403.00      525.00        0.00
     0     1      415.00      526.00        0.00
     0     1      424.00      527.00        0.00
     0     1      439.00      529.00        0.00
     0     1      448.00      531.00        0.00
     0     1      459.00      532.00        0.00
     0     1      470.00      533.00        0.00
     0     1      478.00      535.00        0.00
     0     1      485.00      536.00        0.00
     0     1      493.00      537.00        0.00
     0     1      502.00      537.00        0.00
     0     1      509.00      538.00        0.00
     0     1      516.00      540.00        0.00
     0     1      522.00      541.00        0.00
     0     1      529.00      543.00        0.00
     0     1      538.00      545.00        0.00
     0     1      544.00      546.00        0.00
     0     1      551.00      547.00        0.00
     0     1      557.00      548.00        0.00
     0     1      564.00      549.00        0.00
     0     1      569.00      550.00        0.00
     0     1      576.00      551.00        0.00
     0     1      581.00      551.00        0.00
     0     1      587.00      552.00        0.00
     0     1      592.00      552.00        0.00
     0     1      598.00      552.00        0.00
     0     1      603.00      552.00        0.00
     0     1      607.00      552.00        0.00
     0     1      614.00      552.00        0.00
     0     1      619.00      552.00        0.00
     0     1      623.00      552.00        0.00
     0     1      626.00      553.00        0.00
     0     1      632.00      553.00        0.00
     0     1      636.00      553.00        0.00
     0     1      640.00      553.00        0.00
     0     1      644.00      553.00        0.00
     0     1      648.00      553.00        0.00
     0     1      652.00      553.00        0.00
     0     1      656.00      554.00        0.00
     0     1      659.00      555.00        0.00
     0     1      662.00      556.00        0.00
     0     1      665.00      558.00        0.00
     0     1      669.00      558.00        0.00
     0     1      674.00      558.00        0.00
     0     1      677.00      559.00        0.00
     0     1      680.00      561.00        0.00
     0     1      683.00      562.00        0.00
     0     1      687.00      564.00        0.00
     0     1      690.00      565.00        0.00
     0     1      693.00      567.00        0.00
     0     1      696.00      569.00        0.00
     0     1      698.00      572.00        0.00
     0     1      700.00      575.00        0.00
     0     1      701.00      578.00        0.00
     0     1      702.00      583.00        0.00
     0     1      703.00      586.00        0.00
     0     1      704.00      590.00        0.00
     0     1      704.00      594.00        0.00
     0     1      704.00      598.00        0.00
     0     1      703.00      602.00        0.00
     0     1      702.00      605.00        0.00
     0     1      699.00      608.00        0.00
     0     1      695.00      611.00        0.00
     0     1      692.00      613.00        0.00
     0     1      688.00      616.00        0.00
     0     1      685.00      618.00        0.00
     0     1      680.00      622.00        0.00
     0     1      675.00      625.00        0.00
     0     1      668.00      629.00        0.00
     0     1      659.00      633.00        0.00
     0     1      654.00      637.00        0.00
     0     1      647.00      641.00        0.00
     0     1      636.00      645.00        0.00
     0     1      629.00      647.00        0.00
     0     1      619.00      649.00        0.00
     0     1      611.00      652.00        0.00
     0     1      604.00      655.00        0.00
     0     1      597.00      657.00        0.00
     0     1      592.00      660.00        0.00
     0     1      583.00      662.00        0.00
     0     1      577.00      663.00        0.00
     0     1      569.00      664.00        0.00
     0     1      563.00      665.00        0.00
     0     1      556.00      666.00        0.00
     0     1      549.00      667.00        0.00
     0     1      543.00      668.00        0.00
     0     1      534.00      671.00        0.00
     0     1      526.00      672.00        0.00
     0     1      519.00      675.00        0.00
     0     1      514.00      676.00        0.00
     0     1      510.00      678.00        0.00
     0     1      504.00      680.00        0.00
     0     1      499.00      681.00        0.00
     0     1      494.00      683.00        0.00
     0     1      490.00      685.00        0.00
     0     1      485.00      686.00        0.00
     0     1      481.00      688.00        0.00
     0     1      477.00      689.00        0.00
     0     1      473.00      690.00        0.00
     0     1      467.00      692.00        0.00
     0     1      464.00      693.00        0.00
     0     1      460.00      694.00        0.00
     0     1      457.00      696.00        0.00
     0     1      454.00      697.00        0.00
     0     1      451.00      698.00        0.00
     0     1      448.00      699.00        0.00
     0     1      443.00      701.00        0.00
     0     1      440.00      702.00        0.00
     0     1      436.00      704.00        0.00
     0     1      432.00      704.00        0.00
     1     0      589.00      702.00        0.00
     1     0      579.00      699.00        0.00
     1     0      576.00      697.00        0.00
     1     0      574.00      694.00        0.00
     1     0      573.00      691.00        0.00
     1     0      572.00      688.00        0.00
     1     0      572.00      684.00        0.00
     1     0      573.00      681.00        0.00
     1     0      576.00      679.00        0.00
     1     0      578.00      676.00        0.00
     1     0      581.00      674.00        0.00
     1     0      584.00      673.00        0.00
     1     0      587.00      672.00        0.00
     1     0      591.00      672.00        0.00
     1     0      594.00      673.00        0.00
     1     0      597.00      675.00        0.00
     1     0      599.00      678.00        0.00
     1     0      601.00      681.00        0.00
     1     0      601.00      685.00        0.00
     1     0      601.00      689.00        0.00
     1     1      822.00      443.00        0.00
     1     1      818.00      444.00        0.00
     1     1      814.00      444.00        0.00
     1     1      811.00      443.00        0.00
     1     1      808.00      441.00        0.00
     1     1      806.00      438.00        0.00
     1     1      804.00      435.00        0.00
     1     1      803.00      432.00        0.00
     1     1      803.00      428.00        0.00
     1     1      804.00      425.00        0.00
     1     1      806.00      422.00        0.00
     1     1      808.00      419.00        0.00
     1     1      810.00      416.00        0.00
     1     1      813.00      414.00        0.00
     1     1      816.00      412.00        0.00
     1     1      819.00      411.00        0.00
     1     1      822.00      410.00        0.00
     1     1      826.00      410.00        0.00
     1     1      830.00      410.00        0.00
     1     1      834.00      410.00        0.00
     1     1      837.00      412.00        0.00
     1     1      839.00      415.00        0.00
     1     1      840.00      418.00        0.00
     1     1      840.00      422.00        0.00
     1     1      841.00      425.00        0.00
     1     1      841.00      429.00        0.00
     1     1      840.00      432.00        0.00
     1     1      839.00      435.00        0.00
     1     2      877.00      445.00        0.00
     1     2      873.00      445.00        0.00
     1     2      869.00      445.00        0.00
     1     2      866.00      443.00        0.00
     1     2      865.00      440.00        0.00
     1     2      864.00      436.00        0.00
     1     2      864.00      432.00        0.00
     1     2      864.00      428.00        0.00
     1     2      865.00      425.00        0.00
     1     2      867.00      422.00        0.00
     1     2      869.00      419.00        0.00
     1     2      871.00      416.00        0.00
     1     2      874.00      415.00        0.00
     1     2      878.00      412.00        0.00
     1     2      881.00      411.00        0.00
     1     2      886.00      411.00        0.00
     1     2      890.00      411.00        0.00
     1     2      893.00      412.00        0.00
     1     2      896.00      414.00        0.00
     1     2      897.00      417.00        0.00
     1     2      898.00      420.00        0.00
     1     2      899.00      423.00        0.00
     1     2      899.00      427.00        0.00
     1     2      899.00      431.00        0.00
     1     2      897.00      434.00        0.00
     1     2      896.00      437.00        0.00
     1     3      911.00      473.00        0.00
     1     3      899.00      472.00        0.00
     1     3      894.00      472.00        0.00
     1     3      890.00      470.00        0.00
     1     3      888.00      467.00        0.00
     1     3      887.00      464.00        0.00
     1     3      886.00      460.00        0.00
     1     3      887.00      456.00        0.00
     1     3      889.00      453.00        0.00
     1     3      892.00      451.00        0.00
     1     3      895.00      450.00        0.00
     1     3      899.00      449.00        0.00
     1     3      904.00      449.00        0.00
     1     3      908.00      449.00        0.00
     1     3      913.00      449.00        0.00
     1     3      917.00      450.00        0.00
     1     3      920.00      451.00        0.00
     1     3      923.00      452.00        0.00
     1     3      925.00      455.00        0.00
     1     3      928.00      457.00        0.00
     1     3      930.00      460.00        0.00
     1     3      932.00      463.00        0.00
     1     3      933.00      466.00        0.00
     1     3      933.00      470.00        0.00
     1     3      930.00      471.00        0.00
     1     3      927.00      472.00        0.00
     1     4      925.00      417.00        0.00
     1     4      920.00      421.00        0.00
     1     4      917.00      423.00        0.00
     1     4      913.00      423.00        0.00
     1     4      911.00      420.00        0.00
     1     4      910.00      417.00        0.00
     1     4      909.00      414.00        0.00
     1     4      909.00      410.00        0.00
     1     4      909.00      406.00        0.00
     1     4      909.00      402.00        0.00
     1     4      909.00      398.00        0.00
     1     4      912.00      396.00        0.00
     1     4      916.00      396.00        0.00
     1     4      921.00      396.00        0.00
     1     4      925.00      397.00        0.00
     1     4      929.00      397.00        0.00
     1     4      933.00      398.00        0.00
     1     4      939.00      399.00        0.00
     1     4      943.00      399.00        0.00
     1     4      947.00      400.00        0.00
     1     4      950.00      401.00        0.00
     1     4      953.00      402.00        0.00
     1     4      951.00      405.00        0.00
     1     4      948.00      408.00        0.00
     1     4      946.00      411.00        0.00
     1     4      943.00      412.00        0.00
     1     4      940.00      413.00        0.00
     1     4      937.00      414.00        0.00
     1     5      946.00      454.00        0.00
     1     5      936.00      453.00        0.00
     1     5      933.00      451.00        0.00
     1     5      932.00      448.00        0.00
     1     5      931.00      445.00        0.00
     1     5      928.00      444.00        0.00
     1     5      925.00      442.00        0.00
     1     5      923.00      439.00        0.00
     1     5      923.00      435.00        0.00
     1     5      924.00      431.00        0.00
     1     5      928.00      427.00        0.00
     1     5      931.00      425.00        0.00
     1     5      934.00      423.00        0.00
     1     5      937.00      422.00        0.00
     1     5      940.00      421.00        0.00
     1     5      944.00      421.00        0.00
     1     5      948.00      421.00        0.00
     1     5      952.00      422.00        0.00
     1     5      955.00      423.00        0.00
     1     5      958.00      425.00        0.00
     1     5      958.00      429.00        0.00
     1     5      959.00      432.00        0.00
     1     5      960.00      435.00        0.00
     1     5      960.00      439.00        0.00
     1     5      960.00      443.00        0.00
     1     5      959.00      446.00        0.00
     1     6      989.00      457.00        0.00
     1     6      981.00      457.00        0.00
     1     6      977.00      457.00        0.00
     1     6      974.00      456.00        0.00
     1     6      971.00      455.00        0.00
     1     6      969.00      452.00        0.00
     1     6      968.00      449.00        0.00
     1     6      968.00      445.00        0.00
     1     6      969.00      442.00        0.00
     1     6      972.00      439.00        0.00
     1     6      974.00      436.00        0.00
     1     6      977.00      433.00        0.00
     1     6      980.00      432.00        0.00
     1     6      983.00      431.00        0.00
     1     6      987.00      431.00        0.00
     1     6      991.00      431.00        0.00
     1     6      994.00      432.00        0.00
     1     6      997.00      433.00        0.00
     1     6     1000.00      434.00        0.00
     1     6     1003.00      436.00        0.00
     1     6     1005.00      439.00        0.00
     1     6     1006.00      442.00        0.00
     1     6     1007.00      445.00        0.00
     1     6     1007.00      449.00        0.00
     1     6     1006.00      452.00        0.00
     1     6     1003.00      454.00        0.00
     1     7      950.00      504.00        0.00
     1     7      944.00      503.00        0.00
     1     7      940.00      503.00        0.00
     1     7      937.00      502.00        0.00
     1     7      935.00      499.00        0.00
     1     7      934.00      496.00        0.00
     1     7      934.00      492.00        0.00
     1     7      934.00      488.00        0.00
     1     7      935.00      485.00        0.00
     1     7      938.00      483.00        0.00
     1     7      941.00      481.00        0.00
     1     7      944.00      478.00        0.00
     1     7      947.00      476.00        0.00
     1     7      950.00      474.00        0.00
     1     7      955.00      474.00        0.00
     1     7      959.00      474.00        0.00
     1     7      963.00      474.00        0.00
     1     7      965.00      477.00        0.00
     1     7      965.00      481.00        0.00
     1     7      965.00      485.00        0.00
     1     7      963.00      488.00        0.00
     1     7      962.00      491.00        0.00
     1     7      960.00      494.00        0.00
     1     8      504.00      527.00        0.00
     1     8      501.00      528.00        0.00
     1     8      498.00      527.00        0.00
     1     8      495.00      526.00        0.00
     1     8      492.00      524.00        0.00
     1     8      490.00      521.00        0.00
     1     8      489.00      518.00        0.00
     1     8      488.00      515.00        0.00
     1     8      488.00      511.00        0.00
     1     8      489.00      507.00        0.00
     1     8      492.00      505.00        0.00
     1     8      495.00      504.00        0.00
     1     8      499.00      503.00        0.00
     1     8      503.00      504.00        0.00
     1     8      506.00      505.00        0.00
     1     8      509.00      508.00        0.00
     1     8      511.00      511.00        0.00
     1     8      512.00      514.00        0.00
     1     8      513.00      517.00        0.00
     1     8      513.00      521.00        0.00
     1     8      512.00      524.00        0.00
     1     9      652.00      542.00        0.00
     1     9      649.00      540.00        0.00
     1     9      646.00      539.00        0.00
     1     9      643.00      538.00        0.00
     1     9      640.00      536.00        0.00
     1     9      636.00      534.00        0.00
     1     9      633.00      533.00        0.00
     1     9      630.00      532.00        0.00
     1     9      627.00      529.00        0.00
     1     9      624.00      526.00        0.00
     1     9      621.00      523.00        0.00
     1     9      620.00      520.00        0.00
     1     9      621.00      517.00        0.00
     1     9      624.00      514.00        0.00
     1     9      627.00      512.00        0.00
     1     9      630.00      510.00        0.00
     1     9      633.00      509.00        0.00
     1     9      636.00      508.00        0.00
     1     9      640.00      508.00        0.00
     1     9      643.00      509.00        0.00
     1     9      645.00      512.00        0.00
     1     9      648.00      515.00        0.00
     1     9      650.00      518.00        0.00
     1     9      653.00      520.00        0.00
     1     9      656.00      522.00        0.00
     1     9      658.00      525.00        0.00
     1     9      661.00      528.00        0.00
     1     9      662.00      531.00        0.00
     1     9      663.00      534.00        0.00
     1    10      678.00      534.00        0.00
     1    10      675.00      533.00        0.00
     1    10      673.00      530.00        0.00
     1    10      673.00      526.00        0.00
     1    10      673.00      522.00        0.00
     1    10      672.00      519.00        0.00
     1    10      670.00      516.00        0.00
     1    10      667.00      514.00        0.00
     1    10      665.00      511.00        0.00
     1    10      664.00      508.00        0.00
     1    10      664.00      504.00        0.00
     1    10      666.00      501.00        0.00
     1    10      669.00      500.00        0.00
     1    10      672.00      498.00        0.00
     1    10      676.00      498.00        0.00
     1    10      679.00      497.00        0.00
     1    10      684.00      497.00        0.00
     1    10      688.00      498.00        0.00
     1    10      691.00      499.00        0.00
     1    10      694.00      500.00        0.00
     1    10      697.00      502.00        0.00
     1    10      699.00      505.00        0.00
     1    10      700.00      508.00        0.00
     1    10      700.00      512.00        0.00
     1    10      699.00      515.00        0.00
     1    10      697.00      518.00        0.00
     1    10      695.00      521.00        0.00
     1    10      693.00      524.00        0.00
     1    10      693.00      528.00        0.00
