     0     0      612.00      530.67        0.00
     0     0      613.33      526.67        0.00
     0     0      613.33      522.67        0.00
     0     0      614.67      518.67        0.00
     0     0      614.67      514.67        0.00
     0     0      616.00      510.67        0.00
     0     0      616.00      506.67        0.00
     0     0      616.00      502.67        0.00
     0     0      616.00      498.67        0.00
     0     0      616.00      494.67        0.00
     0     0      616.00      490.67        0.00
     0     0      614.67      484.00        0.00
     0     0      613.33      480.00        0.00
     0     0      612.00      474.67        0.00
     0     0      612.00      469.33        0.00
     0     0      610.67      464.00        0.00
     0     0      610.67      460.00        0.00
     0     0      609.33      456.00        0.00
     0     0      608.00      452.00        0.00
     0     0      606.67      448.00        0.00
     0     0      606.67      444.00        0.00
     0     0      604.00      440.00        0.00
     0     0      604.00      436.00        0.00
     0     0      602.67      430.67        0.00
     0     0      601.33      426.67        0.00
     0     0      600.00      422.67        0.00
     0     0      598.67      418.67        0.00
     0     0      597.33      414.67        0.00
     0     0      596.00      410.67        0.00
     0     0      594.67      405.33        0.00
     0     0      592.00      401.33        0.00
     0     0      590.67      396.00        0.00
     0     0      589.33      392.00        0.00
     0     0      588.00      388.00        0.00
     0     0      585.33      384.00        0.00
     0     0      582.67      380.00        0.00
     0     0      580.00      377.33        0.00
     0     0      577.33      373.33        0.00
     0     0      574.67      370.67        0.00
     0     0      572.00      368.00        0.00
     0     0      568.00      366.67        0.00
     0     0      564.00      365.33        0.00
     0     0      560.00      364.00        0.00
     0     0      557.33      361.33        0.00
     0     0      552.00      360.00        0.00
     0     0      548.00      357.33        0.00
     0     0      544.00      356.00        0.00
     0     0      540.00      353.33        0.00
     0     0      537.33      350.67        0.00
     0     0      532.00      349.33        0.00
     0     0      528.00      346.67        0.00
     0     0      524.00      345.33        0.00
     0     0      521.33      342.67        0.00
     0     0      517.33      341.33        0.00
     0     0      512.00      338.67        0.00
     0     0      509.33      336.00        0.00
     0     0      505.33      334.67        0.00
     0     0      502.67      332.00        0.00
     0     0      498.67      329.33        0.00
     0     0      496.00      326.67        0.00
     0     0      493.33      324.00        0.00
     0     0      490.67      321.33        0.00
     0     0      486.67      318.67        0.00
     0     0      482.67      316.00        0.00
     0     0      478.67      312.00        0.00
     0     0      476.00      309.33        0.00
     0     0      473.33      306.67        0.00
     0     0      469.33      304.00        0.00
     0     0      466.67      301.33        0.00
     0     0      464.00      297.33        0.00
     0     0      460.00      293.33        0.00
     0     0      458.67      289.33        0.00
     0     0      454.67      284.00        0.00
     0     0      452.00      281.33        0.00
     0     0      449.33      277.33        0.00
     0     0      446.67      274.67        0.00
     0     0      445.33      270.67        0.00
     0     0      442.67      268.00        0.00
     0     0      441.33      264.00        0.00
     0     0      438.67      260.00        0.00
     0     0      437.33      256.00        0.00
     0     0      436.00      252.00        0.00
     0     0      434.67      248.00        0.00
     0     0      433.33      242.67        0.00
     0     0      430.67      237.33        0.00
     0     0      429.33      233.33        0.00
     0     0      428.00      228.00        0.00
     0     0      426.67      224.00        0.00
     0     0      425.33      220.00        0.00
     0     0      425.33      216.00        0.00
     0     0      424.00      212.00        0.00
     0     0      422.67      208.00        0.00
     0     0      420.00      204.00        0.00
     0     0      418.67      200.00        0.00
     0     0      417.33      196.00        0.00
     0     0      416.00      192.00        0.00
     0     0      416.00      186.67        0.00
     0     0      414.67      182.67        0.00
     0     0      413.33      177.33        0.00
     0     0      413.33      173.33        0.00
     0     0      412.00      169.33        0.00
     0     0      412.00      165.33        0.00
     0     0      410.67      161.33        0.00
     0     0      409.33      157.33        0.00
     0     0      409.33      153.33        0.00
     0     0      409.33      149.33        0.00
     0     0      408.00      145.33        0.00
     0     0      408.00      141.33        0.00
     0     0      408.00      137.33        0.00
     0     0      408.00      133.33        0.00
     0     0      408.00      129.33        0.00
     0     0      408.00      125.33        0.00
     0     0      408.00      120.00        0.00
     0     0      408.00      116.00        0.00
     0     0      408.00      112.00        0.00
     0     0      408.00      106.67        0.00
     0     0      409.33      102.67        0.00
     0     0      410.67       98.67        0.00
     0     0      413.33       94.67        0.00
     0     0      414.67       90.67        0.00
     0     0      416.00       86.67        0.00
     0     0      418.67       84.00        0.00
     0     0      420.00       80.00        0.00
     0     0      422.67       76.00        0.00
     0     0      424.00       72.00        0.00
     0     0      425.33       68.00        0.00
     0     0      425.33       64.00        0.00
     0     0      428.00       61.33        0.00
     0     0      429.33       57.33        0.00
     0     0      432.00       53.33        0.00
     0     0      434.67       49.33        0.00
     0     0      438.67       46.67        0.00
     0     0      441.33       44.00        0.00
     0     0      445.33       44.00        0.00
     0     0      449.33       41.33        0.00
     0     0      452.00       38.67        0.00
     0     0      454.67       36.00        0.00
     0     0      457.33       33.33        0.00
     0     0      461.33       32.00        0.00
     0     0      464.00       29.33        0.00
     0     0      469.33       26.67        0.00
     0     0      472.00       22.67        0.00
     0     0      474.67       20.00        0.00
     0     0      489.33        8.00        0.00
     0     0      491.33        5.33        0.00
     0     0      494.67        3.33        0.00
     0     0      497.33        1.33        0.00
     0     0      500.67        0.00        0.00
     0     0      504.00       -0.67        0.00
     0     0      507.33       -1.33        0.00
     0     0      510.67       -1.33        0.00
     0     0      514.00       -1.33        0.00
     0     0      518.00       -1.33        0.00
     0     0      522.00       -1.33        0.00
     0     0      525.33       -1.33        0.00
     0     0      528.67       -1.33        0.00
     0     0      532.00       -1.33        0.00
     0     0      536.00        0.00        0.00
     0     0      540.00        1.33        0.00
     0     0      544.67        0.67        0.00
     0     0      548.00        0.67        0.00
     0     0      551.33        2.67        0.00
     0     0      554.67        3.33        0.00
     0     0      558.00        3.33        0.00
     0     0      561.33        3.33        0.00
     0     0      564.67        4.00        0.00
     0     0      568.67        5.33        0.00
     0     0      572.00        6.00        0.00
     0     0      576.00        7.33        0.00
     0     0      578.67        9.33        0.00
     0     0      582.00       10.67        0.00
     0     0      586.00       12.00        0.00
     0     0      589.33       14.00        0.00
     0     0      593.33       16.00        0.00
     0     0      596.00       18.00        0.00
     0     0      599.33       19.33        0.00
     0     0      602.00       22.00        0.00
     0     0      605.33       24.67        0.00
     0     0      608.00       26.67        0.00
     0     0      610.00       29.33        0.00
     0     0      612.00       32.00        0.00
     0     0      614.00       34.67        0.00
     0     0      616.00       37.33        0.00
     0     0      618.00       40.00        0.00
     0     0      620.00       42.67        0.00
     0     0      622.00       45.33        0.00
     0     0      624.00       48.00        0.00
     0     0      626.00       50.67        0.00
     0     0      628.67       53.33        0.00
     0     0      631.33       56.00        0.00
     0     0      633.33       59.33        0.00
     0     0      635.33       62.67        0.00
     0     0      636.67       66.00        0.00
     0     0      639.33       68.67        0.00
     0     0      642.00       71.33        0.00
     0     0      644.67       73.33        0.00
     0     0      648.67       76.00        0.00
     0     0      651.33       78.67        0.00
     0     0      654.00       82.00        0.00
     0     0      656.67       85.33        0.00
     0     0      659.33       88.67        0.00
     0     0      662.00       92.00        0.00
     0     0      664.67       94.67        0.00
     0     0      666.67       98.00        0.00
     0     0      669.33      101.33        0.00
     0     0      671.33      104.00        0.00
     0     0      672.67      107.33        0.00
     0     0      674.67      110.00        0.00
     0     0      676.67      113.33        0.00
     0     0      678.00      116.67        0.00
     0     0      679.33      120.00        0.00
     0     0      681.33      124.67        0.00
     0     0      683.33      128.00        0.00
     0     0      685.33      132.00        0.00
     0     0      687.33      136.00        0.00
     0     0      689.33      140.00        0.00
     0     0      691.33      143.33        0.00
     0     0      693.33      146.67        0.00
     0     0      695.33      149.33        0.00
     0     0      697.33      152.67        0.00
     0     0      700.00      156.00        0.00
     0     0      703.33      160.00        0.00
     0     0      705.33      162.67        0.00
     0     0      708.00      165.33        0.00
     0     0      710.00      168.00        0.00
     0     0      712.67      170.67        0.00
     0     0      714.67      173.33        0.00
     0     0      716.67      176.67        0.00
     0     0      718.67      180.00        0.00
     0     0      720.67      183.33        0.00
     0     0      722.67      188.00        0.00
     0     0      724.00      192.67        0.00
     0     0      724.67      196.67        0.00
     0     0      726.00      200.00        0.00
     0     0      726.67      203.33        0.00
     0     0      727.33      206.67        0.00
     0     0      728.00      210.00        0.00
     0     0      729.33      215.33        0.00
     0     0      730.00      218.67        0.00
     0     0      731.33      222.67        0.00
     0     0      733.33      226.00        0.00
     0     0      734.67      230.00        0.00
     0     0      736.67      234.00        0.00
     0     0      738.00      237.33        0.00
     0     0      740.00      240.67        0.00
     0     0      742.00      245.33        0.00
     0     0      743.33      248.67        0.00
     0     0      744.67      252.67        0.00
     0     0      745.33      258.00        0.00
     0     0      746.67      261.33        0.00
     0     0      747.33      264.67        0.00
     0     0      748.00      268.67        0.00
     0     0      748.67      272.67        0.00
     0     0      750.00      277.33        0.00
     0     0      751.33      280.67        0.00
     0     0      752.67      284.00        0.00
     0     0      754.67      288.00        0.00
     0     0      755.33      291.33        0.00
     0     0      756.67      294.67        0.00
     0     0      758.33      317.33        0.00
     0     0      759.00      320.67        0.00
     0     0      759.00      324.00        0.00
     0     0      758.33      327.33        0.00
     0     0      757.67      330.67        0.00
     0     0      756.33      334.00        0.00
     0     0      755.67      337.33        0.00
     0     0      755.00      340.67        0.00
     0     0      755.00      344.00        0.00
     0     0      755.00      348.00        0.00
     0     0      755.00      352.00        0.00
     0     0      756.33      356.00        0.00
     0     0      757.00      359.33        0.00
     0     0      757.00      363.33        0.00
     0     0      757.00      367.33        0.00
     0     0      756.33      371.33        0.00
     0     0      755.67      374.67        0.00
     0     0      755.00      378.00        0.00
     0     0      753.67      381.33        0.00
     0     0      753.00      384.67        0.00
     0     0      751.67      388.67        0.00
     0     0      751.00      392.67        0.00
     0     0      752.33      397.33        0.00
     0     0      752.33      400.67        0.00
     0     0      753.00      404.00        0.00
     0     0      754.33      408.00        0.00
     0     0      755.00      411.33        0.00
     0     0      756.33      414.67        0.00
     0     0      757.67      418.67        0.00
     0     0      759.00      422.67        0.00
     0     0      760.33      426.67        0.00
     0     0      761.67      430.00        0.00
     0     0      762.33      434.00        0.00
     0     0      763.00      438.00        0.00
     0     0      763.00      442.00        0.00
     0     0      763.00      446.00        0.00
     0     0      763.67      450.00        0.00
     0     0      763.67      454.00        0.00
     0     0      763.67      458.00        0.00
     0     0      763.67      461.33        0.00
     0     0      763.67      465.33        0.00
     0     0      763.67      468.67        0.00
     0     0      763.67      472.67        0.00
     0     0      763.67      476.00        0.00
     0     0      763.67      479.33        0.00
     0     0      763.00      482.67        0.00
     0     0      763.00      486.00        0.00
     0     0      763.00      489.33        0.00
     0     0      763.00      494.00        0.00
     0     0      763.00      497.33        0.00
     0     0      762.33      501.33        0.00
     0     0      762.33      504.67        0.00
     0     0      761.67      509.33        0.00
     0     0      761.00      512.67        0.00
     0     0      759.67      517.33        0.00
     0     0      759.00      521.33        0.00
     0     0      758.33      524.67        0.00
     0     0      757.67      528.00        0.00
     0     0      757.00      532.00        0.00
     0     0      757.00      535.33        0.00
     0     0      757.00      540.00        0.00
     0     0      757.00      544.67        0.00
     0     0      757.00      548.67        0.00
     0     0      757.00      554.00        0.00
     0     0      757.00      557.33        0.00
     0     0      757.67      560.67        0.00
     0     0      757.67      566.00        0.00
     0     0      758.33      569.33        0.00
     0     0      759.67      572.67        0.00
     0     0      761.00      576.67        0.00
     0     0      761.67      580.67        0.00
     0     0      761.67      584.00        0.00
     0     0      762.33      588.00        0.00
     0     0      762.33      592.67        0.00
     0     0      762.33      596.67        0.00
     0     0      761.67      602.00        0.00
     0     0      759.67      606.67        0.00
     0     0      759.00      610.67        0.00
     0     0      757.67      614.00        0.00
     0     0      755.67      618.67        0.00
     0     0      755.00      622.00        0.00
     0     0      754.33      625.33        0.00
     0     0      753.67      629.33        0.00
     0     0      753.67      632.67        0.00
     0     0      753.00      636.67        0.00
     0     0      752.33      640.67        0.00
     0     0      751.67      644.00        0.00
     0     0      751.00      648.00        0.00
     0     0      751.00      651.33        0.00
     0     0      751.00      654.67        0.00
     0     0      750.33      680.00        0.00
     0     0      751.67      685.33        0.00
     0     0      751.67      688.67        0.00
     0     0      751.67      692.00        0.00
     0     0      751.00      695.33        0.00
     0     0      749.67      699.33        0.00
     0     0      747.67      702.00        0.00
     0     0      745.00      705.33        0.00
     0     0      743.00      708.67        0.00
     0     0      741.67      712.67        0.00
     0     0      740.33      716.00        0.00
     0     0      739.00      720.00        0.00
     0     0      737.67      724.00        0.00
     0     0      737.00      728.00        0.00
     0     0      736.33      731.33        0.00
     0     0      735.00      734.67        0.00
     0     0      733.67      738.67        0.00
     0     0      732.33      742.00        0.00
     0     0      731.00      745.33        0.00
     0     0      729.67      748.67        0.00
     0     0      727.67      752.67        0.00
     0     0      727.00      756.00        0.00
     0     0      725.67      759.33        0.00
     0     0      723.67      762.67        0.00
     0     0      723.67      766.00        0.00
     0     0      723.00      769.33        0.00
     0     0      723.00      772.67        0.00
     0     0      722.33      776.67        0.00
     0     0      722.33      780.67        0.00
     0     0      721.67      786.00        0.00
     0     0      721.67      790.00        0.00
     0     0      721.00      793.33        0.00
     0     0      719.67      797.33        0.00
     0     0      718.33      800.67        0.00
     0     0      716.33      803.33        0.00
     0     0      713.67      806.00        0.00
     0     0      711.67      808.67        0.00
     0     0      709.67      812.00        0.00
     0     0      707.67      816.00        0.00
     0     0      705.00      818.67        0.00
     0     0      701.67      821.33        0.00
     0     0      699.67      824.67        0.00
     0     0      697.00      828.67        0.00
     0     0      695.00      832.00        0.00
     0     0      693.00      836.00        0.00
     0     0      691.67      840.00        0.00
     0     0      690.33      843.33        0.00
     0     0      688.33      847.33        0.00
     0     0      687.00      852.00        0.00
     0     0      686.33      856.00        0.00
     0     0      685.67      859.33        0.00
     0     0      685.00      863.33        0.00
     0     0      684.33      866.67        0.00
     0     0      683.00      870.00        0.00
     0     0      681.00      873.33        0.00
     0     0      679.00      876.00        0.00
     0     0      677.00      878.67        0.00
     0     0      674.33      882.00        0.00
     0     0      671.67      884.67        0.00
     0     0      669.67      887.33        0.00
     0     0      667.00      889.33        0.00
     0     0      664.33      891.33        0.00
     0     0      661.00      894.00        0.00
     0     0      657.00      896.00        0.00
     0     0      653.00      898.00        0.00
     0     0      649.67      899.33        0.00
     0     0      645.67      900.67        0.00
     0     0      642.33      902.00        0.00
     0     0      638.33      902.67        0.00
     0     0      634.33      904.00        0.00
     0     0      631.00      904.00        0.00
     0     0      627.67      904.67        0.00
     0     0      622.33      904.67        0.00
     0     0      618.33      904.67        0.00
     0     0      613.00      904.00        0.00
     0     0      609.00      903.33        0.00
     0     0      604.33      902.00        0.00
     0     0      601.00      900.00        0.00
     0     0      597.67      898.67        0.00
     0     0      594.33      897.33        0.00
     0     0      590.33      896.00        0.00
     0     0      585.67      893.33        0.00
     0     0      581.67      891.33        0.00
     0     0      579.00      889.33        0.00
     0     0      575.67      886.00        0.00
     0     0      573.00      882.67        0.00
     0     0      571.00      879.33        0.00
     0     0      570.33      875.33        0.00
     0     0      569.00      872.00        0.00
     0     0      567.67      868.67        0.00
     0     0      566.33      864.67        0.00
     0     0      565.67      861.33        0.00
     0     0      564.33      857.33        0.00
     0     0      563.00      853.33        0.00
     0     0      562.33      848.67        0.00
     0     0      561.67      844.67        0.00
     0     0      561.67      840.67        0.00
     0     0      561.67      836.67        0.00
     0     0      561.67      833.33        0.00
     0     0      561.67      829.33        0.00
     0     0      562.33      825.33        0.00
     0     0      562.33      820.67        0.00
     0     0      563.00      817.33        0.00
     0     0      563.67      814.00        0.00
     0     0      564.33      810.00        0.00
     0     0      564.33      806.67        0.00
     0     0      565.00      803.33        0.00
     0     0      565.67      800.00        0.00
     0     0      565.67      796.00        0.00
     0     0      566.33      792.67        0.00
     0     0      567.00      789.33        0.00
     0     0      567.00      786.00        0.00
     0     0      567.67      782.67        0.00
     0     0      569.00      778.67        0.00
     0     0      569.67      774.67        0.00
     0     0      571.00      771.33        0.00
     0     0      572.33      767.33        0.00
     0     0      573.67      764.00        0.00
     0     0      575.00      760.67        0.00
     0     0      576.33      757.33        0.00
     0     0      577.67      753.33        0.00
     0     0      579.00      750.00        0.00
     0     0      579.00      746.67        0.00
     0     0      579.00      743.33        0.00
     0     0      579.00      740.00        0.00
     0     0      579.00      736.00        0.00
     0     0      579.67      732.00        0.00
     0     0      580.33      728.67        0.00
     0     0      581.00      725.33        0.00
     0     0      582.33      722.00        0.00
     0     0      583.00      718.67        0.00
     0     0      583.67      715.33        0.00
     0     0      584.33      711.33        0.00
     0     0      585.00      707.33        0.00
     0     0      585.00      704.00        0.00
     0     0      585.00      700.67        0.00
     0     0      585.00      697.33        0.00
     0     0      585.00      694.00        0.00
     0     0      585.67      690.67        0.00
     0     0      587.00      687.33        0.00
     0     0      588.33      683.33        0.00
     0     0      589.67      679.33        0.00
     0     0      590.33      676.00        0.00
     0     0      591.67      672.67        0.00
     0     0      591.67      669.33        0.00
     0     0      591.67      666.00        0.00
     0     0      592.33      662.00        0.00
     0     0      592.33      658.00        0.00
     0     0      592.33      653.33        0.00
     0     0      593.67      649.33        0.00
     0     0      594.33      646.00        0.00
     0     0      595.67      641.33        0.00
     0     0      596.33      638.00        0.00
     0     0      597.00      634.00        0.00
     0     0      598.33      630.67        0.00
     0     0      599.67      627.33        0.00
     0     0      599.67      624.00        0.00
     0     0      600.33      620.67        0.00
     0     0      600.33      617.33        0.00
     0     0      600.33      614.00        0.00
     0     0      602.33      611.33        0.00
     0     0      603.00      608.00        0.00
     0     0      604.33      604.67        0.00
     0     0      605.67      601.33        0.00
     0     0      607.67      598.67        0.00
     0     0      609.00      595.33        0.00
     0     0      611.00      592.67        0.00
     0     0      612.33      588.67        0.00
     0     0      614.33      584.67        0.00
     0     0      614.33      581.33        0.00
     0     0      614.33      578.00        0.00
     0     0      615.00      574.67        0.00
     0     0      613.67      571.33        0.00
     0     0      613.67      568.00        0.00
     0     0      613.00      564.67        0.00
     0     0      613.00      561.33        0.00
     0     0      612.33      558.00        0.00
     0     0      612.33      554.67        0.00
     0     0      612.33      551.33        0.00
     0     0      612.33      548.00        0.00
     0     0      611.67      544.67        0.00
     0     1      518.33      791.00        0.00
     0     1      517.67      794.33        0.00
     0     1      517.67      799.00        0.00
     0     1      517.67      803.00        0.00
     0     1      517.67      807.67        0.00
     0     1      517.00      812.33        0.00
     0     1      516.33      815.67        0.00
     0     1      515.67      819.00        0.00
     0     1      514.33      822.33        0.00
     0     1      513.67      827.00        0.00
     0     1      512.33      830.33        0.00
     0     1      511.00      833.67        0.00
     0     1      509.67      837.67        0.00
     0     1      508.33      842.33        0.00
     0     1      507.67      845.67        0.00
     0     1      507.00      849.00        0.00
     0     1      506.33      852.33        0.00
     0     1      505.00      855.67        0.00
     0     1      503.67      859.00        0.00
     0     1      501.67      862.33        0.00
     0     1      499.67      865.67        0.00
     0     1      497.00      868.33        0.00
     0     1      495.00      871.00        0.00
     0     1      494.33      875.00        0.00
     0     1      493.67      878.33        0.00
     0     1      492.33      883.00        0.00
     0     1      491.67      886.33        0.00
     0     1      491.00      889.67        0.00
     0     1      489.00      893.00        0.00
     0     1      487.00      895.67        0.00
     0     1      484.33      899.67        0.00
     0     1      482.33      902.33        0.00
     0     1      480.33      905.00        0.00
     0     1      478.33      907.67        0.00
     0     1      476.33      911.00        0.00
     0     1      473.67      913.67        0.00
     0     1      470.33      915.67        0.00
     0     1      467.67      918.33        0.00
     0     1      465.00      920.33        0.00
     0     1      462.33      922.33        0.00
     0     1      459.00      924.33        0.00
     0     1      455.67      925.67        0.00
     0     1      451.00      925.67        0.00
     0     1      447.67      926.33        0.00
     0     1      444.33      926.33        0.00
     0     1      439.67      925.67        0.00
     0     1      435.67      925.67        0.00
     0     1      432.33      925.67        0.00
     0     1      429.00      926.33        0.00
     0     1      423.67      927.00        0.00
     0     1      419.67      927.00        0.00
     0     1      415.67      927.00        0.00
     0     1      411.00      928.33        0.00
     0     1      407.67      929.67        0.00
     0     1      405.00      931.67        0.00
     0     1      402.33      933.67        0.00
     0     1      397.67      934.33        0.00
     0     1      394.33      935.00        0.00
     0     1      390.33      935.00        0.00
     0     1      386.33      934.33        0.00
     0     1      381.00      933.67        0.00
     0     1      377.67      933.00        0.00
     0     1      374.33      932.33        0.00
     0     1      371.00      931.00        0.00
     0     1      367.00      929.67        0.00
     0     1      362.33      928.33        0.00
     0     1      359.00      927.00        0.00
     0     1      352.33      923.67        0.00
     0     1      347.00      920.33        0.00
     0     1      343.00      918.33        0.00
     0     1      337.67      914.33        0.00
     0     1      333.67      911.00        0.00
     0     1      331.00      909.00        0.00
     0     1      327.00      905.67        0.00
     0     1      324.33      903.00        0.00
     0     1      321.00      900.33        0.00
     0     1      318.33      897.00        0.00
     0     1      315.00      893.00        0.00
     0     1      313.00      889.00        0.00
     0     1      311.67      884.33        0.00
     0     1      310.33      880.33        0.00
     0     1      308.33      875.00        0.00
     0     1      307.00      871.67        0.00
     0     1      305.67      867.00        0.00
     0     1      303.67      861.67        0.00
     0     1      302.33      858.33        0.00
     0     1      300.33      853.67        0.00
     0     1      299.67      849.67        0.00
     0     1      299.00      846.33        0.00
     0     1      298.33      842.33        0.00
     0     1      297.67      837.00        0.00
     0     1      297.67      833.00        0.00
     0     1      297.00      828.33        0.00
     0     1      296.33      823.00        0.00
     0     1      296.33      819.00        0.00
     0     1      295.00      814.33        0.00
     0     1      294.33      810.33        0.00
     0     1      294.33      807.00        0.00
     0     1      293.00      802.33        0.00
     0     1      292.33      797.67        0.00
     0     1      291.67      792.33        0.00
     0     1      291.67      789.00        0.00
     0     1      291.00      785.00        0.00
     0     1      291.00      781.00        0.00
     0     1      291.00      777.00        0.00
     0     1      290.33      771.67        0.00
     0     1      290.33      768.33        0.00
     0     1      290.33      764.33        0.00
     0     1      290.33      759.67        0.00
     0     1      290.33      754.33        0.00
     0     1      290.33      750.33        0.00
     0     1      290.33      745.67        0.00
     0     1      290.33      741.67        0.00
     0     1      290.33      737.00        0.00
     0     1      290.33      733.67        0.00
     0     1      289.67      729.00        0.00
     0     1      289.67      725.00        0.00
     0     1      289.00      721.00        0.00
     0     1      289.00      715.00        0.00
     0     1      289.67      709.67        0.00
     0     1      290.33      703.00        0.00
     0     1      291.67      697.00        0.00
     0     1      293.00      691.67        0.00
     0     1      294.33      687.67        0.00
     0     1      296.33      683.00        0.00
     0     1      298.33      678.33        0.00
     0     1      301.00      675.00        0.00
     0     1      303.00      669.67        0.00
     0     1      305.67      666.33        0.00
     0     1      309.00      661.67        0.00
     0     1      311.67      657.00        0.00
     0     1      313.67      653.00        0.00
     0     1      315.67      648.33        0.00
     0     1      317.67      644.33        0.00
     0     1      320.33      639.00        0.00
     0     1      321.67      635.67        0.00
     0     1      323.67      631.67        0.00
     0     1      325.00      627.67        0.00
     0     1      327.00      623.67        0.00
     0     1      328.33      620.33        0.00
     0     1      330.33      616.33        0.00
     0     1      331.67      612.33        0.00
     0     1      333.67      608.33        0.00
     0     1      335.67      603.67        0.00
     0     1      337.67      599.67        0.00
     0     1      339.67      594.33        0.00
     0     1      340.33      579.00        0.00
     0     1      339.67      575.67        0.00
     0     1      340.33      572.33        0.00
     0     1      342.33      569.67        0.00
     0     1      345.00      567.00        0.00
     0     1      347.67      564.33        0.00
     0     1      350.33      562.33        0.00
     0     1      352.33      559.67        0.00
     0     1      354.33      557.00        0.00
     0     1      356.33      553.67        0.00
     0     1      358.33      549.67        0.00
     0     1      359.67      546.33        0.00
     0     1      361.67      543.00        0.00
     0     1      363.67      539.67        0.00
     0     1      365.00      536.33        0.00
     0     1      367.00      532.33        0.00
     0     1      369.00      529.00        0.00
     0     1      370.33      525.67        0.00
     0     1      371.67      522.33        0.00
     0     1      373.00      519.00        0.00
     0     1      374.33      515.67        0.00
     0     1      375.67      511.00        0.00
     0     1      376.33      507.67        0.00
     0     1      377.00      504.33        0.00
     0     1      378.33      500.33        0.00
     0     1      379.00      496.33        0.00
     0     1      380.33      493.00        0.00
     0     1      381.00      488.33        0.00
     0     1      382.33      485.00        0.00
     0     1      384.33      480.33        0.00
     0     1      385.67      475.67        0.00
     0     1      387.67      472.33        0.00
     0     1      389.00      469.00        0.00
     0     1      390.33      465.67        0.00
     0     1      393.00      461.67        0.00
     0     1      394.33      457.00        0.00
     0     1      395.67      453.67        0.00
     0     1      397.67      449.67        0.00
     0     1      400.33      446.33        0.00
     0     1      402.33      443.00        0.00
     0     1      404.33      439.67        0.00
     0     1      407.00      436.33        0.00
     0     1      409.00      433.67        0.00
     0     1      411.00      430.33        0.00
     0     1      413.00      427.00        0.00
     0     1      415.00      423.00        0.00
     0     1      417.00      419.67        0.00
     0     1      419.00      416.33        0.00
     0     1      421.00      413.67        0.00
     0     1      423.67      411.00        0.00
     0     1      426.33      408.33        0.00
     0     1      429.00      406.33        0.00
     0     1      432.33      403.67        0.00
     0     1      435.67      401.00        0.00
     0     1      437.67      398.33        0.00
     0     1      439.67      395.67        0.00
     0     1      442.33      393.00        0.00
     0     1      445.67      391.67        0.00
     0     1      449.00      390.33        0.00
     0     1      452.33      388.33        0.00
     0     1      456.33      386.33        0.00
     0     1      459.00      383.67        0.00
     0     1      462.33      381.00        0.00
     0     1      467.00      378.33        0.00
     0     1      471.67      376.33        0.00
     0     1      477.00      375.00        0.00
     0     1      485.00      373.67        0.00
     0     1      491.67      372.33        0.00
     0     1      495.67      371.67        0.00
     0     1      501.00      371.00        0.00
     0     1      504.33      370.33        0.00
     0     1      507.67      370.33        0.00
     0     1      511.67      370.33        0.00
     0     1      515.67      371.00        0.00
     0     1      519.67      371.00        0.00
     0     1      523.00      371.67        0.00
     0     1      526.33      373.67        0.00
     0     1      529.00      376.33        0.00
     0     1      532.33      379.00        0.00
     0     1      535.67      381.67        0.00
     0     1      539.00      384.33        0.00
     0     1      541.67      386.33        0.00
     0     1      543.67      389.00        0.00
     0     1      545.67      391.67        0.00
     0     1      547.67      395.00        0.00
     0     1      549.67      399.00        0.00
     0     1      551.67      401.67        0.00
     0     1      553.67      404.33        0.00
     0     1      555.67      407.67        0.00
     0     1      557.67      410.33        0.00
     0     1      559.67      414.33        0.00
     0     1      561.67      417.67        0.00
     0     1      563.00      421.00        0.00
     0     1      563.67      424.33        0.00
     0     1      565.00      427.67        0.00
     0     1      566.33      431.67        0.00
     0     1      567.00      435.00        0.00
     0     1      568.33      438.33        0.00
     0     1      569.67      441.67        0.00
     0     1      567.33      458.00        0.00
     0     1      568.67      463.33        0.00
     0     1      570.67      466.67        0.00
     0     1      572.00      470.00        0.00
     0     1      573.33      474.00        0.00
     0     1      575.33      478.00        0.00
     0     1      577.33      483.33        0.00
     0     1      578.67      488.00        0.00
     0     1      579.33      492.00        0.00
     0     1      580.00      495.33        0.00
     0     1      581.33      500.00        0.00
     0     1      582.00      503.33        0.00
     0     1      582.67      507.33        0.00
     0     1      584.00      512.00        0.00
     0     1      584.00      516.67        0.00
     0     1      584.00      520.67        0.00
     0     1      584.00      524.67        0.00
     0     1      584.67      528.00        0.00
     0     1      584.67      532.00        0.00
     0     1      584.67      536.67        0.00
     0     1      584.67      540.67        0.00
     0     1      584.67      544.00        0.00
     0     1      584.00      548.00        0.00
     0     1      582.67      551.33        0.00
     0     1      581.33      554.67        0.00
     0     1      579.33      558.00        0.00
     0     1      578.00      562.00        0.00
     0     1      576.00      566.00        0.00
     0     1      574.67      569.33        0.00
     0     1      573.33      572.67        0.00
     0     1      572.67      576.00        0.00
     0     1      572.00      579.33        0.00
     0     1      570.00      584.00        0.00
     0     1      570.00      587.33        0.00
     0     1      569.33      590.67        0.00
     0     1      568.67      594.67        0.00
     0     1      568.00      598.00        0.00
     0     1      568.00      601.33        0.00
     0     1      568.67      604.67        0.00
     0     1      568.67      608.00        0.00
     0     1      568.67      611.33        0.00
     0     1      567.33      615.33        0.00
     0     1      566.00      619.33        0.00
     0     1      564.00      622.67        0.00
     0     1      562.67      626.00        0.00
     0     1      561.33      629.33        0.00
     0     1      560.67      632.67        0.00
     0     1      560.00      636.00        0.00
     0     1      561.33      639.33        0.00
     0     1      562.67      643.33        0.00
     0     1      556.67      658.67        0.00
     0     1      554.67      665.33        0.00
     0     1      554.00      669.33        0.00
     0     1      552.67      674.00        0.00
     0     1      550.67      677.33        0.00
     0     1      548.67      681.33        0.00
     0     1      546.67      685.33        0.00
     0     1      544.67      688.00        0.00
     0     1      542.67      690.67        0.00
     0     1      540.00      694.00        0.00
     0     1      536.67      696.67        0.00
     0     1      534.00      698.67        0.00
     0     1      532.00      702.67        0.00
     0     1      530.67      706.67        0.00
     0     1      530.67      710.67        0.00
     0     1      530.67      715.33        0.00
     0     1      530.67      718.67        0.00
     0     1      530.67      723.33        0.00
     0     1      531.33      728.00        0.00
     0     1      531.33      733.33        0.00
     0     1      532.00      737.33        0.00
     0     1      531.33      740.67        0.00
     0     1      530.00      745.33        0.00
     0     1      528.67      749.33        0.00
     0     1      527.33      754.00        0.00
     0     1      526.00      757.33        0.00
     0     1      525.33      760.67        0.00
     0     1      524.67      764.00        0.00
     0     1      524.67      767.33        0.00
     0     1      524.67      770.67        0.00
     0     1      524.00      774.00        0.00
     0     1      523.33      777.33        0.00
     0     2      926.67      682.67        0.00
     0     2      925.33      678.67        0.00
     0     2      925.33      674.67        0.00
     0     2      924.00      669.33        0.00
     0     2      924.00      664.00        0.00
     0     2      924.00      660.00        0.00
     0     2      924.00      656.00        0.00
     0     2      921.33      650.67        0.00
     0     2      921.33      646.67        0.00
     0     2      921.33      642.67        0.00
     0     2      920.00      638.67        0.00
     0     2      920.00      634.67        0.00
     0     2      920.00      630.67        0.00
     0     2      917.33      624.00        0.00
     0     2      916.00      620.00        0.00
     0     2      916.00      616.00        0.00
     0     2      916.00      610.67        0.00
     0     2      914.67      602.67        0.00
     0     2      914.67      597.33        0.00
     0     2      914.67      592.00        0.00
     0     2      914.67      585.33        0.00
     0     2      914.67      580.00        0.00
     0     2      914.67      574.67        0.00
     0     2      914.67      566.67        0.00
     0     2      913.33      560.00        0.00
     0     2      913.33      552.00        0.00
     0     2      913.33      544.00        0.00
     0     2      913.33      540.00        0.00
     0     2      913.33      534.67        0.00
     0     2      914.67      529.33        0.00
     0     2      914.67      525.33        0.00
     0     2      916.00      520.00        0.00
     0     2      916.00      516.00        0.00
     0     2      916.00      512.00        0.00
     0     2      917.33      508.00        0.00
     0     2      917.33      504.00        0.00
     0     2      916.00      500.00        0.00
     0     2      916.00      496.00        0.00
     0     2      916.00      492.00        0.00
     0     2      916.00      486.67        0.00
     0     2      916.00      481.33        0.00
     0     2      914.67      474.67        0.00
     0     2      914.67      468.00        0.00
     0     2      914.67      464.00        0.00
     0     2      914.67      458.67        0.00
     0     2      914.67      452.00        0.00
     0     2      913.33      446.67        0.00
     0     2      913.33      441.33        0.00
     0     2      912.00      437.33        0.00
     0     2      910.67      432.00        0.00
     0     2      909.33      428.00        0.00
     0     2      908.00      421.33        0.00
     0     2      908.00      417.33        0.00
     0     2      908.00      413.33        0.00
     0     2      906.67      408.00        0.00
     0     2      906.67      404.00        0.00
     0     2      906.67      400.00        0.00
     0     2      906.67      394.67        0.00
     0     2      906.67      390.67        0.00
     0     2      906.67      385.33        0.00
     0     2      905.33      378.67        0.00
     0     2      905.33      374.67        0.00
     0     2      905.33      370.67        0.00
     0     2      905.33      366.67        0.00
     0     2      906.67      360.00        0.00
     0     2      906.67      354.67        0.00
     0     2      908.00      350.67        0.00
     0     2      908.00      346.67        0.00
     0     2      909.33      342.67        0.00
     0     2      910.67      338.67        0.00
     0     2      912.00      333.33        0.00
     0     2      912.00      328.00        0.00
     0     2      913.33      324.00        0.00
     0     2      914.67      320.00        0.00
     0     2      917.33      316.00        0.00
     0     2      918.67      312.00        0.00
     0     2      920.00      308.00        0.00
     0     2      921.33      304.00        0.00
     0     2      922.67      300.00        0.00
     0     2      925.33      296.00        0.00
     0     2      926.67      292.00        0.00
     0     2      929.33      289.33        0.00
     0     2      930.67      285.33        0.00
     0     2      933.33      281.33        0.00
     0     2      934.67      277.33        0.00
     0     2      936.00      273.33        0.00
     0     2      938.67      269.33        0.00
     0     2      942.67      264.00        0.00
     0     2      944.00      260.00        0.00
     0     2      945.33      256.00        0.00
     0     2      946.67      252.00        0.00
     0     2      948.00      248.00        0.00
     0     2      949.33      244.00        0.00
     0     2      952.00      237.33        0.00
     0     2      953.33      232.00        0.00
     0     2      954.67      228.00        0.00
     0     2      956.00      222.67        0.00
     0     2      957.33      218.67        0.00
     0     2      960.00      216.00        0.00
     0     2      962.67      213.33        0.00
     0     2      965.33      209.33        0.00
     0     2      968.00      205.33        0.00
     0     2      970.67      201.33        0.00
     0     2      972.00      197.33        0.00
     0     2      974.67      193.33        0.00
     0     2      977.33      189.33        0.00
     0     2      981.33      186.67        0.00
     0     2      984.00      184.00        0.00
     0     2      988.00      182.67        0.00
     0     2      992.00      181.33        0.00
     0     2      996.00      180.00        0.00
     0     2     1000.00      180.00        0.00
     0     2     1004.00      180.00        0.00
     0     2     1008.00      178.67        0.00
     0     2     1012.00      178.67        0.00
     0     2     1016.00      178.67        0.00
     0     2     1021.33      177.33        0.00
     0     2     1025.33      176.00        0.00
     0     2     1029.33      174.67        0.00
     0     2     1033.33      174.67        0.00
     0     2     1037.33      173.33        0.00
     0     2     1041.33      173.33        0.00
     0     2     1045.33      173.33        0.00
     0     2     1049.33      172.00        0.00
     0     2     1054.67      172.00        0.00
     0     2     1060.00      169.33        0.00
     0     2     1066.67      166.67        0.00
     0     2     1070.67      164.00        0.00
     0     2     1076.00      162.67        0.00
     0     2     1080.00      162.67        0.00
     0     2     1084.00      164.00        0.00
     0     2     1089.33      165.33        0.00
     0     2     1093.33      168.00        0.00
     0     2     1097.33      170.67        0.00
     0     2     1102.67      172.00        0.00
     0     2     1108.00      173.33        0.00
     0     2     1117.33      176.00        0.00
     0     2     1121.33      178.67        0.00
     0     2     1125.33      181.33        0.00
     0     2     1128.00      184.00        0.00
     0     2     1133.33      188.00        0.00
     0     2     1137.33      190.67        0.00
     0     2     1141.33      193.33        0.00
     0     2     1145.33      197.33        0.00
     0     2     1148.00      200.00        0.00
     0     2     1150.67      202.67        0.00
     0     2     1154.67      206.67        0.00
     0     2     1158.67      209.33        0.00
     0     2     1161.33      213.33        0.00
     0     2     1165.33      217.33        0.00
     0     2     1168.00      220.00        0.00
     0     2     1170.67      222.67        0.00
     0     2     1173.33      225.33        0.00
     0     2     1176.00      229.33        0.00
     0     2     1178.67      233.33        0.00
     0     2     1181.33      236.00        0.00
     0     2     1184.00      241.33        0.00
     0     2     1185.33      245.33        0.00
     0     2     1189.33      252.00        0.00
     0     2     1193.33      256.00        0.00
     0     2     1197.33      264.00        0.00
     0     2     1201.33      270.67        0.00
     0     2     1204.00      274.67        0.00
     0     2     1208.00      278.67        0.00
     0     2     1212.00      284.00        0.00
     0     2     1216.00      289.33        0.00
     0     2     1218.67      293.33        0.00
     0     2     1222.67      297.33        0.00
     0     2     1226.67      302.67        0.00
     0     2     1228.00      306.67        0.00
     0     2     1232.00      312.00        0.00
     0     2     1234.67      318.67        0.00
     0     2     1237.33      324.00        0.00
     0     2     1240.00      330.67        0.00
     0     2     1242.67      337.33        0.00
     0     2     1245.33      342.67        0.00
     0     2     1246.67      348.00        0.00
     0     2     1249.33      356.00        0.00
     0     2     1249.33      361.33        0.00
     0     2     1249.33      366.67        0.00
     0     2     1249.33      374.67        0.00
     0     2     1249.33      378.67        0.00
     0     2     1249.33      384.00        0.00
     0     2     1249.33      389.33        0.00
     0     2     1249.33      393.33        0.00
     0     2     1249.33      398.67        0.00
     0     2     1250.67      405.33        0.00
     0     2     1252.00      409.33        0.00
     0     2     1252.00      416.00        0.00
     0     2     1253.33      422.67        0.00
     0     2     1253.33      428.00        0.00
     0     2     1253.33      434.67        0.00
     0     2     1253.33      440.00        0.00
     0     2     1253.33      448.00        0.00
     0     2     1253.33      456.00        0.00
     0     2     1254.67      464.00        0.00
     0     2     1254.67      469.33        0.00
     0     2     1256.00      477.33        0.00
     0     2     1256.00      486.67        0.00
     0     2     1256.00      492.00        0.00
     0     2     1256.00      500.00        0.00
     0     2     1257.33      506.67        0.00
     0     2     1257.33      514.67        0.00
     0     2     1257.33      520.00        0.00
     0     2     1257.33      526.67        0.00
     0     2     1257.33      532.00        0.00
     0     2     1257.33      538.67        0.00
     0     2     1258.67      544.00        0.00
     0     2     1260.00      549.33        0.00
     0     2     1261.33      557.33        0.00
     0     2     1261.33      562.67        0.00
     0     2     1264.00      572.00        0.00
     0     2     1265.33      578.67        0.00
     0     2     1268.00      586.67        0.00
     0     2     1270.67      592.00        0.00
     0     2     1272.00      598.67        0.00
     0     2     1273.33      606.67        0.00
     0     2     1274.67      613.33        0.00
     0     2     1276.00      618.67        0.00
     0     2     1277.33      624.00        0.00
     0     2     1278.67      629.33        0.00
     0     2     1280.00      633.33        0.00
     0     2     1281.33      640.00        0.00
     0     2     1282.67      645.33        0.00
     0     2     1285.33      650.67        0.00
     0     2     1286.67      656.00        0.00
     0     2     1288.00      661.33        0.00
     0     2     1289.33      666.67        0.00
     0     2     1290.67      673.33        0.00
     0     2     1292.00      677.33        0.00
     0     2     1293.33      681.33        0.00
     0     2     1293.33      685.33        0.00
     0     2     1294.67      689.33        0.00
     0     2     1296.00      693.33        0.00
     0     2     1297.33      697.33        0.00
     0     2     1298.67      701.33        0.00
     0     2     1298.67      705.33        0.00
     0     2     1298.67      709.33        0.00
     0     2     1300.00      713.33        0.00
     0     2     1300.00      717.33        0.00
     0     2     1301.33      722.67        0.00
     0     2     1301.33      726.67        0.00
     0     2     1302.67      730.67        0.00
     0     2     1302.67      734.67        0.00
     0     2     1302.67      740.00        0.00
     0     2     1304.00      744.00        0.00
     0     2     1304.00      749.33        0.00
     0     2     1304.00      753.33        0.00
     0     2     1304.00      757.33        0.00
     0     2     1304.00      762.67        0.00
     0     2     1304.00      766.67        0.00
     0     2     1304.00      770.67        0.00
     0     2     1304.00      774.67        0.00
     0     2     1304.00      780.00        0.00
     0     2     1302.67      784.00        0.00
     0     2     1302.67      788.00        0.00
     0     2     1302.67      792.00        0.00
     0     2     1301.33      797.33        0.00
     0     2     1301.33      801.33        0.00
     0     2     1301.33      805.33        0.00
     0     2     1301.33      809.33        0.00
     0     2     1301.33      813.33        0.00
     0     2     1301.33      817.33        0.00
     0     2     1300.00      821.33        0.00
     0     2     1300.00      825.33        0.00
     0     2     1300.00      829.33        0.00
     0     2     1300.00      833.33        0.00
     0     2     1301.33      837.33        0.00
     0     2     1302.67      841.33        0.00
     0     2     1288.00      847.33        0.00
     0     2     1284.00      851.33        0.00
     0     2     1281.33      854.00        0.00
     0     2     1276.00      855.33        0.00
     0     2     1269.33      856.67        0.00
     0     2     1261.33      858.00        0.00
     0     2     1256.00      859.33        0.00
     0     2     1248.00      860.67        0.00
     0     2     1241.33      862.00        0.00
     0     2     1237.33      863.33        0.00
     0     2     1230.67      863.33        0.00
     0     2     1222.67      866.00        0.00
     0     2     1217.33      867.33        0.00
     0     2     1213.33      868.67        0.00
     0     2     1208.00      868.67        0.00
     0     2     1204.00      868.67        0.00
     0     2     1198.67      868.67        0.00
     0     2     1190.67      868.67        0.00
     0     2     1184.00      867.33        0.00
     0     2     1174.67      864.67        0.00
     0     2     1169.33      863.33        0.00
     0     2     1162.67      859.33        0.00
     0     2     1154.67      855.33        0.00
     0     2     1148.00      848.67        0.00
     0     2     1141.33      843.33        0.00
     0     2     1134.67      835.33        0.00
     0     2     1129.33      830.00        0.00
     0     2     1122.67      823.33        0.00
     0     2     1114.67      815.33        0.00
     0     2     1109.33      808.67        0.00
     0     2     1100.00      798.00        0.00
     0     2     1092.00      787.33        0.00
     0     2     1085.33      780.67        0.00
     0     2     1078.67      774.00        0.00
     0     2     1072.00      766.00        0.00
     0     2     1065.33      760.67        0.00
     0     2     1057.33      755.33        0.00
     0     2     1048.00      748.67        0.00
     0     2     1040.00      742.00        0.00
     0     2     1034.67      738.00        0.00
     0     2     1029.33      734.00        0.00
     0     2     1024.00      731.33        0.00
     0     2     1018.67      728.67        0.00
     0     2     1013.33      726.00        0.00
     0     2     1008.00      722.00        0.00
     0     2     1004.00      720.67        0.00
     0     2      998.67      716.67        0.00
     0     2      992.00      712.67        0.00
     0     2      988.00      711.33        0.00
     0     2      982.67      708.67        0.00
     0     2      978.67      707.33        0.00
     0     2      976.00      704.67        0.00
     0     2      972.00      702.00        0.00
     0     2      969.33      699.33        0.00
     0     2      966.67      696.67        0.00
     0     2      962.67      694.00        0.00
     0     2      960.00      691.33        0.00
     0     2      957.33      688.67        0.00
     0     2      954.67      686.00        0.00
     0     2      949.33      683.33        0.00
     0     2      946.67      680.67        0.00
     1     0      280.00      835.00        0.00
     1     0      282.00      838.00        0.00
     1     0      283.00      842.00        0.00
     1     0      283.00      847.00        0.00
     1     0      283.00      851.00        0.00
     1     0      282.00      855.00        0.00
     1     0      280.00      858.00        0.00
     1     0      277.00      861.00        0.00
     1     0      274.00      862.00        0.00
     1     0      271.00      863.00        0.00
     1     0      268.00      862.00        0.00
     1     0      265.00      860.00        0.00
     1     0      262.00      856.00        0.00
     1     0      260.00      853.00        0.00
     1     0      258.00      849.00        0.00
     1     0      257.00      846.00        0.00
     1     0      256.00      843.00        0.00
     1     0      256.00      838.00        0.00
     1     0      258.00      835.00        0.00
     1     0      260.00      832.00        0.00
     1     0      262.00      829.00        0.00
     1     0      265.00      828.00        0.00
     1     0      268.00      827.00        0.00
     1     0      272.00      827.00        0.00
     1     0      275.00      829.00        0.00
     1     1      547.00      792.00        0.00
     1     1      550.00      794.00        0.00
     1     1      552.00      797.00        0.00
     1     1      552.00      802.00        0.00
     1     1      552.00      806.00        0.00
     1     1      550.00      810.00        0.00
     1     1      547.00      813.00        0.00
     1     1      544.00      816.00        0.00
     1     1      541.00      818.00        0.00
     1     1      538.00      820.00        0.00
     1     1      534.00      820.00        0.00
     1     1      531.00      818.00        0.00
     1     1      528.00      814.00        0.00
     1     1      527.00      811.00        0.00
     1     1      527.00      807.00        0.00
     1     1      527.00      802.00        0.00
     1     1      529.00      799.00        0.00
     1     1      532.00      796.00        0.00
     1     1      536.00      793.00        0.00
     1     1      540.00      792.00        0.00
     1     2      558.00      748.00        0.00
     1     2      560.00      759.00        0.00
     1     2      560.00      763.00        0.00
     1     2      559.00      767.00        0.00
     1     2      556.00      771.00        0.00
     1     2      553.00      773.00        0.00
     1     2      550.00      774.00        0.00
     1     2      547.00      775.00        0.00
     1     2      543.00      774.00        0.00
     1     2      541.00      771.00        0.00
     1     2      540.00      767.00        0.00
     1     2      539.00      764.00        0.00
     1     2      539.00      759.00        0.00
     1     2      539.00      754.00        0.00
     1     2      539.00      749.00        0.00
     1     2      543.00      745.00        0.00
     1     2      547.00      744.00        0.00
     1     2      551.00      745.00        0.00
     1     3      576.00      705.00        0.00
     1     3      572.00      709.00        0.00
     1     3      569.00      712.00        0.00
     1     3      566.00      713.00        0.00
     1     3      563.00      714.00        0.00
     1     3      559.00      714.00        0.00
     1     3      555.00      713.00        0.00
     1     3      554.00      710.00        0.00
     1     3      553.00      706.00        0.00
     1     3      553.00      702.00        0.00
     1     3      553.00      697.00        0.00
     1     3      554.00      693.00        0.00
     1     3      556.00      690.00        0.00
     1     3      559.00      687.00        0.00
     1     3      562.00      684.00        0.00
     1     3      565.00      683.00        0.00
     1     3      569.00      684.00        0.00
     1     3      572.00      687.00        0.00
     1     3      573.00      690.00        0.00
     1     3      574.00      693.00        0.00
     1     4      591.00      603.00        0.00
     1     4      594.00      605.00        0.00
     1     4      594.00      609.00        0.00
     1     4      594.00      613.00        0.00
     1     4      593.00      616.00        0.00
     1     4      591.00      619.00        0.00
     1     4      588.00      621.00        0.00
     1     4      585.00      622.00        0.00
     1     4      582.00      621.00        0.00
     1     4      580.00      618.00        0.00
     1     4      579.00      615.00        0.00
     1     4      578.00      612.00        0.00
     1     4      578.00      608.00        0.00
     1     4      579.00      605.00        0.00
     1     4      580.00      602.00        0.00
     1     4      581.00      599.00        0.00
     1     4      584.00      596.00        0.00
     1     4      588.00      596.00        0.00
     1     4      591.00      598.00        0.00
     1     5      605.00      583.00        0.00
     1     5      604.00      587.00        0.00
     1     5      602.00      590.00        0.00
     1     5      599.00      592.00        0.00
     1     5      595.00      593.00        0.00
     1     5      592.00      594.00        0.00
     1     5      589.00      595.00        0.00
     1     5      585.00      595.00        0.00
     1     5      583.00      592.00        0.00
     1     5      582.00      589.00        0.00
     1     5      581.00      585.00        0.00
     1     5      581.00      581.00        0.00
     1     5      582.00      578.00        0.00
     1     5      583.00      575.00        0.00
     1     5      586.00      572.00        0.00
     1     5      589.00      570.00        0.00
     1     5      592.00      568.00        0.00
     1     5      597.00      568.00        0.00
     1     5      601.00      569.00        0.00
     1     5      604.00      571.00        0.00
     1     5      606.00      574.00        0.00
     1     5      607.00      577.00        0.00
     1     6      603.00      521.00        0.00
     1     6      604.00      529.00        0.00
     1     6      603.00      532.00        0.00
     1     6      600.00      534.00        0.00
     1     6      597.00      536.00        0.00
     1     6      594.00      538.00        0.00
     1     6      591.00      537.00        0.00
     1     6      589.00      534.00        0.00
     1     6      589.00      530.00        0.00
     1     6      589.00      525.00        0.00
     1     6      589.00      521.00        0.00
     1     6      589.00      517.00        0.00
     1     6      591.00      514.00        0.00
     1     6      593.00      511.00        0.00
     1     6      596.00      510.00        0.00
     1     6      600.00      510.00        0.00
     1     6      602.00      513.00        0.00
     1     7      603.00      490.00        0.00
     1     7      597.00      494.00        0.00
     1     7      593.00      495.00        0.00
     1     7      589.00      495.00        0.00
     1     7      587.00      492.00        0.00
     1     7      585.00      488.00        0.00
     1     7      583.00      483.00        0.00
     1     7      583.00      478.00        0.00
     1     7      583.00      474.00        0.00
     1     7      583.00      470.00        0.00
     1     7      586.00      466.00        0.00
     1     7      589.00      465.00        0.00
     1     7      592.00      464.00        0.00
     1     7      597.00      464.00        0.00
     1     7      601.00      464.00        0.00
     1     7      604.00      465.00        0.00
     1     7      606.00      468.00        0.00
     1     7      608.00      471.00        0.00
     1     7      609.00      475.00        0.00
     1     7      609.00      479.00        0.00
     1     7      608.00      482.00        0.00
     1     8      596.00      420.00        0.00
     1     8      591.00      427.00        0.00
     1     8      589.00      431.00        0.00
     1     8      586.00      433.00        0.00
     1     8      583.00      434.00        0.00
     1     8      580.00      433.00        0.00
     1     8      577.00      430.00        0.00
     1     8      575.00      427.00        0.00
     1     8      573.00      423.00        0.00
     1     8      572.00      419.00        0.00
     1     8      571.00      416.00        0.00
     1     8      571.00      411.00        0.00
     1     8      571.00      407.00        0.00
     1     8      572.00      403.00        0.00
     1     8      575.00      401.00        0.00
     1     8      579.00      401.00        0.00
     1     8      582.00      402.00        0.00
     1     8      585.00      404.00        0.00
     1     8      587.00      407.00        0.00
     1     8      588.00      410.00        0.00
     1     9      516.00      353.00        0.00
     1     9      513.00      354.00        0.00
     1     9      509.00      355.00        0.00
     1     9      506.00      356.00        0.00
     1     9      502.00      357.00        0.00
     1     9      498.00      357.00        0.00
     1     9      495.00      355.00        0.00
     1     9      494.00      352.00        0.00
     1     9      492.00      349.00        0.00
     1     9      492.00      345.00        0.00
     1     9      492.00      340.00        0.00
     1     9      493.00      336.00        0.00
     1     9      495.00      332.00        0.00
     1     9      498.00      330.00        0.00
     1     9      502.00      328.00        0.00
     1     9      507.00      327.00        0.00
     1     9      511.00      327.00        0.00
     1     9      514.00      329.00        0.00
     1     9      517.00      332.00        0.00
     1     9      520.00      334.00        0.00
     1     9      521.00      337.00        0.00
     1     9      522.00      340.00        0.00
     1     9      522.00      344.00        0.00
     1     9      519.00      345.00        0.00
