     0     0      839.67      640.33        0.00
     0     0      835.67      639.67        0.00
     0     0      832.33      639.00        0.00
     0     0      829.00      638.33        0.00
     0     0      825.67      637.67        0.00
     0     0      822.33      637.67        0.00
     0     0      819.00      637.67        0.00
     0     0      815.67      637.67        0.00
     0     0      812.33      637.67        0.00
     0     0      809.00      638.33        0.00
     0     0      805.00      639.00        0.00
     0     0      801.67      639.67        0.00
     0     0      798.33      639.67        0.00
     0     0      795.00      639.67        0.00
     0     0      791.67      639.67        0.00
     0     0      788.33      639.67        0.00
     0     0      785.00      639.67        0.00
     0     0      781.00      639.67        0.00
     0     0      777.67      639.67        0.00
     0     0      774.33      639.00        0.00
     0     0      771.00      638.33        0.00
     0     0      767.00      637.67        0.00
     0     0      763.67      636.33        0.00
     0     0      759.67      635.67        0.00
     0     0      756.33      635.00        0.00
     0     0      753.00      634.33        0.00
     0     0      749.67      633.67        0.00
     0     0      746.33      633.67        0.00
     0     0      743.00      633.67        0.00
     0     0      739.67      633.00        0.00
     0     0      736.33      632.33        0.00
     0     0      733.00      631.67        0.00
     0     0      729.67      630.33        0.00
     0     0      726.33      629.67        0.00
     0     0      723.00      629.00        0.00
     0     0      719.00      629.00        0.00
     0     0      715.67      628.33        0.00
     0     0      712.33      628.33        0.00
     0     0      709.00      628.33        0.00
     0     0      705.67      628.33        0.00
     0     0      702.33      628.33        0.00
     0     0      699.00      628.33        0.00
     0     0      695.67      628.33        0.00
     0     0      691.67      627.67        0.00
     0     0      688.33      627.00        0.00
     0     0      685.00      626.33        0.00
     0     0      681.67      626.33        0.00
     0     0      678.33      625.67        0.00
     0     0      675.00      625.67        0.00
     0     0      671.67      626.33        0.00
     0     0      668.33      626.33        0.00
     0     0      664.33      627.00        0.00
     0     0      661.00      627.67        0.00
     0     0      657.67      628.33        0.00
     0     0      654.33      628.33        0.00
     0     0      650.33      627.67        0.00
     0     0      647.00      627.00        0.00
     0     0      643.67      626.33        0.00
     0     0      640.33      625.67        0.00
     0     0      636.33      625.00        0.00
     0     0      633.00      623.67        0.00
     0     0      629.67      623.00        0.00
     0     0      626.33      622.33        0.00
     0     0      623.00      621.67        0.00
     0     0      619.67      621.00        0.00
     0     0      616.33      620.33        0.00
     0     0      613.00      619.67        0.00
     0     0      609.67      619.00        0.00
     0     0      606.33      617.67        0.00
     0     0      603.67      615.67        0.00
     0     0      601.00      613.67        0.00
     0     0      597.67      611.67        0.00
     0     0      594.33      610.33        0.00
     0     0      591.00      608.33        0.00
     0     0      587.67      607.00        0.00
     0     0      585.00      604.33        0.00
     0     0      582.33      601.67        0.00
     0     0      580.33      599.00        0.00
     0     0      578.33      596.33        0.00
     0     0      577.00      593.00        0.00
     0     0      575.67      589.67        0.00
     0     0      573.67      587.00        0.00
     0     0      572.33      583.67        0.00
     0     0      571.00      580.33        0.00
     0     0      569.67      577.00        0.00
     0     0      569.67      573.67        0.00
     0     0      569.00      570.33        0.00
     0     0      569.00      567.00        0.00
     0     0      569.00      563.67        0.00
     0     0      570.33      559.67        0.00
     0     0      571.67      556.33        0.00
     0     0      573.00      553.00        0.00
     0     0      575.00      550.33        0.00
     0     0      577.00      547.67        0.00
     0     0      579.00      544.33        0.00
     0     0      581.00      541.67        0.00
     0     0      583.00      539.00        0.00
     0     0      585.00      536.33        0.00
     0     0      587.67      534.33        0.00
     0     0      590.33      532.33        0.00
     0     0      593.00      530.33        0.00
     0     0      595.67      528.33        0.00
     0     0      598.33      526.33        0.00
     0     0      601.00      524.33        0.00
     0     0      604.33      522.33        0.00
     0     0      607.67      521.00        0.00
     0     0      610.33      519.00        0.00
     0     0      613.67      517.67        0.00
     0     0      617.67      516.33        0.00
     0     0      621.00      514.33        0.00
     0     0      624.33      513.67        0.00
     0     0      628.33      512.33        0.00
     0     0      631.67      511.67        0.00
     0     0      635.00      511.00        0.00
     0     0      638.33      510.33        0.00
     0     0      641.67      509.00        0.00
     0     0      645.67      507.67        0.00
     0     0      649.00      507.67        0.00
     0     0      653.00      507.00        0.00
     0     0      656.33      507.00        0.00
     0     0      659.67      506.33        0.00
     0     0      663.00      505.67        0.00
     0     0      666.33      505.00        0.00
     0     0      669.67      504.33        0.00
     0     0      673.00      503.67        0.00
     0     0      676.33      502.33        0.00
     0     0      679.67      501.00        0.00
     0     0      683.00      499.00        0.00
     0     0      686.33      499.00        0.00
     0     0      689.67      498.33        0.00
     0     0      693.00      497.67        0.00
     0     0      695.67      495.67        0.00
     0     0      698.33      493.67        0.00
     0     0      701.67      493.67        0.00
     0     0      705.00      493.67        0.00
     0     0      708.33      493.67        0.00
     0     0      711.67      493.67        0.00
     0     0      715.00      493.67        0.00
     0     0      718.33      494.33        0.00
     0     0      721.67      494.33        0.00
     0     0      725.00      494.33        0.00
     0     0      728.33      494.33        0.00
     0     0      731.67      494.33        0.00
     0     0      735.00      494.33        0.00
     0     0      738.33      495.67        0.00
     0     0      741.67      497.00        0.00
     0     0      745.00      497.67        0.00
     0     0      748.33      497.67        0.00
     0     0      751.67      497.67        0.00
     0     0      755.00      498.33        0.00
     0     0      758.33      499.00        0.00
     0     0      761.67      499.67        0.00
     0     0      765.00      500.33        0.00
     0     0      768.33      501.00        0.00
     0     0      771.67      502.33        0.00
     0     0      775.00      503.67        0.00
     0     0      778.33      505.67        0.00
     0     0      781.67      507.00        0.00
     0     0      785.00      508.33        0.00
     0     0      788.33      509.67        0.00
     0     0      791.00      511.67        0.00
     0     0      794.33      513.00        0.00
     0     0      797.67      514.33        0.00
     0     0      801.00      515.67        0.00
     0     0      804.33      517.00        0.00
     0     0      807.67      518.33        0.00
     0     0      811.67      520.33        0.00
     0     0      815.00      521.00        0.00
     0     0      818.33      521.67        0.00
     0     0      822.33      523.67        0.00
     0     0      826.33      525.00        0.00
     0     0      829.67      526.33        0.00
     0     0      833.00      527.00        0.00
     0     0      837.67      529.00        0.00
     0     0      841.00      529.67        0.00
     0     0      845.67      531.67        0.00
     0     0      849.00      533.67        0.00
     0     0      852.33      535.00        0.00
     0     0      855.67      537.00        0.00
     0     0      859.00      539.00        0.00
     0     0      862.33      541.00        0.00
     0     0      865.00      543.00        0.00
     0     0      867.67      545.00        0.00
     0     0      871.00      547.00        0.00
     0     0      874.33      548.33        0.00
     0     0      877.00      550.33        0.00
     0     0      879.67      552.33        0.00
     0     0      883.00      554.33        0.00
     0     0      886.33      555.67        0.00
     0     0      889.00      557.67        0.00
     0     0      891.67      560.33        0.00
     0     0      895.00      562.33        0.00
     0     0      899.00      564.33        0.00
     0     0      901.67      567.00        0.00
     0     0      905.00      569.00        0.00
     0     0      907.67      571.00        0.00
     0     0      911.67      573.00        0.00
     0     0      915.00      574.33        0.00
     0     0      919.00      575.00        0.00
     0     0      922.33      575.67        0.00
     0     0      925.67      575.67        0.00
     0     0      929.00      575.67        0.00
     0     0      932.33      575.67        0.00
     0     0      935.67      575.67        0.00
     0     0      939.00      575.00        0.00
     0     0      943.00      575.00        0.00
     0     0      947.00      574.33        0.00
     0     0      950.33      574.33        0.00
     0     0      953.67      574.33        0.00
     0     0      957.00      574.33        0.00
     0     0      961.00      574.33        0.00
     0     0      964.33      573.67        0.00
     0     0      969.00      573.67        0.00
     0     0      972.33      573.67        0.00
     0     0      976.33      573.67        0.00
     0     0      979.67      573.67        0.00
     0     0      983.00      573.67        0.00
     0     0      987.00      574.33        0.00
     0     0      991.00      574.33        0.00
     0     0      995.67      574.33        0.00
     0     0      999.67      575.00        0.00
     0     0     1003.00      575.67        0.00
     0     0     1007.00      576.33        0.00
     0     0     1011.00      577.00        0.00
     0     0     1014.33      577.67        0.00
     0     0     1018.33      578.33        0.00
     0     0     1022.33      579.67        0.00
     0     0     1025.67      581.00        0.00
     0     0     1029.00      581.67        0.00
     0     0     1032.33      582.33        0.00
     0     0     1035.67      583.67        0.00
     0     0     1039.00      585.00        0.00
     0     0     1042.33      586.33        0.00
     0     0     1045.67      587.67        0.00
     0     0     1049.67      589.00        0.00
     0     0     1053.67      591.00        0.00
     0     0     1057.00      591.67        0.00
     0     0     1060.33      593.00        0.00
     0     0     1064.33      595.00        0.00
     0     0     1068.33      596.33        0.00
     0     0     1071.67      597.67        0.00
     0     0     1075.00      599.00        0.00
     0     0     1078.33      599.67        0.00
     0     0     1081.67      601.00        0.00
     0     0     1085.00      602.33        0.00
     0     0     1089.00      603.67        0.00
     0     0     1091.67      605.67        0.00
     0     0     1094.33      607.67        0.00
     0     0     1097.00      610.33        0.00
     0     0     1100.33      612.33        0.00
     0     0     1103.00      614.33        0.00
     0     0     1106.33      615.67        0.00
     0     0     1109.67      617.00        0.00
     0     0     1113.67      617.67        0.00
     0     0     1117.00      619.00        0.00
     0     0     1121.00      619.00        0.00
     0     0     1124.33      619.67        0.00
     0     0     1127.67      621.00        0.00
     0     0     1158.00      624.67        0.00
     0     0     1162.00      625.33        0.00
     0     0     1166.00      625.33        0.00
     0     0     1169.33      625.33        0.00
     0     0     1172.67      625.33        0.00
     0     0     1176.67      625.33        0.00
     0     0     1181.33      624.67        0.00
     0     0     1184.67      624.00        0.00
     0     0     1188.67      622.67        0.00
     0     0     1192.00      622.00        0.00
     0     0     1195.33      621.33        0.00
     0     0     1198.67      620.00        0.00
     0     0     1202.00      618.67        0.00
     0     0     1205.33      617.33        0.00
     0     0     1208.67      615.33        0.00
     0     0     1211.33      613.33        0.00
     0     0     1214.67      611.33        0.00
     0     0     1218.00      609.33        0.00
     0     0     1222.00      607.33        0.00
     0     0     1226.00      606.67        0.00
     0     0     1229.33      606.00        0.00
     0     0     1232.67      605.33        0.00
     0     0     1236.00      605.33        0.00
     0     0     1239.33      605.33        0.00
     0     0     1243.33      605.33        0.00
     0     0     1247.33      605.33        0.00
     0     0     1250.67      605.33        0.00
     0     0     1254.67      605.33        0.00
     0     0     1259.33      604.00        0.00
     0     0     1262.67      603.33        0.00
     0     0     1266.67      602.67        0.00
     0     0     1270.00      602.00        0.00
     0     0     1273.33      601.33        0.00
     0     0     1278.00      600.67        0.00
     0     0     1282.67      600.67        0.00
     0     0     1286.67      600.67        0.00
     0     0     1290.00      600.67        0.00
     0     0     1293.33      600.67        0.00
     0     0     1297.33      600.67        0.00
     0     0     1300.67      600.67        0.00
     0     0     1305.33      600.67        0.00
     0     0     1310.67      602.00        0.00
     0     0     1314.00      602.67        0.00
     0     0     1317.33      603.33        0.00
     0     0     1321.33      604.67        0.00
     0     0     1325.33      605.33        0.00
     0     0     1329.33      606.67        0.00
     0     0     1332.00      608.67        0.00
     0     0     1335.33      609.33        0.00
     0     0     1338.67      610.00        0.00
     0     0     1342.67      612.00        0.00
     0     0     1346.00      613.33        0.00
     0     0     1350.00      615.33        0.00
     0     0     1352.67      618.00        0.00
     0     0     1356.67      620.67        0.00
     0     0     1360.00      622.67        0.00
     0     0     1362.67      626.00        0.00
     0     0     1365.33      628.67        0.00
     0     0     1368.00      632.67        0.00
     0     0     1370.00      635.33        0.00
     0     0     1372.00      639.33        0.00
     0     0     1373.33      642.67        0.00
     0     0     1374.00      646.00        0.00
     0     0     1372.00      650.00        0.00
     0     0     1370.67      653.33        0.00
     0     0     1368.67      656.00        0.00
     0     0     1366.00      658.67        0.00
     0     0     1362.67      660.67        0.00
     0     0     1359.33      662.67        0.00
     0     0     1355.33      665.33        0.00
     0     0     1352.00      668.00        0.00
     0     0     1349.33      670.00        0.00
     0     0     1346.00      672.00        0.00
     0     0     1343.33      674.00        0.00
     0     0     1339.33      676.67        0.00
     0     0     1336.00      678.67        0.00
     0     0     1333.33      680.67        0.00
     0     0     1330.00      682.67        0.00
     0     0     1327.33      685.33        0.00
     0     0     1324.00      688.00        0.00
     0     0     1320.67      690.00        0.00
     0     0     1317.33      693.33        0.00
     0     0     1314.00      695.33        0.00
     0     0     1310.67      697.33        0.00
     0     0     1308.00      699.33        0.00
     0     0     1304.67      701.33        0.00
     0     0     1302.00      704.00        0.00
     0     0     1298.67      706.00        0.00
     0     0     1296.00      708.00        0.00
     0     0     1293.33      710.67        0.00
     0     0     1290.00      712.67        0.00
     0     0     1287.33      714.67        0.00
     0     0     1284.67      716.67        0.00
     0     0     1281.33      718.00        0.00
     0     0     1278.67      720.00        0.00
     0     0     1275.33      722.00        0.00
     0     0     1272.67      724.00        0.00
     0     0     1269.33      726.00        0.00
     0     0     1266.00      727.33        0.00
     0     0     1261.33      728.67        0.00
     0     0     1235.33      747.67        0.00
     0     0     1232.00      749.00        0.00
     0     0     1228.67      750.33        0.00
     0     0     1225.33      751.00        0.00
     0     0     1222.00      752.33        0.00
     0     0     1218.67      753.00        0.00
     0     0     1214.00      754.33        0.00
     0     0     1210.67      755.00        0.00
     0     0     1207.33      755.67        0.00
     0     0     1203.33      755.67        0.00
     0     0     1199.33      755.67        0.00
     0     0     1196.00      756.33        0.00
     0     0     1191.33      756.33        0.00
     0     0     1188.00      756.33        0.00
     0     0     1184.67      755.67        0.00
     0     0     1181.33      755.67        0.00
     0     0     1177.33      755.67        0.00
     0     0     1173.33      755.67        0.00
     0     0     1170.00      755.67        0.00
     0     0     1165.33      755.00        0.00
     0     0     1161.33      755.00        0.00
     0     0     1156.00      755.00        0.00
     0     0     1152.00      755.00        0.00
     0     0     1148.67      755.00        0.00
     0     0     1145.33      754.33        0.00
     0     0     1142.00      754.33        0.00
     0     0     1138.00      754.33        0.00
     0     0     1133.33      753.67        0.00
     0     0     1129.33      753.67        0.00
     0     0     1125.33      753.00        0.00
     0     0     1120.67      752.33        0.00
     0     0     1117.33      751.67        0.00
     0     0     1114.00      751.67        0.00
     0     0     1109.33      751.00        0.00
     0     0     1106.00      750.33        0.00
     0     0     1102.67      749.00        0.00
     0     0     1098.67      747.67        0.00
     0     0     1095.33      746.33        0.00
     0     0     1092.00      745.00        0.00
     0     0     1088.67      743.67        0.00
     0     0     1084.00      742.33        0.00
     0     0     1080.67      740.33        0.00
     0     0     1077.33      739.67        0.00
     0     0     1074.00      738.33        0.00
     0     0     1070.00      737.00        0.00
     0     0     1066.67      735.67        0.00
     0     0     1063.33      733.67        0.00
     0     0     1060.67      731.67        0.00
     0     0     1056.67      729.67        0.00
     0     0     1054.00      727.67        0.00
     0     0     1050.67      726.33        0.00
     0     0     1048.00      724.33        0.00
     0     0     1044.67      722.33        0.00
     0     0     1042.00      720.33        0.00
     0     0     1038.67      717.67        0.00
     0     0     1034.67      715.00        0.00
     0     0     1002.33      698.67        0.00
     0     0      999.00      698.00        0.00
     0     0      995.00      696.00        0.00
     0     0      991.67      695.33        0.00
     0     0      988.33      694.67        0.00
     0     0      985.00      694.00        0.00
     0     0      981.67      693.33        0.00
     0     0      978.33      692.00        0.00
     0     0      974.33      690.67        0.00
     0     0      970.33      689.33        0.00
     0     0      967.00      687.33        0.00
     0     0      963.67      686.00        0.00
     0     0      961.00      684.00        0.00
     0     0      957.00      682.00        0.00
     0     0      953.67      680.00        0.00
     0     0      949.67      678.00        0.00
     0     0      947.00      676.00        0.00
     0     0      944.33      674.00        0.00
     0     0      942.33      671.33        0.00
     0     0      940.33      668.67        0.00
     0     0      938.33      666.00        0.00
     0     0      935.00      664.00        0.00
     0     0      932.33      662.00        0.00
     0     0      929.67      660.00        0.00
     0     0      926.33      658.00        0.00
     0     0      923.67      656.00        0.00
     0     0      920.33      654.00        0.00
     0     0      917.67      652.00        0.00
     0     0      913.67      650.00        0.00
     0     0      911.00      648.00        0.00
     0     0      907.00      646.00        0.00
     0     0      904.33      644.00        0.00
     0     0      901.00      642.67        0.00
     0     0      897.67      641.33        0.00
     0     0      894.33      640.67        0.00
     0     0      891.00      639.33        0.00
     0     0      887.67      638.00        0.00
     0     0      884.33      636.67        0.00
     0     0      880.33      636.00        0.00
     0     0      876.33      635.33        0.00
     0     0      873.00      635.33        0.00
     0     0      869.67      634.67        0.00
     0     0      866.33      634.67        0.00
     0     0      863.00      634.67        0.00
     0     0      859.00      634.67        0.00
     0     0      855.67      635.33        0.00
     0     1      863.67      759.33        0.00
     0     1      867.00      759.33        0.00
     0     1      870.33      760.67        0.00
     0     1      873.67      762.00        0.00
     0     1      877.00      764.00        0.00
     0     1      880.33      765.33        0.00
     0     1      883.67      766.67        0.00
     0     1      887.00      768.00        0.00
     0     1      890.33      769.33        0.00
     0     1      894.33      770.00        0.00
     0     1      897.67      770.67        0.00
     0     1      901.00      771.33        0.00
     0     1      904.33      771.33        0.00
     0     1      908.33      771.33        0.00
     0     1      912.33      771.33        0.00
     0     1      915.67      771.33        0.00
     0     1      919.67      771.33        0.00
     0     1      923.67      772.00        0.00
     0     1      927.67      772.67        0.00
     0     1      931.00      774.00        0.00
     0     1      935.00      774.67        0.00
     0     1      938.33      776.00        0.00
     0     1      941.67      776.67        0.00
     0     1      945.00      778.00        0.00
     0     1      948.33      779.33        0.00
     0     1      951.67      780.00        0.00
     0     1      955.00      780.00        0.00
     0     1      958.33      781.33        0.00
     0     1      961.67      782.00        0.00
     0     1      966.33      783.33        0.00
     0     1      970.33      784.00        0.00
     0     1      973.67      785.33        0.00
     0     1      977.00      786.67        0.00
     0     1      980.33      788.00        0.00
     0     1      984.33      789.33        0.00
     0     1      988.33      790.67        0.00
     0     1      991.67      791.33        0.00
     0     1      995.67      792.00        0.00
     0     1      999.00      792.67        0.00
     0     1     1002.33      792.67        0.00
     0     1     1005.67      792.67        0.00
     0     1     1009.00      792.67        0.00
     0     1     1012.33      792.67        0.00
     0     1     1016.33      791.33        0.00
     0     1     1020.33      790.00        0.00
     0     1     1023.67      788.67        0.00
     0     1     1027.67      787.33        0.00
     0     1     1031.67      784.67        0.00
     0     1     1034.33      782.67        0.00
     0     1     1037.00      780.00        0.00
     0     1     1039.00      777.33        0.00
     0     1     1041.67      774.67        0.00
     0     1     1043.00      771.33        0.00
     0     1     1044.33      768.00        0.00
     0     1     1044.33      764.67        0.00
     0     1     1044.33      761.33        0.00
     0     1     1042.33      758.67        0.00
     0     1     1040.33      756.00        0.00
     0     1     1037.67      753.33        0.00
     0     1     1035.00      750.67        0.00
     0     1     1032.33      748.67        0.00
     0     1     1029.00      746.67        0.00
     0     1     1026.33      744.67        0.00
     0     1     1023.00      742.67        0.00
     0     1     1020.33      740.00        0.00
     0     1     1018.33      737.33        0.00
     0     1     1016.33      734.67        0.00
     0     1     1014.33      732.00        0.00
     0     1     1011.67      730.00        0.00
     0     1     1008.33      728.00        0.00
     0     1     1005.00      726.00        0.00
     0     1     1001.67      724.67        0.00
     0     1      998.33      724.00        0.00
     0     1      995.00      723.33        0.00
     0     1      991.67      723.33        0.00
     0     1      988.33      723.33        0.00
     0     1      984.33      722.67        0.00
     0     1      981.00      722.00        0.00
     0     1      977.67      721.33        0.00
     0     1      974.33      720.67        0.00
     0     1      969.67      718.67        0.00
     0     1      966.33      718.00        0.00
     0     1      963.00      716.00        0.00
     0     1      959.67      714.67        0.00
     0     1      956.33      712.00        0.00
     0     1      953.00      710.00        0.00
     0     1      950.33      708.00        0.00
     0     1      947.00      706.00        0.00
     0     1      944.33      703.33        0.00
     0     1      941.00      700.67        0.00
     0     1      938.33      698.67        0.00
     0     1      934.33      695.33        0.00
     0     1      931.00      693.33        0.00
     0     1      927.67      691.33        0.00
     0     1      925.00      689.33        0.00
     0     1      921.00      687.33        0.00
     0     1      916.33      686.00        0.00
     0     1      913.00      684.67        0.00
     0     1      909.67      682.67        0.00
     0     1      906.33      681.33        0.00
     0     1      903.00      679.33        0.00
     0     1      899.67      677.33        0.00
     0     1      895.67      675.33        0.00
     0     1      892.33      674.00        0.00
     0     1      889.00      673.33        0.00
     0     1      885.67      672.00        0.00
     0     1      881.67      671.33        0.00
     0     1      878.33      670.00        0.00
     0     1      875.00      670.00        0.00
     0     1      871.67      670.00        0.00
     0     1      868.33      669.33        0.00
     0     1      864.33      668.67        0.00
     0     1      860.33      668.00        0.00
     0     1      857.00      668.00        0.00
     0     1      853.00      667.33        0.00
     0     1      849.00      666.67        0.00
     0     1      845.67      666.67        0.00
     0     1      842.33      666.00        0.00
     0     1      839.00      664.67        0.00
     0     1      835.67      663.33        0.00
     0     1      831.67      662.00        0.00
     0     1      828.33      660.67        0.00
     0     1      824.33      660.00        0.00
     0     1      821.00      659.33        0.00
     0     1      817.67      659.33        0.00
     0     1      814.33      659.33        0.00
     0     1      811.00      658.67        0.00
     0     1      807.67      658.67        0.00
     0     1      803.67      658.00        0.00
     0     1      800.33      657.33        0.00
     0     1      797.00      656.00        0.00
     0     1      793.67      655.33        0.00
     0     1      790.33      654.00        0.00
     0     1      787.00      652.67        0.00
     0     1      783.67      652.00        0.00
     0     1      780.33      650.67        0.00
     0     1      777.00      650.67        0.00
     0     1      773.67      650.67        0.00
     0     1      770.33      650.67        0.00
     0     1      767.00      650.00        0.00
     0     1      763.67      649.33        0.00
     0     1      760.33      648.67        0.00
     0     1      757.00      648.67        0.00
     0     1      753.67      648.67        0.00
     0     1      749.67      648.67        0.00
     0     1      746.33      648.00        0.00
     0     1      742.33      647.33        0.00
     0     1      738.33      646.67        0.00
     0     1      735.00      646.00        0.00
     0     1      731.67      645.33        0.00
     0     1      728.33      645.33        0.00
     0     1      725.00      645.33        0.00
     0     1      721.67      644.67        0.00
     0     1      718.33      644.00        0.00
     0     1      714.33      643.33        0.00
     0     1      711.00      642.67        0.00
     0     1      707.00      642.00        0.00
     0     1      702.33      641.33        0.00
     0     1      699.00      641.33        0.00
     0     1      695.00      640.00        0.00
     0     1      691.67      640.00        0.00
     0     1      675.33      641.33        0.00
     0     1      672.00      641.33        0.00
     0     1      668.67      640.00        0.00
     0     1      665.33      639.33        0.00
     0     1      661.33      639.33        0.00
     0     1      658.00      639.33        0.00
     0     1      654.67      639.33        0.00
     0     1      651.33      639.33        0.00
     0     1      648.00      639.33        0.00
     0     1      644.00      639.33        0.00
     0     1      640.00      639.33        0.00
     0     1      636.67      639.33        0.00
     0     1      633.33      639.33        0.00
     0     1      629.33      639.33        0.00
     0     1      625.33      638.67        0.00
     0     1      622.00      638.00        0.00
     0     1      618.67      637.33        0.00
     0     1      615.33      636.67        0.00
     0     1      612.00      636.00        0.00
     0     1      608.00      634.67        0.00
     0     1      604.67      633.33        0.00
     0     1      600.67      631.33        0.00
     0     1      597.33      630.00        0.00
     0     1      594.00      628.67        0.00
     0     1      590.67      626.67        0.00
     0     1      588.00      624.67        0.00
     0     1      584.67      622.67        0.00
     0     1      580.67      620.67        0.00
     0     1      577.33      618.00        0.00
     0     1      574.00      615.33        0.00
     0     1      571.33      613.33        0.00
     0     1      569.33      610.67        0.00
     0     1      567.33      608.00        0.00
     0     1      564.67      604.67        0.00
     0     1      562.67      602.00        0.00
     0     1      561.33      598.67        0.00
     0     1      559.33      594.67        0.00
     0     1      558.67      590.67        0.00
     0     1      558.67      587.33        0.00
     0     1      558.00      584.00        0.00
     0     1      558.00      580.67        0.00
     0     1      558.00      577.33        0.00
     0     1      558.00      574.00        0.00
     0     1      558.00      570.67        0.00
     0     1      558.00      567.33        0.00
     0     1      559.33      564.00        0.00
     0     1      560.00      560.67        0.00
     0     1      561.33      557.33        0.00
     0     1      562.00      554.00        0.00
     0     1      563.33      550.67        0.00
     0     1      565.33      547.33        0.00
     0     1      566.67      544.00        0.00
     0     1      568.67      540.67        0.00
     0     1      570.67      536.67        0.00
     0     1      572.67      534.00        0.00
     0     1      575.33      532.00        0.00
     0     1      578.67      530.00        0.00
     0     1      582.00      528.67        0.00
     0     1      585.33      528.00        0.00
     0     1      588.00      526.00        0.00
     0     1      591.33      524.00        0.00
     0     1      594.67      522.00        0.00
     0     1      598.00      521.33        0.00
     0     1      601.33      520.67        0.00
     0     1      604.00      518.67        0.00
     0     1      606.67      516.67        0.00
     0     1      609.33      514.67        0.00
     0     1      612.67      512.67        0.00
     0     1      615.33      510.67        0.00
     0     1      618.67      510.00        0.00
     0     1      622.00      508.67        0.00
     0     1      625.33      507.33        0.00
     0     1      628.67      505.33        0.00
     0     1      632.00      504.00        0.00
     0     1      635.33      502.67        0.00
     0     1      639.33      501.33        0.00
     0     1      642.67      500.67        0.00
     0     1      646.00      500.00        0.00
     0     1      649.33      498.67        0.00
     0     1      653.33      498.00        0.00
     0     1      656.67      496.67        0.00
     0     1      660.00      495.33        0.00
     0     1      663.33      494.00        0.00
     0     1      666.67      493.33        0.00
     0     1      670.00      493.33        0.00
     0     1      673.33      491.33        0.00
     0     1      677.33      490.00        0.00
     0     1      681.33      488.67        0.00
     0     1      685.33      487.33        0.00
     0     1      688.00      485.33        0.00
     0     1      692.00      484.00        0.00
     0     1      697.33      482.00        0.00
     0     1      701.33      479.33        0.00
     0     1      704.67      478.00        0.00
     0     1      708.00      476.00        0.00
     0     1      710.67      474.00        0.00
     0     1      714.00      471.33        0.00
     0     1      717.33      468.67        0.00
     0     1      720.00      466.67        0.00
     0     1      722.67      464.00        0.00
     0     1      725.33      462.00        0.00
     0     1      728.00      459.33        0.00
     0     1      730.00      456.67        0.00
     0     1      732.67      454.00        0.00
     0     1      734.67      451.33        0.00
     0     1      736.67      448.67        0.00
     0     1      738.67      446.00        0.00
     0     1      740.67      442.67        0.00
     0     1      742.00      439.33        0.00
     0     1      750.33      421.67        0.00
     0     1      751.00      418.33        0.00
     0     1      753.67      415.00        0.00
     0     1      755.67      412.33        0.00
     0     1      756.33      409.00        0.00
     0     1      756.33      405.67        0.00
     0     1      756.33      402.33        0.00
     0     1      756.33      399.00        0.00
     0     1      755.00      395.00        0.00
     0     1      754.33      391.00        0.00
     0     1      753.67      387.67        0.00
     0     1      752.33      384.33        0.00
     0     1      751.00      381.00        0.00
     0     1      749.00      377.67        0.00
     0     1      747.00      374.33        0.00
     0     1      745.00      371.67        0.00
     0     1      742.33      368.33        0.00
     0     1      739.67      365.67        0.00
     0     1      737.00      363.00        0.00
     0     1      734.33      361.00        0.00
     0     1      731.00      359.00        0.00
     0     1      727.67      357.67        0.00
     0     1      724.33      355.67        0.00
     0     1      719.67      353.67        0.00
     0     1      715.67      351.67        0.00
     0     1      712.33      351.00        0.00
     0     1      709.00      349.67        0.00
     0     1      705.67      349.00        0.00
     0     1      702.33      348.33        0.00
     0     1      697.67      347.67        0.00
     0     1      694.33      347.00        0.00
     0     1      691.00      347.00        0.00
     0     1      687.00      347.00        0.00
     0     1      683.67      347.00        0.00
     0     1      679.67      347.00        0.00
     0     1      676.33      347.00        0.00
     0     1      672.33      347.67        0.00
     0     1      669.00      348.33        0.00
     0     1      665.67      349.67        0.00
     0     1      661.67      351.00        0.00
     0     1      658.33      352.33        0.00
     0     1      654.33      353.67        0.00
     0     1      651.00      355.67        0.00
     0     1      647.67      357.00        0.00
     0     1      644.33      359.00        0.00
     0     1      640.33      361.00        0.00
     0     1      637.00      362.33        0.00
     0     1      633.67      364.33        0.00
     0     1      630.33      365.67        0.00
     0     1      627.00      367.67        0.00
     0     1      623.67      370.33        0.00
     0     1      620.33      373.00        0.00
     0     1      617.00      375.67        0.00
     0     1      614.33      377.67        0.00
     0     1      611.00      380.33        0.00
     0     1      608.33      383.00        0.00
     0     1      605.00      385.00        0.00
     0     1      603.00      387.67        0.00
     0     1      600.33      389.67        0.00
     0     1      597.67      392.33        0.00
     0     1      594.33      395.67        0.00
     0     1      590.33      397.67        0.00
     0     1      587.67      400.33        0.00
     0     1      585.00      402.33        0.00
     0     1      580.33      404.33        0.00
     0     1      577.00      406.33        0.00
     0     1      573.67      407.67        0.00
     0     1      571.00      409.67        0.00
     0     1      569.00      412.33        0.00
     0     1      566.33      414.33        0.00
     0     1      564.33      417.00        0.00
     0     1      561.00      419.67        0.00
     0     1      558.33      422.33        0.00
     0     1      555.00      424.33        0.00
     0     1      552.33      426.33        0.00
     0     1      549.67      428.33        0.00
     0     1      547.67      431.00        0.00
     0     1      544.33      434.33        0.00
     0     1      541.67      437.00        0.00
     0     1      538.33      439.67        0.00
     0     1      535.67      442.33        0.00
     0     1      533.00      445.00        0.00
     0     1      530.33      447.00        0.00
     0     1      528.33      449.67        0.00
     0     1      525.67      451.67        0.00
     0     1      523.00      453.67        0.00
     0     1      519.67      454.33        0.00
     0     1      516.33      454.33        0.00
     0     1      503.33      468.67        0.00
     0     1      500.00      470.67        0.00
     0     1      497.33      473.33        0.00
     0     1      494.00      475.33        0.00
     0     1      490.00      477.33        0.00
     0     1      486.67      479.33        0.00
     0     1      483.33      480.67        0.00
     0     1      479.33      482.67        0.00
     0     1      476.00      484.00        0.00
     0     1      472.67      485.33        0.00
     0     1      470.00      487.33        0.00
     0     1      467.33      489.33        0.00
     0     1      464.00      490.67        0.00
     0     1      460.67      492.67        0.00
     0     1      456.67      494.00        0.00
     0     1      452.67      494.67        0.00
     0     1      449.33      496.00        0.00
     0     1      445.33      497.33        0.00
     0     1      442.00      498.00        0.00
     0     1      437.33      498.67        0.00
     0     1      434.00      499.33        0.00
     0     1      430.67      500.67        0.00
     0     1      426.67      501.33        0.00
     0     1      422.67      502.67        0.00
     0     1      419.33      504.00        0.00
     0     1      416.00      505.33        0.00
     0     1      412.67      506.00        0.00
     0     1      409.33      506.67        0.00
     0     1      406.00      507.33        0.00
     0     1      402.00      507.33        0.00
     0     1      398.67      508.67        0.00
     0     1      394.67      510.00        0.00
     0     1      390.67      512.67        0.00
     0     1      387.33      514.00        0.00
     0     1      383.33      515.33        0.00
     0     1      379.33      516.67        0.00
     0     1      374.67      518.00        0.00
     0     1      371.33      518.67        0.00
     0     1      367.33      520.00        0.00
     0     1      363.33      521.33        0.00
     0     1      359.33      523.33        0.00
     0     1      355.33      524.00        0.00
     0     1      351.33      525.33        0.00
     0     1      348.00      526.00        0.00
     0     1      344.00      527.33        0.00
     0     1      340.67      528.00        0.00
     0     1      336.67      529.33        0.00
     0     1      332.67      530.00        0.00
     0     1      328.67      531.33        0.00
     0     1      324.67      531.33        0.00
     0     1      321.33      532.00        0.00
     0     1      318.00      532.67        0.00
     0     1      314.00      532.67        0.00
     0     1      310.67      532.67        0.00
     0     1      307.33      532.67        0.00
     0     1      288.00      535.33        0.00
     0     1      284.00      536.00        0.00
     0     1      280.67      536.00        0.00
     0     1      277.33      535.33        0.00
     0     1      274.00      534.67        0.00
     0     1      270.67      534.67        0.00
     0     1      266.00      534.00        0.00
     0     1      262.00      532.67        0.00
     0     1      256.67      531.33        0.00
     0     1      253.33      530.67        0.00
     0     1      250.00      530.00        0.00
     0     1      246.00      529.33        0.00
     0     1      242.00      527.33        0.00
     0     1      238.00      526.00        0.00
     0     1      234.67      525.33        0.00
     0     1      231.33      524.00        0.00
     0     1      228.00      523.33        0.00
     0     1      224.67      522.00        0.00
     0     1      220.67      520.67        0.00
     0     1      217.33      519.33        0.00
     0     1      214.00      518.00        0.00
     0     1      210.00      516.67        0.00
     0     1      206.00      516.00        0.00
     0     1      202.67      514.67        0.00
     0     1      199.33      514.67        0.00
     0     1      195.33      514.67        0.00
     0     1      191.33      514.00        0.00
     0     1      188.00      514.00        0.00
     0     1      184.67      514.00        0.00
     0     1      181.33      513.33        0.00
     0     1      178.00      512.67        0.00
     0     1      175.33      510.67        0.00
     0     1      172.67      508.67        0.00
     0     1      166.00      501.33        0.00
     0     1      162.67      499.33        0.00
     0     1      160.00      497.33        0.00
     0     1      157.33      495.33        0.00
     0     1      152.67      492.67        0.00
     0     1      148.67      491.33        0.00
     0     1      144.00      488.67        0.00
     0     1      140.67      486.67        0.00
     0     1      136.67      484.00        0.00
     0     1      133.33      482.67        0.00
     0     1      130.00      480.67        0.00
     0     1      126.00      478.00        0.00
     0     1      122.67      476.00        0.00
     0     1      118.67      474.00        0.00
     0     1      115.33      472.00        0.00
     0     1      111.33      470.67        0.00
     0     1      106.67      469.33        0.00
     0     1      103.33      467.33        0.00
     0     1       98.67      466.00        0.00
     0     1       95.33      464.67        0.00
     0     1       91.33      463.33        0.00
     0     1       86.67      461.33        0.00
     0     1       82.67      460.00        0.00
     0     1       78.00      458.67        0.00
     0     1       74.00      457.33        0.00
     0     1       70.00      456.00        0.00
     0     1       66.00      455.33        0.00
     0     1       60.67      454.00        0.00
     0     1       56.67      452.67        0.00
     0     1       51.33      451.33        0.00
     0     1       48.00      450.00        0.00
     0     1       44.67      449.33        0.00
     0     1       41.33      448.00        0.00
     0     1       37.33      447.33        0.00
     0     1       33.33      446.00        0.00
     0     1       30.00      444.67        0.00
     0     1       26.00      443.33        0.00
     0     1       22.67      442.00        0.00
     0     1       19.33      441.33        0.00
     0     1       16.00      440.67        0.00
     0     1       12.67      440.00        0.00
     0     1        9.33      438.67        0.00
     0     1        6.00      438.00        0.00
     0     1        2.67      438.00        0.00
     0     1        0.67      551.33        0.00
     0     1        4.67      551.33        0.00
     0     1        8.67      552.67        0.00
     0     1       12.67      552.67        0.00
     0     1       16.67      552.67        0.00
     0     1       20.67      553.33        0.00
     0     1       26.00      553.33        0.00
     0     1       30.00      554.00        0.00
     0     1       33.33      554.00        0.00
     0     1       38.00      554.67        0.00
     0     1       41.33      555.33        0.00
     0     1       44.67      556.00        0.00
     0     1       48.67      556.67        0.00
     0     1       52.00      557.33        0.00
     0     1       56.00      558.00        0.00
     0     1       59.33      558.67        0.00
     0     1       63.33      560.00        0.00
     0     1       67.33      561.33        0.00
     0     1       70.67      562.00        0.00
     0     1       74.00      562.67        0.00
     0     1       78.00      563.33        0.00
     0     1       82.00      564.00        0.00
     0     1       86.00      564.67        0.00
     0     1       90.67      565.33        0.00
     0     1       94.00      565.33        0.00
     0     1       98.00      567.33        0.00
     0     1      102.00      568.00        0.00
     0     1      105.33      568.67        0.00
     0     1      108.67      570.00        0.00
     0     1      112.67      571.33        0.00
     0     1      117.33      572.67        0.00
     0     1      122.00      574.67        0.00
     0     1      125.33      576.00        0.00
     0     1      129.33      577.33        0.00
     0     1      133.33      579.33        0.00
     0     1      137.33      580.00        0.00
     0     1      141.33      581.33        0.00
     0     1      145.33      582.67        0.00
     0     1      149.33      584.00        0.00
     0     1      152.67      585.33        0.00
     0     1      156.67      587.33        0.00
     0     1      159.33      589.33        0.00
     0     1      162.67      590.00        0.00
     0     1      166.00      592.00        0.00
     0     1      168.67      594.00        0.00
     0     1      172.00      596.00        0.00
     0     1      175.33      598.00        0.00
     0     1      178.00      600.67        0.00
     0     1      181.33      602.67        0.00
     0     1      184.00      604.67        0.00
     0     1      187.33      606.67        0.00
     0     1      191.33      608.00        0.00
     0     1      194.67      609.33        0.00
     0     1      198.00      610.00        0.00
     0     1      201.33      611.33        0.00
     0     1      204.67      612.00        0.00
     0     1      209.33      612.00        0.00
     0     1      213.33      612.67        0.00
     0     1      216.67      612.67        0.00
     0     1      220.00      613.33        0.00
     0     1      223.33      613.33        0.00
     0     1      226.67      613.33        0.00
     0     1      230.00      613.33        0.00
     0     1      233.33      613.33        0.00
     0     1      236.67      613.33        0.00
     0     1      240.67      614.00        0.00
     0     1      244.00      614.00        0.00
     0     1      248.00      615.33        0.00
     0     1      251.33      615.33        0.00
     0     1      255.33      616.00        0.00
     0     1      260.00      616.00        0.00
     0     1      264.00      617.33        0.00
     0     1      267.33      617.33        0.00
     0     1      270.67      617.33        0.00
     0     1      274.67      618.00        0.00
     0     1      278.67      618.00        0.00
     0     1      282.00      618.00        0.00
     0     1      285.33      618.00        0.00
     0     1      289.33      618.67        0.00
     0     1      292.67      618.67        0.00
     0     1      296.67      618.67        0.00
     0     1      300.00      618.67        0.00
     0     1      303.33      618.00        0.00
     0     1      307.33      617.33        0.00
     0     1      311.33      617.33        0.00
     0     1      314.67      617.33        0.00
     0     1      318.00      617.33        0.00
     0     1      321.33      617.33        0.00
     0     1      325.33      617.33        0.00
     0     1      328.67      617.33        0.00
     0     1      332.00      617.33        0.00
     0     1      336.67      616.67        0.00
     0     1      340.00      616.67        0.00
     0     1      344.00      616.00        0.00
     0     1      348.00      615.33        0.00
     0     1      352.00      614.67        0.00
     0     1      356.00      614.00        0.00
     0     1      359.33      613.33        0.00
     0     1      363.33      612.67        0.00
     0     1      367.33      612.00        0.00
     0     1      370.67      612.00        0.00
     0     1      374.00      611.33        0.00
     0     1      377.33      610.00        0.00
     0     1      380.67      610.00        0.00
     0     1      384.00      608.67        0.00
     0     1      387.33      608.00        0.00
     0     1      390.67      607.33        0.00
     0     1      394.67      606.67        0.00
     0     1      420.00      607.67        0.00
     0     1      424.67      609.00        0.00
     0     1      428.67      609.67        0.00
     0     1      432.00      609.67        0.00
     0     1      435.33      610.33        0.00
     0     1      439.33      611.00        0.00
     0     1      443.33      611.00        0.00
     0     1      446.67      611.67        0.00
     0     1      450.00      611.67        0.00
     0     1      453.33      612.33        0.00
     0     1      456.67      613.00        0.00
     0     1      460.67      613.67        0.00
     0     1      463.33      615.67        0.00
     0     1      466.67      617.00        0.00
     0     1      470.00      618.33        0.00
     0     1      472.67      621.00        0.00
     0     1      475.33      623.67        0.00
     0     1      478.00      626.33        0.00
     0     1      480.67      629.67        0.00
     0     1      483.33      631.67        0.00
     0     1      486.00      635.00        0.00
     0     1      488.67      637.67        0.00
     0     1      491.33      641.00        0.00
     0     1      494.00      643.67        0.00
     0     1      496.67      647.67        0.00
     0     1      499.33      650.33        0.00
     0     1      501.33      653.00        0.00
     0     1      503.33      655.67        0.00
     0     1      506.00      658.33        0.00
     0     1      508.67      662.33        0.00
     0     1      510.67      665.67        0.00
     0     1      513.33      669.67        0.00
     0     1      515.33      673.67        0.00
     0     1      517.33      676.33        0.00
     0     1      519.33      679.67        0.00
     0     1      521.33      683.00        0.00
     0     1      523.33      687.00        0.00
     0     1      525.33      690.33        0.00
     0     1      527.33      693.67        0.00
     0     1      530.00      697.67        0.00
     0     1      532.00      700.33        0.00
     0     1      534.67      703.67        0.00
     0     1      537.33      705.67        0.00
     0     1      540.00      707.67        0.00
     0     1      543.33      709.67        0.00
     0     1      546.00      711.67        0.00
     0     1      550.00      712.33        0.00
     0     1      553.33      713.67        0.00
     0     1      556.67      714.33        0.00
     0     1      560.00      715.00        0.00
     0     1      563.33      716.33        0.00
     0     1      568.67      717.67        0.00
     0     1      572.67      719.67        0.00
     0     1      576.00      721.00        0.00
     0     1      578.67      723.00        0.00
     0     1      582.00      726.33        0.00
     0     1      586.00      729.00        0.00
     0     1      588.67      731.67        0.00
     0     1      591.33      734.33        0.00
     0     1      594.00      737.67        0.00
     0     1      596.67      739.67        0.00
     0     1      599.33      741.67        0.00
     0     1      602.67      743.67        0.00
     0     1      607.33      746.33        0.00
     0     1      611.33      747.67        0.00
     0     1      614.67      749.00        0.00
     0     1      618.67      750.33        0.00
     0     1      622.67      750.33        0.00
     0     1      626.67      751.67        0.00
     0     1      630.67      752.33        0.00
     0     1      634.00      753.67        0.00
     0     1      639.33      754.33        0.00
     0     1      643.33      755.67        0.00
     0     1      646.67      756.33        0.00
     0     1      651.33      757.00        0.00
     0     1      654.67      757.67        0.00
     0     1      658.67      757.67        0.00
     0     1      662.00      758.33        0.00
     0     1      665.33      759.00        0.00
     0     1      670.67      759.00        0.00
     0     1      674.67      759.67        0.00
     0     1      678.67      759.67        0.00
     0     1      684.00      759.67        0.00
     0     1      688.67      759.67        0.00
     0     1      693.33      759.67        0.00
     0     1      698.00      759.00        0.00
     0     1      703.33      759.00        0.00
     0     1      706.67      758.33        0.00
     0     1      712.00      758.33        0.00
     0     1      716.67      757.67        0.00
     0     1      721.33      757.00        0.00
     0     1      726.67      756.33        0.00
     0     1      730.00      756.33        0.00
     0     1      734.67      756.33        0.00
     0     1      738.00      756.33        0.00
     0     1      741.33      756.33        0.00
     0     1      745.33      755.67        0.00
     0     1      750.00      754.33        0.00
     0     1      754.00      754.33        0.00
     0     1      758.00      753.67        0.00
     0     1      761.33      753.00        0.00
     0     1      766.00      753.00        0.00
     0     1      770.00      752.33        0.00
     0     1      774.00      752.33        0.00
     0     1      792.00      755.33        0.00
     0     1      795.33      756.00        0.00
     0     1      799.33      756.67        0.00
     0     1      802.67      757.33        0.00
     0     1      806.00      758.00        0.00
     0     1      809.33      758.67        0.00
     0     1      812.67      758.67        0.00
     0     1      816.00      758.67        0.00
     0     1      819.33      758.67        0.00
     0     1      822.67      758.67        0.00
     0     1      826.00      758.00        0.00
     0     1      829.33      758.00        0.00
     0     1      832.67      758.00        0.00
     0     1      836.00      758.67        0.00
     0     1      839.33      759.33        0.00
     0     1      842.67      760.67        0.00
     0     1      846.00      761.33        0.00
     0     1      849.33      761.33        0.00
     0     1      852.67      761.33        0.00
     1     0      707.33      490.33        0.00
     1     0      704.00      491.67        0.00
     1     0      700.67      491.67        0.00
     1     0      697.33      489.67        0.00
     1     0      695.33      487.00        0.00
     1     0      695.33      483.67        0.00
     1     0      697.33      479.67        0.00
     1     0      700.00      477.00        0.00
     1     0      703.33      475.00        0.00
     1     0      706.67      474.33        0.00
     1     0      710.00      473.67        0.00
     1     0      713.33      473.00        0.00
     1     0      716.67      473.00        0.00
     1     0      720.00      473.67        0.00
     1     0      722.67      475.67        0.00
     1     0      724.00      479.00        0.00
     1     0      723.33      482.33        0.00
     1     0      720.67      485.00        0.00
     1     0      718.67      487.67        0.00
     1     0      715.33      488.33        0.00
     1     1      567.33      591.00        0.00
     1     1      564.00      591.00        0.00
     1     1      560.67      591.00        0.00
     1     1      558.67      588.33        0.00
     1     1      557.33      585.00        0.00
     1     1      557.33      581.67        0.00
     1     1      558.00      578.33        0.00
     1     1      559.33      575.00        0.00
     1     1      562.67      573.67        0.00
     1     1      566.00      573.67        0.00
     1     1      568.67      576.33        0.00
     1     1      570.00      579.67        0.00
     1     1      572.00      582.33        0.00
     1     1      572.67      585.67        0.00
     1     1      572.67      589.00        0.00
     1     2      574.67      609.00        0.00
     1     2      571.33      608.33        0.00
     1     2      569.33      605.67        0.00
     1     2      568.67      602.33        0.00
     1     2      568.67      599.00        0.00
     1     2      572.00      597.67        0.00
     1     2      575.33      599.67        0.00
     1     2      578.00      602.33        0.00
     1     2      578.67      605.67        0.00
     1     3      582.00      620.33        0.00
     1     3      578.67      619.67        0.00
     1     3      577.33      616.33        0.00
     1     3      576.67      613.00        0.00
     1     3      578.67      610.33        0.00
     1     3      582.00      609.67        0.00
     1     3      585.33      609.00        0.00
     1     3      588.67      609.67        0.00
     1     3      590.67      612.33        0.00
     1     3      590.67      615.67        0.00
     1     3      589.33      619.00        0.00
     1     4      606.00      631.67        0.00
     1     4      602.67      630.33        0.00
     1     4      600.00      627.67        0.00
     1     4      600.00      624.33        0.00
     1     4      601.33      621.00        0.00
     1     4      604.67      619.00        0.00
     1     4      608.00      619.00        0.00
     1     4      610.67      621.00        0.00
     1     4      611.33      624.33        0.00
     1     4      611.33      627.67        0.00
     1     5      624.67      635.67        0.00
     1     5      621.33      635.67        0.00
     1     5      618.00      633.67        0.00
     1     5      617.33      630.33        0.00
     1     5      617.33      627.00        0.00
     1     5      619.33      624.33        0.00
     1     5      622.67      623.67        0.00
     1     5      626.00      623.67        0.00
     1     5      628.67      625.67        0.00
     1     5      629.33      629.00        0.00
     1     5      630.00      632.33        0.00
     1     6      641.33      636.33        0.00
     1     6      638.00      636.33        0.00
     1     6      634.67      635.00        0.00
     1     6      632.67      632.33        0.00
     1     6      632.67      629.00        0.00
     1     6      635.33      627.00        0.00
     1     6      638.67      626.33        0.00
     1     6      642.00      626.33        0.00
     1     6      644.67      628.33        0.00
     1     6      646.00      631.67        0.00
     1     6      644.00      634.33        0.00
     1     7      668.67      639.67        0.00
     1     7      665.33      640.33        0.00
     1     7      661.33      639.00        0.00
     1     7      659.33      636.33        0.00
     1     7      659.33      633.00        0.00
     1     7      662.00      630.33        0.00
     1     7      665.33      629.00        0.00
     1     7      668.67      628.33        0.00
     1     7      672.00      628.33        0.00
     1     7      674.00      631.00        0.00
     1     7      674.00      634.33        0.00
     1     8      708.00      643.00        0.00
     1     8      704.67      643.00        0.00
     1     8      702.00      641.00        0.00
     1     8      701.33      637.67        0.00
     1     8      702.67      634.33        0.00
     1     8      705.33      632.33        0.00
     1     8      708.67      632.33        0.00
     1     8      712.00      633.00        0.00
     1     8      714.00      635.67        0.00
     1     8      714.00      639.00        0.00
     1     9      728.00      644.33        0.00
     1     9      724.67      644.33        0.00
     1     9      721.33      643.67        0.00
     1     9      718.67      641.67        0.00
     1     9      718.67      638.33        0.00
     1     9      720.67      635.00        0.00
     1     9      723.33      633.00        0.00
     1     9      726.00      631.00        0.00
     1     9      729.33      631.00        0.00
     1     9      732.67      631.00        0.00
     1     9      736.00      632.33        0.00
     1     9      737.33      635.67        0.00
     1     9      738.00      639.00        0.00
     1     9      736.00      642.33        0.00
     1    10      764.00      649.00        0.00
     1    10      760.67      649.00        0.00
     1    10      757.33      648.33        0.00
     1    10      754.00      646.33        0.00
     1    10      751.33      644.33        0.00
     1    10      750.67      641.00        0.00
     1    10      751.33      637.67        0.00
     1    10      754.00      635.67        0.00
     1    10      757.33      635.67        0.00
     1    10      760.67      635.67        0.00
     1    10      764.00      635.67        0.00
     1    10      767.33      636.33        0.00
     1    10      770.00      638.33        0.00
     1    10      771.33      641.67        0.00
     1    10      772.00      645.00        0.00
     1    11     1018.00      731.33        0.00
     1    11     1014.67      730.67        0.00
     1    11     1011.33      729.33        0.00
     1    11     1008.67      727.33        0.00
     1    11     1009.33      724.00        0.00
     1    11     1012.67      722.67        0.00
     1    11     1016.00      722.67        0.00
     1    11     1018.67      724.67        0.00
     1    11     1020.67      727.33        0.00
     1    12      806.00      770.33        0.00
     1    12      802.67      770.33        0.00
     1    12      799.33      769.00        0.00
     1    12      797.33      766.33        0.00
     1    12      797.33      763.00        0.00
     1    12      798.00      759.67        0.00
     1    12      800.67      757.67        0.00
     1    12      804.00      757.00        0.00
     1    12      807.33      757.67        0.00
     1    12      810.00      759.67        0.00
     1    12      812.00      762.33        0.00
     1    12      812.67      765.67        0.00
     1    12      812.67      769.00        0.00
     1    13      789.33      768.33        0.00
     1    13      786.00      768.33        0.00
     1    13      782.67      767.67        0.00
     1    13      780.00      765.67        0.00
     1    13      778.00      763.00        0.00
     1    13      778.00      759.67        0.00
     1    13      780.00      757.00        0.00
     1    13      782.67      755.00        0.00
     1    13      786.00      755.00        0.00
     1    13      789.33      755.67        0.00
     1    13      792.67      757.00        0.00
     1    13      793.33      760.33        0.00
     1    13      794.00      763.67        0.00
     1    14      180.67      616.67        0.00
     1    14      177.33      616.00        0.00
     1    14      174.67      614.00        0.00
     1    14      173.33      610.67        0.00
     1    14      174.00      607.33        0.00
     1    14      176.67      605.33        0.00
     1    14      180.00      604.67        0.00
     1    14      183.33      604.67        0.00
     1    14      186.00      606.67        0.00
     1    14      186.00      610.00        0.00
     1    15      356.00      637.00        0.00
     1    15      356.00      637.00        0.00
     1    15      352.67      637.00        0.00
     1    15      349.33      635.67        0.00
     1    15      346.00      633.67        0.00
     1    15      345.33      630.33        0.00
     1    15      346.00      627.00        0.00
     1    15      348.67      625.00        0.00
     1    15      352.00      623.67        0.00
     1    15      355.33      623.67        0.00
     1    15      358.67      624.33        0.00
     1    15      361.33      626.33        0.00
     1    15      362.00      629.67        0.00
     1    16      428.00      632.50        0.00
     1    16      425.50      632.00        0.00
     1    16      422.50      631.00        0.00
     1    16      420.50      629.00        0.00
     1    16      420.00      626.50        0.00
     1    16      420.50      624.00        0.00
     1    16      422.00      622.00        0.00
     1    16      424.50      621.00        0.00
     1    16      427.00      620.00        0.00
     1    16      429.50      619.50        0.00
     1    16      432.00      620.00        0.00
     1    16      434.00      622.00        0.00
     1    16      434.00      624.50        0.00
     1    16      433.00      627.00        0.00
     1    17      588.50      750.00        0.00
     1    17      586.00      749.50        0.00
     1    17      584.00      748.00        0.00
     1    17      582.00      746.50        0.00
     1    17      580.50      744.50        0.00
     1    17      579.00      742.50        0.00
     1    17      578.00      740.00        0.00
     1    17      577.00      737.50        0.00
     1    17      577.00      735.00        0.00
     1    17      578.00      732.50        0.00
     1    17      579.50      730.50        0.00
     1    17      582.00      730.50        0.00
     1    17      584.50      731.00        0.00
     1    17      586.50      732.50        0.00
     1    17      588.50      734.00        0.00
     1    17      590.50      736.00        0.00
     1    17      592.50      738.00        0.00
     1    17      594.00      740.00        0.00
     1    17      595.00      742.50        0.00
     1    17      595.00      745.00        0.00
     1    17      594.00      747.50        0.00
