     0     0     1373.00       27.33        0.00
     0     0     1367.67       32.67        0.00
     0     0     1365.67       36.00        0.00
     0     0     1362.33       39.33        0.00
     0     0     1359.67       41.33        0.00
     0     0     1357.00       44.00        0.00
     0     0     1354.33       46.67        0.00
     0     0     1351.00       50.00        0.00
     0     0     1348.33       52.67        0.00
     0     0     1346.33       55.33        0.00
     0     0     1343.67       57.33        0.00
     0     0     1339.67       59.33        0.00
     0     0     1336.33       62.00        0.00
     0     0     1334.33       64.67        0.00
     0     0     1331.00       67.33        0.00
     0     0     1327.67       70.00        0.00
     0     0     1324.33       72.00        0.00
     0     0     1320.33       74.00        0.00
     0     0     1317.00       76.00        0.00
     0     0     1314.33       78.00        0.00
     0     0     1311.00       80.00        0.00
     0     0     1307.67       82.00        0.00
     0     0     1304.33       84.00        0.00
     0     0     1301.00       86.67        0.00
     0     0     1297.67       88.67        0.00
     0     0     1295.00       90.67        0.00
     0     0     1291.67       93.33        0.00
     0     0     1288.33       96.00        0.00
     0     0     1285.00       98.67        0.00
     0     0     1283.00      102.00        0.00
     0     0     1280.33      106.00        0.00
     0     0     1279.00      109.33        0.00
     0     0     1275.00      114.00        0.00
     0     0     1273.00      117.33        0.00
     0     0     1269.00      122.00        0.00
     0     0     1265.00      125.33        0.00
     0     0     1262.33      128.00        0.00
     0     0     1259.00      131.33        0.00
     0     0     1257.00      134.67        0.00
     0     0     1255.00      137.33        0.00
     0     0     1252.33      140.00        0.00
     0     0     1249.67      142.67        0.00
     0     0     1246.33      144.67        0.00
     0     0     1243.00      148.00        0.00
     0     0     1239.67      150.67        0.00
     0     0     1237.00      152.67        0.00
     0     0     1234.33      154.67        0.00
     0     0     1231.67      158.00        0.00
     0     0     1229.00      160.67        0.00
     0     0     1226.33      164.00        0.00
     0     0     1223.67      168.00        0.00
     0     0     1221.00      172.00        0.00
     0     0     1219.00      174.67        0.00
     0     0     1215.67      177.33        0.00
     0     0     1212.33      180.00        0.00
     0     0     1209.00      182.00        0.00
     0     0     1205.67      183.33        0.00
     0     0     1203.67      186.00        0.00
     0     0     1200.33      188.00        0.00
     0     0     1197.67      190.00        0.00
     0     0     1194.33      192.00        0.00
     0     0     1191.00      194.00        0.00
     0     0     1187.67      195.33        0.00
     0     0     1184.33      197.33        0.00
     0     0     1180.33      199.33        0.00
     0     0     1177.00      200.67        0.00
     0     0     1173.00      202.67        0.00
     0     0     1169.67      204.00        0.00
     0     0     1166.33      206.00        0.00
     0     0     1163.67      208.00        0.00
     0     0     1159.67      210.00        0.00
     0     0     1157.00      212.00        0.00
     0     0     1153.00      214.00        0.00
     0     0     1149.00      216.00        0.00
     0     0     1145.67      218.00        0.00
     0     0     1142.33      220.00        0.00
     0     0     1139.67      222.00        0.00
     0     0     1136.33      223.33        0.00
     0     0     1133.67      225.33        0.00
     0     0     1130.33      228.00        0.00
     0     0     1125.67      230.00        0.00
     0     0     1122.33      231.33        0.00
     0     0     1119.00      233.33        0.00
     0     0     1115.67      234.67        0.00
     0     0     1112.33      236.00        0.00
     0     0     1109.67      238.00        0.00
     0     0     1105.67      240.00        0.00
     0     0     1102.33      241.33        0.00
     0     0     1099.67      244.00        0.00
     0     0     1096.33      246.00        0.00
     0     0     1093.00      247.33        0.00
     0     0     1090.33      249.33        0.00
     0     0     1087.67      251.33        0.00
     0     0     1085.00      253.33        0.00
     0     0     1081.00      255.33        0.00
     0     0     1077.67      257.33        0.00
     0     0     1074.33      258.67        0.00
     0     0     1071.00      260.67        0.00
     0     0     1067.67      262.00        0.00
     0     0     1063.67      263.33        0.00
     0     0     1060.33      264.67        0.00
     0     0     1057.00      266.00        0.00
     0     0     1053.67      268.00        0.00
     0     0     1050.33      269.33        0.00
     0     0     1047.67      271.33        0.00
     0     0     1044.33      272.67        0.00
     0     0     1041.00      273.33        0.00
     0     0     1023.00      282.33        0.00
     0     0     1019.67      283.67        0.00
     0     0     1017.00      285.67        0.00
     0     0     1013.67      287.00        0.00
     0     0     1009.67      289.00        0.00
     0     0     1005.67      290.33        0.00
     0     0     1002.33      291.67        0.00
     0     0      999.67      293.67        0.00
     0     0      996.33      295.67        0.00
     0     0      993.00      296.33        0.00
     0     0      989.67      297.67        0.00
     0     0      985.67      299.00        0.00
     0     0      982.33      301.00        0.00
     0     0      979.00      302.33        0.00
     0     0      975.67      303.67        0.00
     0     0      972.33      305.00        0.00
     0     0      969.00      306.33        0.00
     0     0      965.00      307.67        0.00
     0     0      961.00      308.33        0.00
     0     0      957.67      309.00        0.00
     0     0      954.33      309.67        0.00
     0     0      950.33      311.00        0.00
     0     0      947.00      312.33        0.00
     0     0      943.00      313.67        0.00
     0     0      939.00      315.00        0.00
     0     0      934.33      316.33        0.00
     0     0      931.00      317.00        0.00
     0     0      927.00      318.33        0.00
     0     0      923.00      319.00        0.00
     0     0      919.00      320.33        0.00
     0     0      914.33      322.33        0.00
     0     0      910.33      323.67        0.00
     0     0      907.00      325.00        0.00
     0     0      903.67      326.33        0.00
     0     0      900.33      327.67        0.00
     0     0      897.00      329.67        0.00
     0     0      893.67      331.67        0.00
     0     0      890.33      333.67        0.00
     0     0      886.33      336.33        0.00
     0     0      883.00      338.33        0.00
     0     0      880.33      340.33        0.00
     0     0      877.67      342.33        0.00
     0     0      874.33      344.33        0.00
     0     0      871.00      346.33        0.00
     0     0      867.00      349.00        0.00
     0     0      864.33      351.00        0.00
     0     0      861.67      353.00        0.00
     0     0      857.67      354.33        0.00
     0     0      853.67      355.67        0.00
     0     0      850.33      357.67        0.00
     0     0      847.00      359.67        0.00
     0     0      843.00      361.67        0.00
     0     0      839.00      363.00        0.00
     0     0      835.67      365.00        0.00
     0     0      832.33      367.00        0.00
     0     0      829.00      368.33        0.00
     0     0      826.33      370.33        0.00
     0     0      823.67      372.33        0.00
     0     0      820.33      374.33        0.00
     0     0      817.67      376.33        0.00
     0     0      813.67      378.33        0.00
     0     0      811.00      380.33        0.00
     0     0      808.33      382.33        0.00
     0     0      805.00      384.33        0.00
     0     0      802.33      386.33        0.00
     0     0      799.00      387.67        0.00
     0     0      795.67      389.00        0.00
     0     0      792.33      391.00        0.00
     0     0      789.00      392.33        0.00
     0     0      785.67      393.67        0.00
     0     0      782.33      395.00        0.00
     0     0      779.00      396.33        0.00
     0     0      775.67      398.33        0.00
     0     0      772.33      399.67        0.00
     0     0      769.00      401.00        0.00
     0     0      765.00      403.00        0.00
     0     0      751.00      406.00        0.00
     0     0      745.67      406.67        0.00
     0     0      742.33      406.67        0.00
     0     0      739.00      407.33        0.00
     0     0      736.33      409.33        0.00
     0     0      733.67      412.00        0.00
     0     0      731.00      414.00        0.00
     0     0      729.00      417.33        0.00
     0     0      725.67      419.33        0.00
     0     0      723.00      422.00        0.00
     0     0      721.00      424.67        0.00
     0     0      718.33      426.67        0.00
     0     0      715.67      428.67        0.00
     0     0      713.67      431.33        0.00
     0     0      711.67      434.67        0.00
     0     0      709.67      437.33        0.00
     0     0      707.00      439.33        0.00
     0     0      704.33      441.33        0.00
     0     0      701.00      442.67        0.00
     0     0      698.33      444.67        0.00
     0     0      695.00      446.00        0.00
     0     0      691.67      447.33        0.00
     0     0      687.67      448.67        0.00
     0     0      684.33      450.00        0.00
     0     0      680.33      451.33        0.00
     0     0      677.00      453.33        0.00
     0     0      673.00      455.33        0.00
     0     0      668.33      458.00        0.00
     0     0      664.33      460.00        0.00
     0     0      661.00      462.00        0.00
     0     0      657.67      463.33        0.00
     0     0      654.33      465.33        0.00
     0     0      651.67      467.33        0.00
     0     0      649.00      470.00        0.00
     0     0      646.33      472.67        0.00
     0     0      644.33      475.33        0.00
     0     0      641.67      477.33        0.00
     0     0      639.67      480.00        0.00
     0     0      637.00      482.67        0.00
     0     0      634.33      485.33        0.00
     0     0      631.67      488.00        0.00
     0     0      629.00      490.00        0.00
     0     0      626.33      492.67        0.00
     0     0      624.33      495.33        0.00
     0     0      622.33      498.00        0.00
     0     0      619.67      500.00        0.00
     0     0      617.00      502.67        0.00
     0     0      615.00      505.33        0.00
     0     0      612.33      508.00        0.00
     0     0      609.67      510.00        0.00
     0     0      606.33      511.33        0.00
     0     0      603.67      513.33        0.00
     0     0      601.00      515.33        0.00
     0     0      597.67      516.67        0.00
     0     0      594.33      518.67        0.00
     0     0      590.33      520.00        0.00
     0     0      587.00      521.33        0.00
     0     0      583.67      522.67        0.00
     0     0      580.33      524.00        0.00
     0     0      577.00      526.00        0.00
     0     0      573.67      528.00        0.00
     0     0      571.00      530.00        0.00
     0     0      569.00      532.67        0.00
     0     0      566.33      534.67        0.00
     0     0      563.67      537.33        0.00
     0     0      539.33      553.67        0.00
     0     0      536.67      556.33        0.00
     0     0      534.00      559.00        0.00
     0     0      531.33      561.00        0.00
     0     0      529.33      563.67        0.00
     0     0      526.67      566.33        0.00
     0     0      524.00      569.67        0.00
     0     0      521.33      572.33        0.00
     0     0      518.67      575.67        0.00
     0     0      516.00      577.67        0.00
     0     0      514.00      581.00        0.00
     0     0      512.67      584.33        0.00
     0     0      510.00      586.33        0.00
     0     0      508.67      590.33        0.00
     0     0      506.00      593.67        0.00
     0     0      504.00      597.67        0.00
     0     0      501.33      599.67        0.00
     0     0      498.67      601.67        0.00
     0     0      496.00      604.33        0.00
     0     0      493.33      607.00        0.00
     0     0      490.67      609.00        0.00
     0     0      487.33      611.67        0.00
     0     0      484.67      614.33        0.00
     0     0      482.00      616.33        0.00
     0     0      479.33      619.00        0.00
     0     0      476.67      621.00        0.00
     0     0      473.33      623.00        0.00
     0     0      468.67      625.00        0.00
     0     0      464.67      627.00        0.00
     0     0      461.33      629.67        0.00
     0     0      458.67      631.67        0.00
     0     0      454.67      635.00        0.00
     0     0      451.33      637.67        0.00
     0     0      447.33      640.33        0.00
     0     0      444.00      643.00        0.00
     0     0      440.67      645.00        0.00
     0     0      437.33      647.67        0.00
     0     0      434.00      650.33        0.00
     0     0      430.67      652.33        0.00
     0     0      427.33      653.67        0.00
     0     0      424.00      655.67        0.00
     0     0      421.33      657.67        0.00
     0     0      418.00      661.00        0.00
     0     0      415.33      663.67        0.00
     0     0      412.67      666.33        0.00
     0     0      409.33      669.00        0.00
     0     0      405.33      671.00        0.00
     0     0      402.00      674.33        0.00
     0     0      398.67      676.33        0.00
     0     0      395.33      678.33        0.00
     0     0      391.33      681.67        0.00
     0     0      388.67      684.33        0.00
     0     0      386.67      687.00        0.00
     0     0      384.67      689.67        0.00
     0     0      382.67      693.00        0.00
     0     0      380.67      695.67        0.00
     0     0      378.67      698.33        0.00
     0     0      376.67      701.67        0.00
     0     0      374.67      704.33        0.00
     0     0      372.00      706.33        0.00
     0     0      368.67      708.33        0.00
     0     0      365.33      709.67        0.00
     0     0      362.67      711.67        0.00
     0     0      358.67      714.33        0.00
     0     0      354.67      716.33        0.00
     0     0      352.00      718.33        0.00
     0     0      348.67      719.67        0.00
     0     0      345.33      721.00        0.00
     0     0      341.33      722.33        0.00
     0     0      338.00      723.00        0.00
     0     0      334.00      724.33        0.00
     0     0      330.67      725.00        0.00
     0     0      327.33      726.33        0.00
     0     0      323.33      727.67        0.00
     0     0      320.00      730.33        0.00
     0     0      315.33      732.33        0.00
     0     0      312.67      734.33        0.00
     0     0      309.33      735.67        0.00
     0     0      306.00      737.67        0.00
     0     0      302.00      739.00        0.00
     0     0      298.00      741.00        0.00
     0     0      295.33      743.00        0.00
     0     0      292.67      745.00        0.00
     0     0      289.33      746.33        0.00
     0     0      284.67      748.33        0.00
     0     0      281.33      749.67        0.00
     0     0      278.00      751.00        0.00
     0     0      274.00      753.00        0.00
     0     0      270.67      755.00        0.00
     0     0      266.67      757.00        0.00
     0     0      264.00      760.33        0.00
     0     0      261.33      763.00        0.00
     0     0      258.67      765.67        0.00
     0     0      256.67      768.33        0.00
     0     0      235.33      784.00        0.00
     0     0      233.33      788.67        0.00
     0     0      231.33      791.33        0.00
     0     0      229.33      794.00        0.00
     0     0      227.33      796.67        0.00
     0     0      224.00      799.33        0.00
     0     0      221.33      803.33        0.00
     0     0      218.67      807.33        0.00
     0     0      216.67      810.00        0.00
     0     0      214.67      812.67        0.00
     0     0      212.67      815.33        0.00
     0     0      210.67      819.33        0.00
     0     0      208.67      822.00        0.00
     0     0      206.67      824.67        0.00
     0     0      204.67      827.33        0.00
     0     0      202.67      830.00        0.00
     0     0      199.33      832.00        0.00
     0     0      196.67      834.00        0.00
     0     0      193.33      835.33        0.00
     0     0      190.67      837.33        0.00
     0     0      186.67      838.67        0.00
     0     0      182.67      840.00        0.00
     0     0      179.33      841.33        0.00
     0     0      176.00      842.67        0.00
     0     0      172.00      844.67        0.00
     0     0      168.67      846.67        0.00
     0     0      165.33      848.00        0.00
     0     0      162.00      849.33        0.00
     0     0      158.67      850.67        0.00
     0     0      155.33      852.00        0.00
     0     0      150.67      853.33        0.00
     0     0      146.67      855.33        0.00
     0     0      142.67      857.33        0.00
     0     0      139.33      858.67        0.00
     0     0      136.00      860.00        0.00
     0     0      132.67      862.00        0.00
     0     0      127.33      864.67        0.00
     0     0      123.33      866.00        0.00
     0     0      120.00      867.33        0.00
     0     0      116.00      870.00        0.00
     0     0      112.00      872.00        0.00
     0     0      107.33      874.67        0.00
     0     0      103.33      876.67        0.00
     0     0       98.00      879.33        0.00
     0     0       94.00      882.00        0.00
     0     0       89.33      884.00        0.00
     0     0       84.67      885.33        0.00
     0     0       81.33      887.33        0.00
     0     0       76.67      888.00        0.00
     0     0       71.33      888.67        0.00
     0     0       66.67      889.33        0.00
     0     0       62.00      889.33        0.00
     0     0       58.00      889.33        0.00
     0     0       54.00      888.67        0.00
     0     0       49.33      887.33        0.00
     0     0       46.00      886.67        0.00
     0     0       42.00      884.67        0.00
     0     0       38.00      882.00        0.00
     0     0       35.33      880.00        0.00
     0     0       32.00      877.33        0.00
     0     0       28.67      876.00        0.00
     0     0       26.00      874.00        0.00
     0     0       22.67      871.33        0.00
     0     0       20.00      868.67        0.00
     0     0       17.33      866.67        0.00
     0     0       14.67      864.67        0.00
     0     0       11.33      862.00        0.00
     0     0        9.33      859.33        0.00
     0     0        8.00      856.00        0.00
     0     0        6.00      852.00        0.00
     0     0        5.33      848.67        0.00
     0     0        4.00      844.67        0.00
     0     0        4.00      841.33        0.00
     0     0        4.00      838.00        0.00
     0     0        4.00      834.00        0.00
     0     0        3.33      830.00        0.00
     0     0        3.33      826.67        0.00
     0     0        3.33      822.67        0.00
     0     0        2.67      819.33        0.00
     0     0        2.00      815.33        0.00
     0     0        2.00      811.33        0.00
     0     0        2.00      808.00        0.00
     0     0        1.33      804.00        0.00
     0     0        1.33      800.67        0.00
     0     0        1.33      796.67        0.00
     0     0        1.33      792.67        0.00
     0     0        0.67      789.33        0.00
     0     0        0.67      785.33        0.00
     0     0        0.00      781.33        0.00
     0     0       -0.67      778.00        0.00
     0     0       -1.33      774.67        0.00
     0     0       -2.00      771.33        0.00
     0     0       -2.67      767.33        0.00
     0     0       -3.33      764.00        0.00
     0     0       -4.00      760.67        0.00
     0     0       -4.00      757.33        0.00
     0     0       -4.00      753.33        0.00
     0     0       -3.33      750.00        0.00
     0     0       -2.00      746.67        0.00
     0     0        0.00      743.33        0.00
     0     0        2.00      739.33        0.00
     0     0        4.00      736.67        0.00
     0     0        6.00      733.33        0.00
     0     0        8.00      730.67        0.00
     0     0       10.00      728.00        0.00
     0     0       12.67      725.33        0.00
     0     0       14.67      722.67        0.00
     0     0       16.67      720.00        0.00
     0     0       18.67      716.67        0.00
     0     0       20.67      713.33        0.00
     0     0       22.00      710.00        0.00
     0     0       24.67      706.67        0.00
     0     0       26.67      702.00        0.00
     0     0       28.67      698.67        0.00
     0     0       31.33      694.00        0.00
     0     0       33.33      690.00        0.00
     0     0       36.00      686.67        0.00
     0     0       38.00      683.33        0.00
     0     0       40.00      680.00        0.00
     0     0       42.00      676.67        0.00
     0     0       44.00      673.33        0.00
     0     0       46.00      670.67        0.00
     0     0       49.33      668.00        0.00
     0     0       52.00      665.33        0.00
     0     0       54.67      662.00        0.00
     0     0       58.00      659.33        0.00
     0     0       61.33      656.67        0.00
     0     0       64.67      654.67        0.00
     0     0       68.00      652.00        0.00
     0     0       71.33      650.00        0.00
     0     0       74.00      648.00        0.00
     0     0       83.33      630.67        0.00
     0     0       84.67      627.33        0.00
     0     0       87.33      625.33        0.00
     0     0       90.67      623.33        0.00
     0     0       94.67      620.67        0.00
     0     0       98.67      618.00        0.00
     0     0      102.00      616.00        0.00
     0     0      105.33      614.67        0.00
     0     0      108.67      612.67        0.00
     0     0      112.00      610.67        0.00
     0     0      114.67      608.67        0.00
     0     0      118.00      607.33        0.00
     0     0      120.67      605.33        0.00
     0     0      125.33      603.33        0.00
     0     0      130.00      601.33        0.00
     0     0      134.00      599.33        0.00
     0     0      137.33      597.33        0.00
     0     0      140.67      595.33        0.00
     0     0      143.33      592.67        0.00
     0     0      146.00      590.67        0.00
     0     0      148.67      587.33        0.00
     0     0      151.33      584.67        0.00
     0     0      154.00      582.00        0.00
     0     0      156.67      580.00        0.00
     0     0      158.67      577.33        0.00
     0     0      162.00      575.33        0.00
     0     0      165.33      572.67        0.00
     0     0      168.00      570.67        0.00
     0     0      170.67      568.00        0.00
     0     0      173.33      565.33        0.00
     0     0      176.00      562.67        0.00
     0     0      178.67      560.00        0.00
     0     0      181.33      558.00        0.00
     0     0      184.00      556.00        0.00
     0     0      187.33      553.33        0.00
     0     0      190.00      551.33        0.00
     0     0      194.00      548.67        0.00
     0     0      196.67      546.00        0.00
     0     0      200.00      544.00        0.00
     0     0      202.67      542.00        0.00
     0     0      205.33      538.67        0.00
     0     0      208.00      536.00        0.00
     0     0      211.33      534.00        0.00
     0     0      214.00      532.00        0.00
     0     0      217.33      530.00        0.00
     0     0      221.33      527.33        0.00
     0     0      224.67      526.00        0.00
     0     0      228.67      524.67        0.00
     0     0      231.33      522.67        0.00
     0     0      234.67      521.33        0.00
     0     0      238.67      520.00        0.00
     0     0      242.00      518.00        0.00
     0     0      245.33      516.00        0.00
     0     0      248.67      514.00        0.00
     0     0      251.33      512.00        0.00
     0     0      254.00      510.00        0.00
     0     0      256.67      508.00        0.00
     0     0      260.00      504.67        0.00
     0     0      262.67      502.67        0.00
     0     0      264.67      500.00        0.00
     0     0      268.00      497.33        0.00
     0     0      270.67      495.33        0.00
     0     0      273.33      493.33        0.00
     0     0      276.00      491.33        0.00
     0     0      279.33      489.33        0.00
     0     0      283.33      487.33        0.00
     0     0      287.33      486.00        0.00
     0     0      291.33      484.00        0.00
     0     0      295.33      482.00        0.00
     0     0      300.00      480.00        0.00
     0     0      303.33      477.33        0.00
     0     0      306.00      475.33        0.00
     0     0      308.67      473.33        0.00
     0     0      311.33      471.33        0.00
     0     0      315.33      469.33        0.00
     0     0      318.67      468.00        0.00
     0     0      322.67      466.00        0.00
     0     0      326.00      464.67        0.00
     0     0      329.33      462.67        0.00
     0     0      332.67      461.33        0.00
     0     0      336.00      459.33        0.00
     0     0      339.33      457.33        0.00
     0     0      342.00      455.33        0.00
     0     0      345.33      453.33        0.00
     0     0      348.00      451.33        0.00
     0     0      350.67      449.33        0.00
     0     0      354.00      446.67        0.00
     0     0      357.33      444.67        0.00
     0     0      360.67      442.00        0.00
     0     0      363.33      440.00        0.00
     0     0      366.00      437.33        0.00
     0     0      368.67      435.33        0.00
     0     0      371.33      432.67        0.00
     0     0      374.67      430.67        0.00
     0     0      378.67      428.67        0.00
     0     0      381.33      426.67        0.00
     0     0      383.33      424.00        0.00
     0     0      392.33      405.67        0.00
     0     0      397.00      402.33        0.00
     0     0      399.67      399.67        0.00
     0     0      402.33      395.67        0.00
     0     0      404.33      393.00        0.00
     0     0      407.00      389.67        0.00
     0     0      409.67      386.33        0.00
     0     0      413.00      384.33        0.00
     0     0      415.67      381.67        0.00
     0     0      418.33      379.67        0.00
     0     0      421.00      377.00        0.00
     0     0      424.33      373.67        0.00
     0     0      427.67      371.00        0.00
     0     0      431.00      367.00        0.00
     0     0      433.67      365.00        0.00
     0     0      436.33      362.33        0.00
     0     0      439.67      359.67        0.00
     0     0      442.33      357.00        0.00
     0     0      445.00      355.00        0.00
     0     0      447.67      353.00        0.00
     0     0      451.00      351.00        0.00
     0     0      455.00      349.00        0.00
     0     0      459.00      346.33        0.00
     0     0      462.33      344.33        0.00
     0     0      465.00      341.67        0.00
     0     0      468.33      339.67        0.00
     0     0      473.00      337.00        0.00
     0     0      477.00      334.33        0.00
     0     0      480.33      332.33        0.00
     0     0      483.67      330.33        0.00
     0     0      487.00      327.67        0.00
     0     0      489.67      325.67        0.00
     0     0      492.33      323.67        0.00
     0     0      495.00      321.67        0.00
     0     0      497.67      319.67        0.00
     0     0      502.33      316.33        0.00
     0     0      505.00      313.67        0.00
     0     0      507.67      311.67        0.00
     0     0      510.33      309.67        0.00
     0     0      513.00      307.67        0.00
     0     0      515.67      305.00        0.00
     0     0      519.67      303.00        0.00
     0     0      523.00      300.33        0.00
     0     0      526.33      298.33        0.00
     0     0      531.00      296.33        0.00
     0     0      535.00      294.33        0.00
     0     0      538.33      292.33        0.00
     0     0      543.00      290.33        0.00
     0     0      545.67      288.33        0.00
     0     0      548.33      286.33        0.00
     0     0      551.00      284.33        0.00
     0     0      554.33      282.33        0.00
     0     0      558.33      279.67        0.00
     0     0      561.00      277.67        0.00
     0     0      566.33      274.33        0.00
     0     0      569.00      272.33        0.00
     0     0      571.67      270.33        0.00
     0     0      573.67      267.67        0.00
     0     0      576.33      265.00        0.00
     0     0      579.00      261.00        0.00
     0     0      581.67      257.00        0.00
     0     0      584.33      253.67        0.00
     0     0      587.67      249.67        0.00
     0     0      591.00      245.67        0.00
     0     0      593.00      243.00        0.00
     0     0      595.00      240.33        0.00
     0     0      597.00      237.67        0.00
     0     0      599.00      235.00        0.00
     0     0      601.00      232.33        0.00
     0     0      603.00      228.33        0.00
     0     0      605.67      225.00        0.00
     0     0      608.33      223.00        0.00
     0     0      611.00      221.00        0.00
     0     0      614.33      218.33        0.00
     0     0      617.00      216.33        0.00
     0     0      618.33      211.67        0.00
     0     0      619.00      207.00        0.00
     0     0      619.67      203.00        0.00
     0     0      621.00      199.67        0.00
     0     0      623.00      197.00        0.00
     0     0      625.67      194.33        0.00
     0     0      628.33      191.67        0.00
     0     0      631.67      189.00        0.00
     0     0      635.00      186.33        0.00
     0     0      637.67      183.00        0.00
     0     0      639.67      180.33        0.00
     0     0      642.33      177.67        0.00
     0     0      645.00      175.67        0.00
     0     0      647.67      173.67        0.00
     0     0      651.67      171.67        0.00
     0     0      655.67      170.33        0.00
     0     0      658.33      168.33        0.00
     0     0      661.00      166.33        0.00
     0     0      663.67      164.33        0.00
     0     0      666.33      162.33        0.00
     0     0      670.33      159.00        0.00
     0     0      673.67      157.00        0.00
     0     0      678.33      153.67        0.00
     0     0      681.67      151.00        0.00
     0     0      685.00      149.00        0.00
     0     0      688.33      147.00        0.00
     0     0      691.00      145.00        0.00
     0     0      694.33      143.00        0.00
     0     0      698.33      141.00        0.00
     0     0      701.67      139.00        0.00
     0     0      705.00      137.00        0.00
     0     0      708.33      135.00        0.00
     0     0      711.67      133.67        0.00
     0     0      715.00      132.33        0.00
     0     0      718.33      130.33        0.00
     0     0      721.67      129.00        0.00
     0     0      725.00      128.33        0.00
     0     0      739.33      121.33        0.00
     0     0      744.00      120.67        0.00
     0     0      748.00      119.33        0.00
     0     0      751.33      118.67        0.00
     0     0      754.67      117.33        0.00
     0     0      758.00      116.00        0.00
     0     0      762.00      114.67        0.00
     0     0      765.33      114.00        0.00
     0     0      769.33      112.67        0.00
     0     0      772.00      110.67        0.00
     0     0      775.33      108.67        0.00
     0     0      778.67      106.00        0.00
     0     0      781.33      103.33        0.00
     0     0      784.67      100.67        0.00
     0     0      787.33       98.67        0.00
     0     0      790.67       96.67        0.00
     0     0      793.33       94.67        0.00
     0     0      797.33       92.67        0.00
     0     0      800.00       90.67        0.00
     0     0      803.33       88.67        0.00
     0     0      807.33       86.00        0.00
     0     0      811.33       84.00        0.00
     0     0      814.67       82.67        0.00
     0     0      818.00       81.33        0.00
     0     0      822.00       79.33        0.00
     0     0      826.67       77.33        0.00
     0     0      830.67       76.67        0.00
     0     0      835.33       74.67        0.00
     0     0      838.67       74.00        0.00
     0     0      843.33       72.67        0.00
     0     0      847.33       70.67        0.00
     0     0      850.67       70.00        0.00
     0     0      854.67       68.00        0.00
     0     0      858.00       66.00        0.00
     0     0      863.33       64.00        0.00
     0     0      866.00       62.00        0.00
     0     0      869.33       60.67        0.00
     0     0      874.00       58.00        0.00
     0     0      877.33       56.67        0.00
     0     0      881.33       54.67        0.00
     0     0      885.33       52.67        0.00
     0     0      888.67       50.00        0.00
     0     0      892.00       48.00        0.00
     0     0      895.33       45.33        0.00
     0     0      898.67       42.67        0.00
     0     0      901.33       40.00        0.00
     0     0      904.00       38.00        0.00
     0     0      907.33       35.33        0.00
     0     0      909.33       32.67        0.00
     0     0      912.67       30.00        0.00
     0     0      914.67       27.33        0.00
     0     0      919.33       23.33        0.00
     0     0      922.67       20.67        0.00
     0     0      926.67       16.67        0.00
     0     0      930.67       14.00        0.00
     0     0      934.00       12.00        0.00
     0     0      937.33        9.33        0.00
     0     0      940.00        7.33        0.00
     0     0      942.67        5.33        0.00
     0     0      946.67        2.67        0.00
     0     0      950.67        0.67        0.00
     0     0      954.00       -0.67        0.00
     0     0     1375.00        0.00        0.00
     0     1     1365.33      408.00        0.00
     0     1     1362.67      410.67        0.00
     0     1     1357.33      412.00        0.00
     0     1     1353.33      414.67        0.00
     0     1     1349.33      416.00        0.00
     0     1     1344.00      418.67        0.00
     0     1     1340.00      420.00        0.00
     0     1     1334.67      422.67        0.00
     0     1     1330.67      424.00        0.00
     0     1     1324.00      425.33        0.00
     0     1     1318.67      428.00        0.00
     0     1     1314.67      429.33        0.00
     0     1     1309.33      430.67        0.00
     0     1     1305.33      432.00        0.00
     0     1     1298.67      433.33        0.00
     0     1     1294.67      434.67        0.00
     0     1     1289.33      436.00        0.00
     0     1     1285.33      436.00        0.00
     0     1     1280.00      437.33        0.00
     0     1     1276.00      438.67        0.00
     0     1     1270.67      440.00        0.00
     0     1     1264.00      441.33        0.00
     0     1     1260.00      441.33        0.00
     0     1     1254.67      442.67        0.00
     0     1     1250.67      444.00        0.00
     0     1     1245.33      445.33        0.00
     0     1     1241.33      448.00        0.00
     0     1     1237.33      449.33        0.00
     0     1     1233.33      450.67        0.00
     0     1     1228.00      452.00        0.00
     0     1     1224.00      453.33        0.00
     0     1     1217.33      456.00        0.00
     0     1     1210.67      458.67        0.00
     0     1     1206.67      460.00        0.00
     0     1     1198.67      461.33        0.00
     0     1     1193.33      462.67        0.00
     0     1     1186.67      464.00        0.00
     0     1     1180.00      465.33        0.00
     0     1     1173.33      466.67        0.00
     0     1     1166.67      466.67        0.00
     0     1     1161.33      468.00        0.00
     0     1     1153.33      468.00        0.00
     0     1     1145.33      469.33        0.00
     0     1     1138.67      469.33        0.00
     0     1     1132.00      469.33        0.00
     0     1     1125.33      469.33        0.00
     0     1     1120.00      469.33        0.00
     0     1     1113.33      469.33        0.00
     0     1     1109.33      469.33        0.00
     0     1     1104.00      469.33        0.00
     0     1     1097.33      469.33        0.00
     0     1     1090.67      470.67        0.00
     0     1     1085.33      470.67        0.00
     0     1     1081.33      470.67        0.00
     0     1     1073.33      470.67        0.00
     0     1     1068.00      470.67        0.00
     0     1     1061.33      472.00        0.00
     0     1     1056.00      472.00        0.00
     0     1     1050.67      473.33        0.00
     0     1     1045.33      473.33        0.00
     0     1     1041.33      474.67        0.00
     0     1     1036.00      474.67        0.00
     0     1     1030.67      476.00        0.00
     0     1     1025.33      476.00        0.00
     0     1     1020.00      477.33        0.00
     0     1     1016.00      477.33        0.00
     0     1     1012.00      477.33        0.00
     0     1     1008.00      477.33        0.00
     0     1     1004.00      477.33        0.00
     0     1      998.67      478.67        0.00
     0     1      994.67      478.67        0.00
     0     1      988.00      480.00        0.00
     0     1      982.67      481.33        0.00
     0     1      977.33      481.33        0.00
     0     1      972.00      482.67        0.00
     0     1      965.33      482.67        0.00
     0     1      961.33      484.00        0.00
     0     1      956.00      484.00        0.00
     0     1      950.67      484.00        0.00
     0     1      945.33      485.33        0.00
     0     1      938.67      486.67        0.00
     0     1      933.33      486.67        0.00
     0     1      928.00      488.00        0.00
     0     1      922.67      489.33        0.00
     0     1      917.33      490.67        0.00
     0     1      913.33      492.00        0.00
     0     1      908.00      493.33        0.00
     0     1      904.00      494.67        0.00
     0     1      900.00      496.00        0.00
     0     1      894.67      496.00        0.00
     0     1      892.00      498.67        0.00
     0     1      888.00      500.00        0.00
     0     1      884.00      502.67        0.00
     0     1      880.00      504.00        0.00
     0     1      876.00      506.67        0.00
     0     1      869.33      509.33        0.00
     0     1      864.00      513.33        0.00
     0     1      860.00      516.00        0.00
     0     1      856.00      517.33        0.00
     0     1      853.33      520.00        0.00
     0     1      850.67      522.67        0.00
     0     1      846.67      525.33        0.00
     0     1      844.00      529.33        0.00
     0     1      840.00      532.00        0.00
     0     1      837.33      536.00        0.00
     0     1      834.67      538.67        0.00
     0     1      832.00      544.00        0.00
     0     1      829.33      546.67        0.00
     0     1      826.67      549.33        0.00
     0     1      824.00      553.33        0.00
     0     1      821.33      557.33        0.00
     0     1      818.67      560.00        0.00
     0     1      816.00      562.67        0.00
     0     1      813.33      565.33        0.00
     0     1      809.33      569.33        0.00
     0     1      806.67      572.00        0.00
     0     1      804.00      574.67        0.00
     0     1      800.00      576.00        0.00
     0     1      796.00      580.00        0.00
     0     1      792.00      582.67        0.00
     0     1      788.00      585.33        0.00
     0     1      785.33      588.00        0.00
     0     1      782.67      590.67        0.00
     0     1      780.00      594.67        0.00
     0     1      776.00      600.00        0.00
     0     1      773.33      604.00        0.00
     0     1      772.00      608.00        0.00
     0     1      769.33      610.67        0.00
     0     1      768.00      614.67        0.00
     0     1      764.00      617.33        0.00
     0     1      761.33      621.33        0.00
     0     1      758.67      624.00        0.00
     0     1      757.33      628.00        0.00
     0     1      754.67      630.67        0.00
     0     1      752.00      636.00        0.00
     0     1      750.67      640.00        0.00
     0     1      749.33      644.00        0.00
     0     1      748.00      648.00        0.00
     0     1      748.00      652.00        0.00
     0     1      746.67      656.00        0.00
     0     1      744.00      660.00        0.00
     0     1      742.67      664.00        0.00
     0     1      740.00      668.00        0.00
     0     1      737.33      673.33        0.00
     0     1      734.67      677.33        0.00
     0     1      733.33      681.33        0.00
     0     1      730.67      684.00        0.00
     0     1      726.67      686.67        0.00
     0     1      724.00      689.33        0.00
     0     1      721.33      692.00        0.00
     0     1      718.67      694.67        0.00
     0     1      716.00      697.33        0.00
     0     1      713.33      700.00        0.00
     0     1      709.33      701.33        0.00
     0     1      705.33      702.67        0.00
     0     1      701.33      704.00        0.00
     0     1      696.00      705.33        0.00
     0     1      689.33      705.33        0.00
     0     1      662.67      724.00        0.00
     0     1      649.33      730.67        0.00
     0     1      645.33      732.00        0.00
     0     1      641.33      734.67        0.00
     0     1      636.00      736.00        0.00
     0     1      630.67      737.33        0.00
     0     1      622.67      738.67        0.00
     0     1      618.67      741.33        0.00
     0     1      612.00      742.67        0.00
     0     1      606.67      744.00        0.00
     0     1      602.67      745.33        0.00
     0     1      597.33      746.67        0.00
     0     1      594.67      749.33        0.00
     0     1      589.33      752.00        0.00
     0     1      585.33      753.33        0.00
     0     1      580.00      756.00        0.00
     0     1      572.00      758.67        0.00
     0     1      566.67      761.33        0.00
     0     1      562.67      762.67        0.00
     0     1      558.67      765.33        0.00
     0     1      556.00      768.00        0.00
     0     1      550.67      770.67        0.00
     0     1      546.67      773.33        0.00
     0     1      542.67      774.67        0.00
     0     1      540.00      777.33        0.00
     0     1      534.67      778.67        0.00
     0     1      530.67      781.33        0.00
     0     1      525.33      782.67        0.00
     0     1      520.00      784.00        0.00
     0     1      514.67      785.33        0.00
     0     1      508.00      786.67        0.00
     0     1      501.33      786.67        0.00
     0     1      494.67      786.67        0.00
     0     1      488.00      785.33        0.00
     0     1      481.33      782.67        0.00
     0     1      473.33      778.67        0.00
     0     1      468.00      776.00        0.00
     0     1      462.67      773.33        0.00
     0     1      460.00      768.00        0.00
     0     1      456.00      762.67        0.00
     0     1      452.00      756.00        0.00
     0     1      450.67      750.67        0.00
     0     1      449.33      742.67        0.00
     0     1      449.33      736.00        0.00
     0     1      449.33      729.33        0.00
     0     1      450.67      724.00        0.00
     0     1      453.33      717.33        0.00
     0     1      456.00      712.00        0.00
     0     1      458.67      706.67        0.00
     0     1      462.67      701.33        0.00
     0     1      465.33      697.33        0.00
     0     1      468.00      693.33        0.00
     0     1      472.00      689.33        0.00
     0     1      474.67      685.33        0.00
     0     1      477.33      682.67        0.00
     0     1      481.33      677.33        0.00
     0     1      484.00      673.33        0.00
     0     1      486.67      669.33        0.00
     0     1      490.67      665.33        0.00
     0     1      493.33      661.33        0.00
     0     1      496.00      658.67        0.00
     0     1      500.00      654.67        0.00
     0     1      504.00      650.67        0.00
     0     1      508.00      646.67        0.00
     0     1      512.00      642.67        0.00
     0     1      514.67      640.00        0.00
     0     1      518.67      637.33        0.00
     0     1      522.67      633.33        0.00
     0     1      525.33      630.67        0.00
     0     1      530.67      626.67        0.00
     0     1      533.33      624.00        0.00
     0     1      538.67      618.67        0.00
     0     1      541.33      616.00        0.00
     0     1      545.33      612.00        0.00
     0     1      549.33      609.33        0.00
     0     1      552.00      605.33        0.00
     0     1      554.67      601.33        0.00
     0     1      558.67      597.33        0.00
     0     1      562.67      593.33        0.00
     0     1      566.67      589.33        0.00
     0     1      570.67      585.33        0.00
     0     1      574.67      582.67        0.00
     0     1      578.67      578.67        0.00
     0     1      582.67      574.67        0.00
     0     1      588.00      572.00        0.00
     0     1      590.67      569.33        0.00
     0     1      593.33      566.67        0.00
     0     1      596.00      564.00        0.00
     0     1      600.00      561.33        0.00
     0     1      602.67      556.00        0.00
     0     1      606.67      552.00        0.00
     0     1      609.33      549.33        0.00
     0     1      612.00      545.33        0.00
     0     1      614.67      542.67        0.00
     0     1      617.33      540.00        0.00
     0     1      620.00      536.00        0.00
     0     1      622.67      532.00        0.00
     0     1      626.67      528.00        0.00
     0     1      629.33      524.00        0.00
     0     1      632.00      520.00        0.00
     0     1      634.67      517.33        0.00
     0     1      637.33      513.33        0.00
     0     1      640.00      510.67        0.00
     0     1      644.00      506.67        0.00
     0     1      646.67      504.00        0.00
     0     1      649.33      501.33        0.00
     0     1      653.33      498.67        0.00
     0     1      656.00      496.00        0.00
     0     1      658.67      493.33        0.00
     0     1      661.33      490.67        0.00
     0     1      664.00      488.00        0.00
     0     1      666.67      485.33        0.00
     0     1      670.67      481.33        0.00
     0     1      673.33      478.67        0.00
     0     1      677.33      476.00        0.00
     0     1      682.67      473.33        0.00
     0     1      686.67      470.67        0.00
     0     1      690.67      468.00        0.00
     0     1      694.67      466.67        0.00
     0     1      701.33      462.67        0.00
     0     1      705.33      460.00        0.00
     0     1      710.67      457.33        0.00
     0     1      713.33      454.67        0.00
     0     1      717.33      452.00        0.00
     0     1      721.33      449.33        0.00
     0     1      725.33      446.67        0.00
     0     1      729.33      444.00        0.00
     0     1      733.33      442.67        0.00
     0     1      738.67      438.67        0.00
     0     1      742.67      437.33        0.00
     0     1      746.67      436.00        0.00
     0     1      750.67      434.67        0.00
     0     1      757.33      432.00        0.00
     0     1      762.67      430.67        0.00
     0     1      766.67      429.33        0.00
     0     1      770.67      428.00        0.00
     0     1      774.67      426.67        0.00
     0     1      778.67      425.33        0.00
     0     1      782.67      422.67        0.00
     0     1      786.67      421.33        0.00
     0     1      790.67      420.00        0.00
     0     1      796.00      417.33        0.00
     0     1      800.00      416.00        0.00
     0     1      804.00      416.00        0.00
     0     1      809.33      413.33        0.00
     0     1      813.33      413.33        0.00
     0     1      818.67      410.67        0.00
     0     1      824.00      409.33        0.00
     0     1      828.00      408.00        0.00
     0     1      830.67      405.33        0.00
     0     1      862.67      394.67        0.00
     0     1      864.00      390.67        0.00
     0     1      869.33      388.00        0.00
     0     1      872.00      385.33        0.00
     0     1      874.67      382.67        0.00
     0     1      880.00      380.00        0.00
     0     1      884.00      376.00        0.00
     0     1      888.00      372.00        0.00
     0     1      892.00      369.33        0.00
     0     1      894.67      366.67        0.00
     0     1      898.67      364.00        0.00
     0     1      906.67      360.00        0.00
     0     1      910.67      357.33        0.00
     0     1      916.00      354.67        0.00
     0     1      920.00      353.33        0.00
     0     1      925.33      350.67        0.00
     0     1      930.67      348.00        0.00
     0     1      934.67      345.33        0.00
     0     1      940.00      344.00        0.00
     0     1      944.00      342.67        0.00
     0     1      948.00      341.33        0.00
     0     1      952.00      340.00        0.00
     0     1      957.33      340.00        0.00
     0     1      961.33      338.67        0.00
     0     1      965.33      337.33        0.00
     0     1      969.33      336.00        0.00
     0     1      974.67      334.67        0.00
     0     1      978.67      332.00        0.00
     0     1      982.67      330.67        0.00
     0     1      985.33      328.00        0.00
     0     1      990.67      325.33        0.00
     0     1      996.00      324.00        0.00
     0     1      998.67      321.33        0.00
     0     1     1004.00      318.67        0.00
     0     1     1008.00      316.00        0.00
     0     1     1013.33      313.33        0.00
     0     1     1017.33      312.00        0.00
     0     1     1022.67      309.33        0.00
     0     1     1026.67      308.00        0.00
     0     1     1037.33      305.33        0.00
     0     1     1045.33      304.00        0.00
     0     1     1050.67      302.67        0.00
     0     1     1056.00      301.33        0.00
     0     1     1065.33      298.67        0.00
     0     1     1070.67      298.67        0.00
     0     1     1078.67      297.33        0.00
     0     1     1085.33      294.67        0.00
     0     1     1090.67      293.33        0.00
     0     1     1102.67      290.67        0.00
     0     1     1106.67      289.33        0.00
     0     1     1110.67      288.00        0.00
     0     1     1116.00      286.67        0.00
     0     1     1118.67      284.00        0.00
     0     1     1124.00      281.33        0.00
     0     1     1130.67      277.33        0.00
     0     1     1133.33      274.67        0.00
     0     1     1137.33      273.33        0.00
     0     1     1140.00      270.67        0.00
     0     1     1144.00      268.00        0.00
     0     1     1148.00      266.67        0.00
     0     1     1152.00      264.00        0.00
     0     1     1158.67      260.00        0.00
     0     1     1162.67      257.33        0.00
     0     1     1166.67      256.00        0.00
     0     1     1170.67      253.33        0.00
     0     1     1177.33      250.67        0.00
     0     1     1185.33      248.00        0.00
     0     1     1188.00      245.33        0.00
     0     1     1192.00      242.67        0.00
     0     1     1196.00      240.00        0.00
     0     1     1201.33      237.33        0.00
     0     1     1209.33      232.00        0.00
     0     1     1216.00      228.00        0.00
     0     1     1220.00      225.33        0.00
     0     1     1226.67      220.00        0.00
     0     1     1234.67      216.00        0.00
     0     1     1242.67      210.67        0.00
     0     1     1249.33      206.67        0.00
     0     1     1260.00      201.33        0.00
     0     1     1269.33      197.33        0.00
     0     1     1273.33      196.00        0.00
     0     1     1278.67      194.67        0.00
     0     1     1284.00      193.33        0.00
     0     1     1292.00      192.00        0.00
     0     1     1298.67      190.67        0.00
     0     1     1308.00      188.00        0.00
     0     1     1313.33      186.67        0.00
     0     1     1321.33      182.67        0.00
     0     1     1326.67      181.33        0.00
     0     1     1333.33      177.33        0.00
     0     1     1337.33      174.67        0.00
     0     1     1344.00      170.67        0.00
     0     1     1348.00      166.67        0.00
     0     1     1350.67      164.00        0.00
     0     1     1356.00      161.33        0.00
     0     1     1360.00      160.00        0.00
     0     1     1362.67      157.33        0.00
     0     1     1366.67      156.00        0.00
     0     1     1369.33      153.33        0.00
     1     0      837.00      391.67        0.00
     1     0      834.33      394.33        0.00
     1     0      831.00      394.33        0.00
     1     0      828.33      391.67        0.00
     1     0      825.67      389.67        0.00
     1     0      825.00      386.33        0.00
     1     0      825.00      383.00        0.00
     1     0      827.67      379.67        0.00
     1     0      829.67      376.33        0.00
     1     0      832.33      374.33        0.00
     1     0      834.33      371.67        0.00
     1     0      837.67      369.67        0.00
     1     0      840.33      367.67        0.00
     1     0      843.67      365.67        0.00
     1     0      847.67      365.00        0.00
     1     0      851.00      364.33        0.00
     1     0      854.33      364.33        0.00
     1     0      857.67      365.00        0.00
     1     0      861.00      365.67        0.00
     1     0      863.67      367.67        0.00
     1     0      863.00      371.00        0.00
     1     0      860.33      373.00        0.00
     1     0      857.67      375.67        0.00
     1     0      854.33      377.00        0.00
     1     0      851.67      379.00        0.00
     1     0      849.00      381.00        0.00
     1     0      846.33      383.00        0.00
     1     0      843.00      384.33        0.00
     1     1      887.00      367.67        0.00
     1     1      883.00      369.00        0.00
     1     1      879.67      369.00        0.00
     1     1      877.00      367.00        0.00
     1     1      875.67      363.67        0.00
     1     1      875.67      360.33        0.00
     1     1      876.33      357.00        0.00
     1     1      877.67      353.67        0.00
     1     1      880.33      351.00        0.00
     1     1      883.00      349.00        0.00
     1     1      885.67      347.00        0.00
     1     1      888.33      345.00        0.00
     1     1      891.67      342.33        0.00
     1     1      894.33      340.33        0.00
     1     1      897.67      337.00        0.00
     1     1      901.00      334.33        0.00
     1     1      903.67      332.33        0.00
     1     1      907.00      331.00        0.00
     1     1      911.00      329.00        0.00
     1     1      914.33      327.67        0.00
     1     1      917.67      327.67        0.00
     1     1      918.33      331.00        0.00
     1     1      918.33      334.33        0.00
     1     1      917.00      337.67        0.00
     1     1      915.67      341.00        0.00
     1     1      913.67      344.33        0.00
     1     1      912.33      347.67        0.00
     1     1      910.33      351.00        0.00
     1     1      908.33      354.33        0.00
     1     1      906.33      357.00        0.00
     1     1      903.67      359.67        0.00
     1     1      900.33      361.00        0.00
     1     1      897.00      361.67        0.00
     1     2      813.67      398.33        0.00
     1     2      811.00      400.33        0.00
     1     2      807.67      401.00        0.00
     1     2      804.33      401.67        0.00
     1     2      801.00      401.67        0.00
     1     2      797.67      402.33        0.00
     1     2      794.33      402.33        0.00
     1     2      792.33      399.67        0.00
     1     2      791.00      396.33        0.00
     1     2      791.00      393.00        0.00
     1     2      792.33      389.67        0.00
     1     2      795.67      387.00        0.00
     1     2      799.00      385.00        0.00
     1     2      802.33      384.33        0.00
     1     2      805.67      383.67        0.00
     1     2      809.00      383.67        0.00
     1     2      812.33      383.67        0.00
     1     2      814.33      386.33        0.00
     1     2      816.33      389.00        0.00
     1     2      817.67      392.33        0.00
     1     3      769.67      424.33        0.00
     1     3      767.00      427.67        0.00
     1     3      763.67      429.00        0.00
     1     3      759.67      429.67        0.00
     1     3      756.33      429.67        0.00
     1     3      753.00      429.00        0.00
     1     3      750.33      426.33        0.00
     1     3      748.33      423.67        0.00
     1     3      747.67      419.67        0.00
     1     3      747.67      416.33        0.00
     1     3      748.33      413.00        0.00
     1     3      750.33      409.67        0.00
     1     3      752.33      407.00        0.00
     1     3      755.00      404.33        0.00
     1     3      759.00      402.33        0.00
     1     3      763.00      400.33        0.00
     1     3      767.00      399.67        0.00
     1     3      770.33      399.67        0.00
     1     3      773.67      399.67        0.00
     1     3      776.33      401.67        0.00
     1     3      777.67      405.00        0.00
     1     3      778.33      408.33        0.00
     1     3      778.33      411.67        0.00
     1     3      778.33      415.67        0.00
     1     4      713.00      453.00        0.00
     1     4      708.33      455.00        0.00
     1     4      705.00      455.00        0.00
     1     4      701.67      455.00        0.00
     1     4      699.00      453.00        0.00
     1     4      698.33      449.67        0.00
     1     4      698.33      446.33        0.00
     1     4      700.33      443.67        0.00
     1     4      703.00      441.00        0.00
     1     4      705.67      439.00        0.00
     1     4      709.00      437.00        0.00
     1     4      712.33      435.67        0.00
     1     4      715.67      435.00        0.00
     1     4      719.00      435.67        0.00
     1     4      722.33      437.00        0.00
     1     4      724.33      439.67        0.00
     1     4      725.67      443.00        0.00
     1     4      725.67      446.33        0.00
     1     4      723.67      449.00        0.00
     1     5      403.33      714.67        0.00
     1     5      400.00      714.00        0.00
     1     5      397.33      712.00        0.00
     1     5      394.00      710.67        0.00
     1     5      390.67      709.33        0.00
     1     5      387.33      708.67        0.00
     1     5      384.00      708.00        0.00
     1     5      382.67      704.67        0.00
     1     5      382.00      701.33        0.00
     1     5      382.67      698.00        0.00
     1     5      383.33      694.67        0.00
     1     5      386.00      692.00        0.00
     1     5      389.33      691.33        0.00
     1     5      393.33      692.00        0.00
     1     5      396.67      693.33        0.00
     1     5      400.00      695.33        0.00
     1     5      402.00      698.00        0.00
     1     5      404.00      700.67        0.00
     1     5      406.00      703.33        0.00
     1     5      406.67      706.67        0.00
     1     5      407.33      710.00        0.00
     1     6      336.67      755.33        0.00
     1     6      333.33      755.33        0.00
     1     6      330.00      754.67        0.00
     1     6      326.67      754.67        0.00
     1     6      324.00      752.67        0.00
     1     6      322.00      750.00        0.00
     1     6      320.67      746.67        0.00
     1     6      320.00      743.33        0.00
     1     6      320.00      740.00        0.00
     1     6      321.33      736.67        0.00
     1     6      324.00      734.00        0.00
     1     6      327.33      732.67        0.00
     1     6      331.33      732.00        0.00
     1     6      335.33      731.33        0.00
     1     6      338.67      731.33        0.00
     1     6      342.00      731.33        0.00
     1     6      345.33      732.00        0.00
     1     6      348.67      733.33        0.00
     1     6      351.33      735.33        0.00
     1     6      353.33      738.00        0.00
     1     6      353.33      741.33        0.00
     1     6      353.33      744.67        0.00
     1     6      353.33      748.00        0.00
     1     6      351.33      750.67        0.00
     1     6      349.33      753.33        0.00
     1     6      346.67      755.33        0.00
     1     7      302.00      774.67        0.00
     1     7      297.33      775.33        0.00
     1     7      294.00      775.33        0.00
     1     7      290.67      774.67        0.00
     1     7      286.67      773.33        0.00
     1     7      284.00      770.67        0.00
     1     7      282.67      766.67        0.00
     1     7      282.67      763.33        0.00
     1     7      284.67      760.00        0.00
     1     7      286.67      756.67        0.00
     1     7      290.00      755.33        0.00
     1     7      292.67      753.33        0.00
     1     7      296.00      752.67        0.00
     1     7      299.33      752.00        0.00
     1     7      302.67      752.00        0.00
     1     7      306.00      752.00        0.00
     1     7      310.00      753.33        0.00
     1     7      312.67      755.33        0.00
     1     7      315.33      757.33        0.00
     1     7      317.33      760.00        0.00
     1     7      318.67      763.33        0.00
     1     7      318.67      766.67        0.00
     1     7      318.00      770.00        0.00
     1     7      316.00      773.33        0.00
     1     7      312.67      774.67        0.00
     1     8      256.00      810.00        0.00
     1     8      252.67      809.33        0.00
     1     8      250.00      806.67        0.00
     1     8      247.33      804.00        0.00
     1     8      245.33      801.33        0.00
     1     8      244.00      798.00        0.00
     1     8      244.67      794.67        0.00
     1     8      246.67      792.00        0.00
     1     8      248.67      789.33        0.00
     1     8      252.00      787.33        0.00
     1     8      255.33      787.33        0.00
     1     8      259.33      787.33        0.00
     1     8      262.67      788.00        0.00
     1     8      266.00      790.00        0.00
     1     8      268.67      792.00        0.00
     1     8      270.00      795.33        0.00
     1     8      270.00      798.67        0.00
     1     8      270.00      802.00        0.00
     1     8      269.33      805.33        0.00
     1     8      267.33      808.00        0.00
     1     8      264.67      810.67        0.00
