     0     0      477.87      153.24        0.00
     0     0      473.77      151.53        0.00
     0     0      469.33      150.67        0.00
     0     0      465.33      149.33        0.00
     0     0      461.33      146.67        0.00
     0     0      457.33      145.33        0.00
     0     0      453.33      145.33        0.00
     0     0      449.33      144.00        0.00
     0     0      445.33      142.67        0.00
     0     0      441.33      142.67        0.00
     0     0      437.33      142.67        0.00
     0     0      433.33      144.00        0.00
     0     0      429.33      145.33        0.00
     0     0      425.33      145.33        0.00
     0     0      421.33      146.67        0.00
     0     0      417.33      146.67        0.00
     0     0      413.33      146.67        0.00
     0     0      409.33      146.67        0.00
     0     0      405.33      145.33        0.00
     0     0      400.00      144.00        0.00
     0     0      396.00      142.67        0.00
     0     0      392.00      141.33        0.00
     0     0      388.00      141.33        0.00
     0     0      384.00      141.33        0.00
     0     0      380.00      142.67        0.00
     0     0      376.00      145.33        0.00
     0     0      372.00      146.67        0.00
     0     0      368.00      149.33        0.00
     0     0      361.33      152.00        0.00
     0     0      357.33      152.00        0.00
     0     0      353.33      153.33        0.00
     0     0      349.33      153.33        0.00
     0     0      344.00      154.67        0.00
     0     0      340.00      154.67        0.00
     0     0      336.00      156.00        0.00
     0     0      332.00      157.33        0.00
     0     0      328.00      158.67        0.00
     0     0      325.33      161.33        0.00
     0     0      321.33      162.67        0.00
     0     0      318.67      165.33        0.00
     0     0      314.67      166.67        0.00
     0     0      310.67      169.33        0.00
     0     0      306.67      170.67        0.00
     0     0      304.00      173.33        0.00
     0     0      300.00      173.33        0.00
     0     0      296.00      176.00        0.00
     0     0      292.00      177.33        0.00
     0     0      289.33      180.00        0.00
     0     0      286.67      182.67        0.00
     0     0      284.00      185.33        0.00
     0     0      280.00      186.67        0.00
     0     0      277.33      189.33        0.00
     0     0      273.33      192.00        0.00
     0     0      269.33      193.33        0.00
     0     0      266.67      197.33        0.00
     0     0      264.00      200.00        0.00
     0     0      262.67      204.00        0.00
     0     0      260.00      208.00        0.00
     0     0      257.33      210.67        0.00
     0     0      254.67      214.67        0.00
     0     0      252.00      218.67        0.00
     0     0      250.67      222.67        0.00
     0     0      250.67      228.00        0.00
     0     0      250.67      233.33        0.00
     0     0      250.67      240.00        0.00
     0     0      249.33      244.00        0.00
     0     0      249.33      248.00        0.00
     0     0      249.33      252.00        0.00
     0     0      249.33      257.33        0.00
     0     0      249.33      261.33        0.00
     0     0      250.67      265.33        0.00
     0     0      252.00      269.33        0.00
     0     0      253.33      273.33        0.00
     0     0      254.67      277.33        0.00
     0     0      256.00      281.33        0.00
     0     0      257.33      285.33        0.00
     0     0      260.00      288.00        0.00
     0     0      262.67      290.67        0.00
     0     0      266.67      293.33        0.00
     0     0      269.33      296.00        0.00
     0     0      273.33      298.67        0.00
     0     0      276.00      302.67        0.00
     0     0      278.67      305.33        0.00
     0     0      281.33      308.00        0.00
     0     0      285.33      309.33        0.00
     0     0      288.00      312.00        0.00
     0     0      292.00      313.33        0.00
     0     0      294.67      317.33        0.00
     0     0      297.33      320.00        0.00
     0     0      300.00      322.67        0.00
     0     0      304.00      325.33        0.00
     0     0      306.67      328.00        0.00
     0     0      310.67      330.67        0.00
     0     0      314.67      332.00        0.00
     0     0      318.67      334.67        0.00
     0     0      322.67      336.00        0.00
     0     0      326.67      337.33        0.00
     0     0      330.67      338.67        0.00
     0     0      334.67      338.67        0.00
     0     0      338.67      341.33        0.00
     0     0      342.67      341.33        0.00
     0     0      345.33      344.00        0.00
     0     0      349.33      345.33        0.00
     0     0      352.00      348.00        0.00
     0     0      356.00      349.33        0.00
     0     0      358.67      352.00        0.00
     0     0      364.00      354.67        0.00
     0     0      366.67      357.33        0.00
     0     0      370.67      358.67        0.00
     0     0      374.67      361.33        0.00
     0     0      380.00      364.00        0.00
     0     0      382.67      366.67        0.00
     0     0      385.33      369.33        0.00
     0     0      388.00      372.00        0.00
     0     0      390.67      376.00        0.00
     0     0      393.33      378.67        0.00
     0     0      397.33      381.33        0.00
     0     0      400.00      384.00        0.00
     0     0      404.00      385.33        0.00
     0     0      406.67      388.00        0.00
     0     0      410.67      390.67        0.00
     0     0      413.33      393.33        0.00
     0     0      417.33      396.00        0.00
     0     0      420.00      398.67        0.00
     0     0      422.67      401.33        0.00
     0     0      425.33      404.00        0.00
     0     0      428.00      406.67        0.00
     0     0      430.67      410.67        0.00
     0     0      432.00      414.67        0.00
     0     0      432.00      418.67        0.00
     0     0      433.33      422.67        0.00
     0     0      434.67      426.67        0.00
     0     0      434.67      430.67        0.00
     0     0      436.00      436.00        0.00
     0     0      437.33      440.00        0.00
     0     0      438.67      444.00        0.00
     0     0      440.00      448.00        0.00
     0     0      441.33      452.00        0.00
     0     0      441.33      456.00        0.00
     0     0      442.67      460.00        0.00
     0     0      442.67      465.33        0.00
     0     0      444.00      469.33        0.00
     0     0      444.00      473.33        0.00
     0     0      444.00      477.33        0.00
     0     0      445.33      481.33        0.00
     0     0      445.33      485.33        0.00
     0     0      445.33      489.33        0.00
     0     0      441.33      492.00        0.00
     0     0      437.33      493.33        0.00
     0     0      433.33      493.33        0.00
     0     0      429.33      493.33        0.00
     0     0      425.33      493.33        0.00
     0     0      421.33      494.67        0.00
     0     0      417.33      496.00        0.00
     0     0      414.67      498.67        0.00
     0     0      410.67      501.33        0.00
     0     0      406.67      502.67        0.00
     0     0      402.67      505.33        0.00
     0     0      381.33      516.00        0.00
     0     0      377.33      516.00        0.00
     0     0      373.33      516.00        0.00
     0     0      369.33      516.00        0.00
     0     0      365.33      516.00        0.00
     0     0      360.00      514.67        0.00
     0     0      356.00      513.33        0.00
     0     0      350.67      513.33        0.00
     0     0      344.00      512.00        0.00
     0     0      340.00      512.00        0.00
     0     0      334.67      510.67        0.00
     0     0      329.33      510.67        0.00
     0     0      324.00      509.33        0.00
     0     0      320.00      509.33        0.00
     0     0      316.00      509.33        0.00
     0     0      308.00      508.00        0.00
     0     0      304.00      508.00        0.00
     0     0      297.33      506.67        0.00
     0     0      292.00      505.33        0.00
     0     0      286.67      504.00        0.00
     0     0      281.33      502.67        0.00
     0     0      277.33      501.33        0.00
     0     0      273.33      498.67        0.00
     0     0      268.00      497.33        0.00
     0     0      264.00      494.67        0.00
     0     0      258.67      492.00        0.00
     0     0      254.67      490.67        0.00
     0     0      252.00      488.00        0.00
     0     0      246.67      486.67        0.00
     0     0      244.00      484.00        0.00
     0     0      238.67      482.67        0.00
     0     0      234.67      480.00        0.00
     0     0      230.67      477.33        0.00
     0     0      226.67      476.00        0.00
     0     0      222.67      473.33        0.00
     0     0      218.67      472.00        0.00
     0     0      214.67      469.33        0.00
     0     0      212.00      466.67        0.00
     0     0      208.00      465.33        0.00
     0     0      204.00      462.67        0.00
     0     0      201.33      460.00        0.00
     0     0      196.00      456.00        0.00
     0     0      193.33      453.33        0.00
     0     0      189.33      452.00        0.00
     0     0      186.67      449.33        0.00
     0     0      184.00      445.33        0.00
     0     0      178.67      441.33        0.00
     0     0      176.00      437.33        0.00
     0     0      174.67      433.33        0.00
     0     0      172.00      429.33        0.00
     0     0      172.00      425.33        0.00
     0     0      168.00      421.33        0.00
     0     0      165.33      417.33        0.00
     0     0      162.67      413.33        0.00
     0     0      160.00      409.33        0.00
     0     0      157.33      405.33        0.00
     0     0      153.33      400.00        0.00
     0     0      150.67      397.33        0.00
     0     0      148.00      392.00        0.00
     0     0      145.33      386.67        0.00
     0     0      142.67      384.00        0.00
     0     0      138.67      378.67        0.00
     0     0      134.67      372.00        0.00
     0     0      132.00      369.33        0.00
     0     0      129.33      364.00        0.00
     0     0      126.67      358.67        0.00
     0     0      124.00      353.33        0.00
     0     0      120.00      349.33        0.00
     0     0      118.67      345.33        0.00
     0     0      117.33      341.33        0.00
     0     0      114.67      337.33        0.00
     0     0      112.00      333.33        0.00
     0     0      109.33      329.33        0.00
     0     0      106.67      324.00        0.00
     0     0      104.00      320.00        0.00
     0     0      101.33      316.00        0.00
     0     0       98.67      312.00        0.00
     0     0       98.67      308.00        0.00
     0     0       97.33      304.00        0.00
     0     0       97.33      300.00        0.00
     0     0       94.67      294.67        0.00
     0     0       92.00      290.67        0.00
     0     0       89.33      286.67        0.00
     0     0       86.67      284.00        0.00
     0     0       82.67      280.00        0.00
     0     0       80.00      276.00        0.00
     0     0       77.33      273.33        0.00
     0     0       74.67      269.33        0.00
     0     0       72.00      265.33        0.00
     0     0       70.67      261.33        0.00
     0     0       69.33      257.33        0.00
     0     0       66.67      254.67        0.00
     0     0       64.00      249.33        0.00
     0     0       62.67      245.33        0.00
     0     0       60.00      242.67        0.00
     0     0       58.67      238.67        0.00
     0     0       56.00      234.67        0.00
     0     0       54.67      230.67        0.00
     0     0       52.00      228.00        0.00
     0     0       49.33      224.00        0.00
     0     0       48.00      220.00        0.00
     0     0       45.33      217.33        0.00
     0     0       42.67      214.67        0.00
     0     0       40.00      212.00        0.00
     0     0       37.33      208.00        0.00
     0     0       34.67      205.33        0.00
     0     0       32.00      201.33        0.00
     0     0       30.67      197.33        0.00
     0     0       28.00      192.00        0.00
     0     0       26.67      188.00        0.00
     0     0       26.67      184.00        0.00
     0     0       26.67      180.00        0.00
     0     0       26.67      176.00        0.00
     0     0       28.00      172.00        0.00
     0     0       28.00      168.00        0.00
     0     0       29.33      164.00        0.00
     0     0       29.33      160.00        0.00
     0     0       30.67      156.00        0.00
     0     0       32.00      152.00        0.00
     0     0       33.33      146.67        0.00
     0     0       34.67      142.67        0.00
     0     0       37.33      138.67        0.00
     0     0       40.00      133.33        0.00
     0     0       41.33      129.33        0.00
     0     0       44.00      125.33        0.00
     0     0       46.67      121.33        0.00
     0     0       49.33      118.67        0.00
     0     0       52.00      116.00        0.00
     0     0       54.67      112.00        0.00
     0     0       57.33      109.33        0.00
     0     0       60.00      105.33        0.00
     0     0       62.67      102.67        0.00
     0     0       65.33       98.67        0.00
     0     0       69.33       97.33        0.00
     0     0       73.33       94.67        0.00
     0     0       77.33       92.00        0.00
     0     0       81.33       90.67        0.00
     0     0       85.33       88.00        0.00
     0     0       90.67       85.33        0.00
     0     0       94.67       82.67        0.00
     0     0       98.67       81.33        0.00
     0     0      102.67       80.00        0.00
     0     0      106.67       77.33        0.00
     0     0      112.00       76.00        0.00
     0     0      116.00       74.67        0.00
     0     0      121.33       73.33        0.00
     0     0      125.33       72.00        0.00
     0     0      129.33       70.67        0.00
     0     0      133.33       68.00        0.00
     0     0      136.00       65.33        0.00
     0     0      138.67       62.67        0.00
     0     0      141.33       60.00        0.00
     0     0      145.33       58.67        0.00
     0     0      148.00       56.00        0.00
     0     0      152.00       54.67        0.00
     0     0      156.00       52.00        0.00
     0     0      160.00       49.33        0.00
     0     0      162.67       46.67        0.00
     0     0      165.33       44.00        0.00
     0     0      168.00       40.00        0.00
     0     0      170.67       37.33        0.00
     0     0      173.33       33.33        0.00
     0     0      176.00       30.67        0.00
     0     0      178.67       28.00        0.00
     0     0      181.33       25.33        0.00
     0     0      184.00       21.33        0.00
     0     0      188.00       17.33        0.00
     0     0      190.67       14.67        0.00
     0     0      193.33       10.67        0.00
     0     0      196.00        8.00        0.00
     0     0      198.67        4.00        0.00
     0     0      201.33        1.33        0.00
     0     0      201.33       -2.67        0.00
     0     0      253.33       -5.33        0.00
     0     0      260.00       -4.00        0.00
     0     0      264.00       -2.67        0.00
     0     0      268.00       -2.67        0.00
     0     0      272.00       -1.33        0.00
     0     0      276.00        0.00        0.00
     0     0      280.00        1.33        0.00
     0     0      284.00        2.67        0.00
     0     0      288.00        4.00        0.00
     0     0      292.00        5.33        0.00
     0     0      296.00        6.67        0.00
     0     0      300.00        6.67        0.00
     0     0      304.00        8.00        0.00
     0     0      308.00        8.00        0.00
     0     0      312.00        8.00        0.00
     0     0      316.00        9.33        0.00
     0     0      320.00       10.67        0.00
     0     0      325.33       13.33        0.00
     0     0      330.67       14.67        0.00
     0     0      334.67       16.00        0.00
     0     0      340.00       18.67        0.00
     0     0      349.33       21.33        0.00
     0     0      353.33       24.00        0.00
     0     0      357.33       25.33        0.00
     0     0      361.33       28.00        0.00
     0     0      366.67       29.33        0.00
     0     0      370.67       32.00        0.00
     0     0      374.67       33.33        0.00
     0     0      381.33       34.67        0.00
     0     0      384.00       37.33        0.00
     0     0      388.00       37.33        0.00
     0     0      392.00       40.00        0.00
     0     0      396.00       41.33        0.00
     0     0      398.67       44.00        0.00
     0     0      402.67       45.33        0.00
     0     0      406.67       48.00        0.00
     0     0      410.67       50.67        0.00
     0     0      414.67       52.00        0.00
     0     0      418.67       52.00        0.00
     0     0      421.33       54.67        0.00
     0     0      425.33       56.00        0.00
     0     0      428.00       58.67        0.00
     0     0      431.33       59.33        0.00
     0     0      434.67       60.00        0.00
     0     0      438.67       62.67        0.00
     0     0      442.67       64.00        0.00
     0     0      448.00       66.67        0.00
     0     0      452.00       68.00        0.00
     0     0      456.12       69.90        0.00
     0     0      460.24       71.81        0.00
     0     0      463.70       73.54        0.00
     0     0      467.29       75.68        0.00
     0     0      470.88       77.82        0.00
     0     0      474.29       80.16        0.00
     0     0      477.81       82.87        0.00
     0     0      480.55       84.39        0.00
     0     0      484.14       86.13        0.00
     0     0      487.73       87.88        0.00
     0     0      491.40       89.59        0.00
     0     0      495.33       91.48        0.00
     0     0      498.95       93.67        0.00
     0     0      502.21       95.90        0.00
     0     0      505.47       97.98        0.00
     0     0      508.72      100.07        0.00
     0     0      512.02      102.43        0.00
     0     0      515.47      104.85        0.00
     0     0      519.07      106.65        0.00
     0     0      522.61      108.48        0.00
     0     0      526.13      110.07        0.00
     0     0      529.55      111.80        0.00
     0     0      533.23      113.22        0.00
     0     0      537.03      114.34        0.00
     0     0      540.83      115.46        0.00
     0     0      544.28      116.62        0.00
     0     0      548.08      117.39        0.00
     0     0      551.89      118.16        0.00
     0     0      558.15      118.85        0.00
     0     0      561.61      119.47        0.00
     0     0      567.45      120.24        0.00
     0     0      571.85      121.40        0.00
     0     0      576.24      122.55        0.00
     0     0      580.00      123.39        0.00
     0     0      583.76      124.23        0.00
     0     0      587.83      124.02        0.00
     0     0      591.89      123.80        0.00
     0     0      596.04      123.47        0.00
     0     0      600.08      123.04        0.00
     0     0      604.12      123.52        0.00
     0     0      608.49      126.89        0.00
     0     0      613.48      127.71        0.00
     0     0      618.16      128.07        0.00
     0     0      622.51      128.38        0.00
     0     0      626.86      128.68        0.00
     0     0      630.69      129.26        0.00
     0     0      634.52      129.83        0.00
     0     0      638.60      129.85        0.00
     0     0      643.17      129.93        0.00
     0     0      646.61      130.10        0.00
     0     0      650.09      130.42        0.00
     0     0      653.78      130.90        0.00
     0     0      657.73      131.61        0.00
     0     0      662.27      133.01        0.00
     0     0      667.73      136.27        0.00
     0     0      671.04      138.61        0.00
     0     0      674.35      140.96        0.00
     0     0      677.65      143.76        0.00
     0     0      681.05      146.90        0.00
     0     0      684.73      148.17        0.00
     0     0      688.40      149.43        0.00
     0     0      691.59      151.86        0.00
     0     0      694.67      156.00        0.00
     0     0      697.33      161.33        0.00
     0     0      701.33      165.33        0.00
     0     0      704.00      170.67        0.00
     0     0      706.67      173.33        0.00
     0     0      709.33      178.67        0.00
     0     0      713.33      182.67        0.00
     0     0      716.00      186.67        0.00
     0     0      721.33      190.67        0.00
     0     0      724.00      193.33        0.00
     0     0      728.00      198.67        0.00
     0     0      730.67      201.33        0.00
     0     0      734.67      205.33        0.00
     0     0      740.00      208.00        0.00
     0     0      742.67      210.67        0.00
     0     0      745.33      214.67        0.00
     0     0      749.33      216.00        0.00
     0     0      752.00      218.67        0.00
     0     0      756.00      221.33        0.00
     0     0      760.00      224.00        0.00
     0     0      764.00      226.67        0.00
     0     0      768.00      229.33        0.00
     0     0      770.67      232.00        0.00
     0     0      774.67      234.67        0.00
     0     0      777.33      237.33        0.00
     0     0      781.33      240.00        0.00
     0     0      785.33      242.67        0.00
     0     0      788.00      245.33        0.00
     0     0      792.00      248.00        0.00
     0     0      796.00      249.33        0.00
     0     0      801.33      253.33        0.00
     0     0      804.00      256.00        0.00
     0     0      808.00      258.67        0.00
     0     0      812.00      261.33        0.00
     0     0      814.67      264.00        0.00
     0     0      817.33      266.67        0.00
     0     0      821.33      270.67        0.00
     0     0      825.33      273.33        0.00
     0     0      829.33      276.00        0.00
     0     0      832.00      278.67        0.00
     0     0      837.33      282.67        0.00
     0     0      840.00      285.33        0.00
     0     0      842.67      288.00        0.00
     0     0      845.33      290.67        0.00
     0     0      850.67      294.67        0.00
     0     0      854.67      297.33        0.00
     0     0      857.33      300.00        0.00
     0     0      861.33      304.00        0.00
     0     0      865.33      305.33        0.00
     0     0      868.00      308.00        0.00
     0     0      872.00      310.67        0.00
     0     0      876.00      312.00        0.00
     0     0      880.00      314.67        0.00
     0     0      882.67      317.33        0.00
     0     0      886.67      320.00        0.00
     0     0      890.67      322.67        0.00
     0     0      894.67      326.67        0.00
     0     0      898.67      329.33        0.00
     0     0      901.33      333.33        0.00
     0     0      905.33      336.00        0.00
     0     0      908.00      338.67        0.00
     0     0      910.67      341.33        0.00
     0     0      914.67      342.67        0.00
     0     0      917.33      345.33        0.00
     0     0      920.00      349.33        0.00
     0     0      922.67      352.00        0.00
     0     0      926.67      354.67        0.00
     0     0      929.33      357.33        0.00
     0     0      932.00      360.00        0.00
     0     0      934.67      362.67        0.00
     0     0      938.67      365.33        0.00
     0     0      941.33      369.33        0.00
     0     0      944.00      372.00        0.00
     0     0      946.67      374.67        0.00
     0     0      949.33      378.67        0.00
     0     0      952.00      381.33        0.00
     0     0      954.67      385.33        0.00
     0     0      957.33      389.33        0.00
     0     0      958.67      393.33        0.00
     0     0      960.00      397.33        0.00
     0     0      960.00      401.33        0.00
     0     0      960.00      405.33        0.00
     0     0      961.33      409.33        0.00
     0     0      961.33      413.33        0.00
     0     0      961.33      417.33        0.00
     0     0      961.33      421.33        0.00
     0     0      960.00      425.33        0.00
     0     0      960.00      429.33        0.00
     0     0      958.67      433.33        0.00
     0     0      956.00      436.00        0.00
     0     0      953.33      438.67        0.00
     0     0      950.67      442.67        0.00
     0     0      946.67      445.33        0.00
     0     0      944.00      448.00        0.00
     0     0      940.00      450.67        0.00
     0     0      936.00      453.33        0.00
     0     0      933.33      456.00        0.00
     0     0      929.33      457.33        0.00
     0     0      926.67      460.00        0.00
     0     0      924.00      462.67        0.00
     0     0      921.33      465.33        0.00
     0     0      916.00      468.00        0.00
     0     0      912.00      469.33        0.00
     0     0      908.00      470.67        0.00
     0     0      904.00      473.33        0.00
     0     0      900.00      474.67        0.00
     0     0      896.00      476.00        0.00
     0     0      892.00      478.67        0.00
     0     0      889.33      481.33        0.00
     0     0      885.33      484.00        0.00
     0     0      880.00      486.67        0.00
     0     0      876.00      489.33        0.00
     0     0      873.33      492.00        0.00
     0     0      869.33      493.33        0.00
     0     0      865.33      494.67        0.00
     0     0      861.33      496.00        0.00
     0     0      856.00      496.00        0.00
     0     0      852.00      496.00        0.00
     0     0      848.00      496.00        0.00
     0     0      842.67      494.67        0.00
     0     0      838.67      494.67        0.00
     0     0      833.33      494.67        0.00
     0     0      829.33      494.67        0.00
     0     0      825.33      493.33        0.00
     0     0      821.33      493.33        0.00
     0     0      817.33      490.67        0.00
     0     0      812.00      488.00        0.00
     0     0      808.00      486.67        0.00
     0     0      805.33      484.00        0.00
     0     0      801.33      482.67        0.00
     0     0      798.67      480.00        0.00
     0     0      796.00      477.33        0.00
     0     0      794.67      473.33        0.00
     0     0      792.00      469.33        0.00
     0     0      789.33      466.67        0.00
     0     0      786.67      464.00        0.00
     0     0      784.00      461.33        0.00
     0     0      780.00      458.67        0.00
     0     0      776.00      457.33        0.00
     0     0      773.33      454.67        0.00
     0     0      769.33      453.33        0.00
     0     0      765.33      452.00        0.00
     0     0      761.33      449.33        0.00
     0     0      757.33      448.00        0.00
     0     0      754.67      445.33        0.00
     0     0      750.67      442.67        0.00
     0     0      748.00      440.00        0.00
     0     0      744.00      438.67        0.00
     0     0      741.33      436.00        0.00
     0     0      724.00      424.00        0.00
     0     0      717.33      422.67        0.00
     0     0      713.33      420.00        0.00
     0     0      709.33      417.33        0.00
     0     0      705.33      414.67        0.00
     0     0      701.33      412.00        0.00
     0     0      697.33      409.33        0.00
     0     0      693.33      406.67        0.00
     0     0      689.33      404.00        0.00
     0     0      684.00      402.67        0.00
     0     0      678.67      400.00        0.00
     0     0      674.67      398.67        0.00
     0     0      672.00      396.00        0.00
     0     0      668.00      394.67        0.00
     0     0      665.33      392.00        0.00
     0     0      660.00      389.33        0.00
     0     0      656.00      386.67        0.00
     0     0      653.33      384.00        0.00
     0     0      648.00      381.33        0.00
     0     0      644.00      380.00        0.00
     0     0      641.33      376.00        0.00
     0     0      637.33      373.33        0.00
     0     0      634.67      370.67        0.00
     0     0      630.67      368.00        0.00
     0     0      626.67      362.67        0.00
     0     0      624.00      360.00        0.00
     0     0      621.33      357.33        0.00
     0     0      617.33      354.67        0.00
     0     0      616.00      350.67        0.00
     0     0      612.00      348.00        0.00
     0     0      609.33      342.67        0.00
     0     0      606.67      340.00        0.00
     0     0      604.00      336.00        0.00
     0     0      602.67      332.00        0.00
     0     0      601.33      328.00        0.00
     0     0      597.33      324.00        0.00
     0     0      596.00      320.00        0.00
     0     0      594.67      316.00        0.00
     0     0      592.00      312.00        0.00
     0     0      590.67      308.00        0.00
     0     0      588.00      304.00        0.00
     0     0      586.67      300.00        0.00
     0     0      584.00      296.00        0.00
     0     0      581.33      293.33        0.00
     0     0      580.00      289.33        0.00
     0     0      576.00      285.33        0.00
     0     0      573.33      281.33        0.00
     0     0      570.67      277.33        0.00
     0     0      568.00      274.67        0.00
     0     0      564.00      270.67        0.00
     0     0      561.33      266.67        0.00
     0     0      558.67      261.33        0.00
     0     0      557.33      257.33        0.00
     0     0      554.67      253.33        0.00
     0     0      553.33      249.33        0.00
     0     0      552.00      245.33        0.00
     0     0      550.67      241.33        0.00
     0     0      548.00      238.67        0.00
     0     0      546.67      234.67        0.00
     0     0      544.00      230.67        0.00
     0     0      542.67      226.67        0.00
     0     0      541.33      222.67        0.00
     0     0      538.67      219.45        0.00
     0     0      536.00      216.24        0.00
     0     0      532.38      215.91        0.00
     0     0      528.89      214.95        0.00
     0     0      525.04      213.02        0.00
     0     0      521.69      210.31        0.00
     0     0      519.24      207.35        0.00
     0     0      517.40      203.97        0.00
     0     0      516.43      201.16        0.00
     0     0      515.88      198.24        0.00
     0     0      515.84      194.17        0.00
     0     0      516.65      190.05        0.00
     0     0      514.67      184.00        0.00
     0     0      512.00      180.00        0.00
     0     0      506.75      175.92        0.00
     0     0      503.88      173.79        0.00
     0     0      501.43      171.18        0.00
     0     0      499.43      167.11        0.00
     0     0      497.43      163.04        0.00
     0     0      493.44      160.64        0.00
     0     0      489.44      158.24        0.00
     0     0      485.63      156.55        0.00
     0     0      481.81      154.86        0.00
     0     1      604.00      565.33        0.00
     0     1      600.00      566.67        0.00
     0     1      596.00      566.67        0.00
     0     1      592.00      565.33        0.00
     0     1      588.00      564.00        0.00
     0     1      584.00      562.67        0.00
     0     1      581.33      560.00        0.00
     0     1      577.33      558.67        0.00
     0     1      573.33      556.00        0.00
     0     1      569.33      553.33        0.00
     0     1      564.00      550.67        0.00
     0     1      561.33      546.67        0.00
     0     1      558.67      544.00        0.00
     0     1      556.00      541.33        0.00
     0     1      553.33      538.67        0.00
     0     1      550.67      536.00        0.00
     0     1      548.00      530.67        0.00
     0     1      545.33      528.00        0.00
     0     1      542.67      525.33        0.00
     0     1      541.33      521.33        0.00
     0     1      538.67      518.67        0.00
     0     1      534.67      514.67        0.00
     0     1      532.00      510.67        0.00
     0     1      529.33      508.00        0.00
     0     1      526.67      504.00        0.00
     0     1      525.33      500.00        0.00
     0     1      524.00      496.00        0.00
     0     1      522.67      492.00        0.00
     0     1      520.00      488.00        0.00
     0     1      517.33      485.33        0.00
     0     1      514.67      480.00        0.00
     0     1      513.33      476.00        0.00
     0     1      512.00      472.00        0.00
     0     1      509.33      468.00        0.00
     0     1      508.00      464.00        0.00
     0     1      505.33      460.00        0.00
     0     1      504.00      456.00        0.00
     0     1      501.33      452.00        0.00
     0     1      498.67      448.00        0.00
     0     1      496.00      445.33        0.00
     0     1      493.33      442.67        0.00
     0     1      490.67      440.00        0.00
     0     1      488.00      437.33        0.00
     0     1      485.33      433.33        0.00
     0     1      481.33      430.67        0.00
     0     1      478.67      428.00        0.00
     0     1      476.00      424.00        0.00
     0     1      473.33      421.33        0.00
     0     1      470.67      418.67        0.00
     0     1      468.00      416.00        0.00
     0     1      464.00      412.00        0.00
     0     1      461.33      409.33        0.00
     0     1      458.67      406.67        0.00
     0     1      456.00      404.00        0.00
     0     1      450.67      400.00        0.00
     0     1      448.00      396.00        0.00
     0     1      445.33      393.33        0.00
     0     1      444.00      389.33        0.00
     0     1      441.33      386.67        0.00
     0     1      438.67      384.00        0.00
     0     1      436.00      381.33        0.00
     0     1      432.00      376.00        0.00
     0     1      428.00      373.33        0.00
     0     1      425.33      370.67        0.00
     0     1      422.67      368.00        0.00
     0     1      420.00      365.33        0.00
     0     1      417.33      362.67        0.00
     0     1      413.33      360.00        0.00
     0     1      410.67      357.33        0.00
     0     1      408.00      354.67        0.00
     0     1      404.00      352.00        0.00
     0     1      400.00      350.67        0.00
     0     1      397.33      348.00        0.00
     0     1      393.33      346.67        0.00
     0     1      389.33      345.33        0.00
     0     1      385.33      344.00        0.00
     0     1      381.33      341.33        0.00
     0     1      377.33      340.00        0.00
     0     1      373.33      338.67        0.00
     0     1      369.33      337.33        0.00
     0     1      365.33      334.67        0.00
     0     1      361.33      333.33        0.00
     0     1      357.33      332.00        0.00
     0     1      353.33      330.67        0.00
     0     1      349.33      329.33        0.00
     0     1      346.67      326.67        0.00
     0     1      342.67      325.33        0.00
     0     1      338.67      322.67        0.00
     0     1      336.00      320.00        0.00
     0     1      332.00      318.67        0.00
     0     1      328.00      316.00        0.00
     0     1      324.00      313.33        0.00
     0     1      321.33      310.67        0.00
     0     1      317.33      308.00        0.00
     0     1      314.67      305.33        0.00
     0     1      310.67      304.00        0.00
     0     1      308.00      301.33        0.00
     0     1      305.33      298.67        0.00
     0     1      302.67      296.00        0.00
     0     1      300.00      293.33        0.00
     0     1      297.33      289.33        0.00
     0     1      294.67      285.33        0.00
     0     1      292.00      282.67        0.00
     0     1      292.00      278.67        0.00
     0     1      290.67      274.67        0.00
     0     1      289.33      270.67        0.00
     0     1      289.33      266.67        0.00
     0     1      289.33      262.67        0.00
     0     1      289.33      258.67        0.00
     0     1      288.00      254.67        0.00
     0     1      288.00      250.67        0.00
     0     1      288.00      246.67        0.00
     0     1      289.33      242.67        0.00
     0     1      290.67      238.67        0.00
     0     1      292.00      233.33        0.00
     0     1      293.33      229.33        0.00
     0     1      296.00      225.33        0.00
     0     1      297.33      221.33        0.00
     0     1      300.00      217.33        0.00
     0     1      302.67      214.67        0.00
     0     1      305.33      212.00        0.00
     0     1      309.33      209.33        0.00
     0     1      313.33      206.67        0.00
     0     1      317.33      204.00        0.00
     0     1      321.33      201.33        0.00
     0     1      325.33      198.67        0.00
     0     1      329.33      197.33        0.00
     0     1      333.33      194.67        0.00
     0     1      338.67      193.33        0.00
     0     1      342.67      192.00        0.00
     0     1      346.67      190.67        0.00
     0     1      350.67      190.67        0.00
     0     1      356.00      189.33        0.00
     0     1      362.67      188.00        0.00
     0     1      368.00      186.67        0.00
     0     1      372.00      185.33        0.00
     0     1      377.33      184.00        0.00
     0     1      381.33      182.67        0.00
     0     1      385.33      182.67        0.00
     0     1      389.33      181.33        0.00
     0     1      393.33      180.00        0.00
     0     1      397.33      180.00        0.00
     0     1      401.33      178.67        0.00
     0     1      405.33      178.67        0.00
     0     1      409.33      178.67        0.00
     0     1      413.33      178.67        0.00
     0     1      417.33      178.67        0.00
     0     1      422.67      178.67        0.00
     0     1      426.67      178.67        0.00
     0     1      432.00      178.67        0.00
     0     1      436.00      178.67        0.00
     0     1      440.00      180.00        0.00
     0     1      444.00      181.33        0.00
     0     1      448.00      181.33        0.00
     0     1      452.00      182.67        0.00
     0     1      456.00      184.00        0.00
     0     1      460.00      185.33        0.00
     0     1      464.00      186.67        0.00
     0     1      469.33      188.00        0.00
     0     1      473.33      190.67        0.00
     0     1      477.33      192.00        0.00
     0     1      480.00      194.67        0.00
     0     1      484.00      197.33        0.00
     0     1      486.67      200.00        0.00
     0     1      488.00      204.00        0.00
     0     1      490.67      208.00        0.00
     0     1      493.33      212.00        0.00
     0     1      494.67      216.00        0.00
     0     1      497.33      220.00        0.00
     0     1      500.00      224.00        0.00
     0     1      502.67      228.00        0.00
     0     1      504.00      232.00        0.00
     0     1      506.67      236.00        0.00
     0     1      509.33      238.67        0.00
     0     1      512.00      241.33        0.00
     0     1      514.67      244.00        0.00
     0     1      517.33      246.67        0.00
     0     1      520.00      249.33        0.00
     0     1      522.67      252.00        0.00
     0     1      525.33      254.67        0.00
     0     1      528.00      257.33        0.00
     0     1      532.00      260.00        0.00
     0     1      534.67      262.67        0.00
     0     1      537.33      266.67        0.00
     0     1      538.67      270.67        0.00
     0     1      540.00      274.67        0.00
     0     1      540.00      278.67        0.00
     0     1      542.67      282.67        0.00
     0     1      544.00      288.00        0.00
     0     1      546.67      293.33        0.00
     0     1      548.00      297.33        0.00
     0     1      550.67      301.33        0.00
     0     1      552.00      305.33        0.00
     0     1      554.67      308.00        0.00
     0     1      558.67      312.00        0.00
     0     1      561.33      316.00        0.00
     0     1      564.00      318.67        0.00
     0     1      566.67      322.67        0.00
     0     1      570.67      326.67        0.00
     0     1      573.33      329.33        0.00
     0     1      577.33      334.67        0.00
     0     1      580.00      338.67        0.00
     0     1      584.00      344.00        0.00
     0     1      586.67      348.00        0.00
     0     1      589.33      352.00        0.00
     0     1      592.00      357.33        0.00
     0     1      594.67      361.33        0.00
     0     1      596.00      365.33        0.00
     0     1      598.67      369.33        0.00
     0     1      600.00      373.33        0.00
     0     1      602.67      377.33        0.00
     0     1      605.33      380.00        0.00
     0     1      609.33      384.00        0.00
     0     1      613.33      388.00        0.00
     0     1      616.00      392.00        0.00
     0     1      620.00      394.67        0.00
     0     1      622.67      397.33        0.00
     0     1      626.67      401.33        0.00
     0     1      629.33      404.00        0.00
     0     1      633.33      406.67        0.00
     0     1      637.33      409.33        0.00
     0     1      640.00      412.00        0.00
     0     1      644.00      414.67        0.00
     0     1      650.67      417.33        0.00
     0     1      653.33      420.00        0.00
     0     1      658.67      422.67        0.00
     0     1      662.67      425.33        0.00
     0     1      666.67      426.67        0.00
     0     1      670.67      429.33        0.00
     0     1      674.67      432.00        0.00
     0     1      681.33      434.67        0.00
     0     1      686.67      437.33        0.00
     0     1      690.67      440.00        0.00
     0     1      694.67      441.33        0.00
     0     1      697.33      444.00        0.00
     0     1      701.33      445.33        0.00
     0     1      705.33      448.00        0.00
     0     1      709.33      450.67        0.00
     0     1      712.00      453.33        0.00
     0     1      716.00      454.67        0.00
     0     1      720.00      457.33        0.00
     0     1      724.00      461.33        0.00
     0     1      728.00      464.00        0.00
     0     1      732.00      465.33        0.00
     0     1      736.00      468.00        0.00
     0     1      740.00      470.67        0.00
     0     1      744.00      472.00        0.00
     0     1      748.00      474.67        0.00
     0     1      752.00      477.33        0.00
     0     1      756.00      480.00        0.00
     0     1      761.33      482.67        0.00
     0     1      765.33      485.33        0.00
     0     1      768.00      488.00        0.00
     0     1      772.00      493.33        0.00
     0     1      776.00      496.00        0.00
     0     1      780.00      498.67        0.00
     0     1      784.00      501.33        0.00
     0     1      786.67      504.00        0.00
     0     1      790.67      505.33        0.00
     0     1      794.67      508.00        0.00
     0     1      801.33      510.67        0.00
     0     1      805.33      512.00        0.00
     0     1      809.33      514.67        0.00
     0     1      812.00      517.33        0.00
     0     1      816.00      520.00        0.00
     0     1      820.00      522.67        0.00
     0     1      824.00      525.33        0.00
     0     1      828.00      528.00        0.00
     0     1      832.00      529.33        0.00
     0     1      836.00      532.00        0.00
     0     1      840.00      532.00        0.00
     0     1      844.00      533.33        0.00
     0     1      848.00      534.67        0.00
     0     1      852.00      536.00        0.00
     0     1      856.00      537.33        0.00
     0     1      861.33      538.67        0.00
     0     1      865.33      538.67        0.00
     0     1      870.67      540.00        0.00
     0     1      874.67      541.33        0.00
     0     1      878.67      541.33        0.00
     0     1      884.00      541.33        0.00
     0     1      888.00      542.67        0.00
     0     1      892.00      542.67        0.00
     0     1      896.00      542.67        0.00
     0     1      901.33      542.67        0.00
     0     1      906.67      542.67        0.00
     0     1      912.00      541.33        0.00
     0     1      917.33      538.67        0.00
     0     1      924.00      537.33        0.00
     0     1      930.67      536.00        0.00
     0     1      934.67      536.00        0.00
     0     1      938.67      534.67        0.00
     0     1      944.00      533.33        0.00
     0     1      950.67      529.33        0.00
     0     1      954.67      526.67        0.00
     0     1      961.33      524.00        0.00
     0     1      964.00      521.33        0.00
     0     1      968.00      520.00        0.00
     0     1      973.33      517.33        0.00
     0     1      978.67      513.33        0.00
     0     1      982.67      510.67        0.00
     0     1      988.00      508.00        0.00
     0     1      992.00      505.33        0.00
     0     1      996.00      501.33        0.00
     0     1     1000.00      497.33        0.00
     0     1     1002.67      494.67        0.00
     0     1     1005.33      490.67        0.00
     0     1     1009.33      485.33        0.00
     0     1     1012.00      482.67        0.00
     0     1     1017.33      477.33        0.00
     0     1     1021.33      474.67        0.00
     0     1     1025.33      472.00        0.00
     0     1     1030.67      469.33        0.00
     0     1     1034.67      468.00        0.00
     0     1     1037.33      465.33        0.00
     0     1     1041.33      464.00        0.00
     0     1     1044.00      461.33        0.00
     0     1     1048.00      460.00        0.00
     0     1     1052.00      458.67        0.00
     0     1     1056.00      456.00        0.00
     0     1     1060.00      454.67        0.00
     0     1     1065.33      453.33        0.00
     0     1     1069.33      453.33        0.00
     0     1     1074.67      452.00        0.00
     0     1     1078.67      452.00        0.00
     0     1     1082.67      452.00        0.00
     0     1     1088.00      452.00        0.00
     0     1     1094.67      452.00        0.00
     0     1     1098.67      453.33        0.00
     0     1     1105.33      453.33        0.00
     0     1     1110.67      454.67        0.00
     0     1     1114.67      457.33        0.00
     0     1     1118.67      460.00        0.00
     0     1     1122.67      461.33        0.00
     0     1     1125.33      464.00        0.00
     0     1     1128.00      466.67        0.00
     0     1     1130.67      469.33        0.00
     0     1     1134.67      473.33        0.00
     0     1     1137.33      476.00        0.00
     0     1     1138.67      480.00        0.00
     0     1     1141.33      482.67        0.00
     0     1     1144.00      485.33        0.00
     0     1     1145.33      489.33        0.00
     0     1     1145.33      493.33        0.00
     0     1     1145.33      497.33        0.00
     0     1     1146.67      502.67        0.00
     0     1     1146.67      508.00        0.00
     0     1     1146.67      512.00        0.00
     0     1     1146.67      517.33        0.00
     0     1     1145.33      521.33        0.00
     0     1     1144.00      528.00        0.00
     0     1     1144.00      533.33        0.00
     0     1     1142.67      538.67        0.00
     0     1     1140.00      544.00        0.00
     0     1     1137.33      549.33        0.00
     0     1     1134.67      553.33        0.00
     0     1     1132.00      558.67        0.00
     0     1     1129.33      566.67        0.00
     0     1     1128.00      570.67        0.00
     0     1     1128.00      574.67        0.00
     0     1     1128.00      578.67        0.00
     0     1     1128.00      584.00        0.00
     0     1     1128.00      589.33        0.00
     0     1     1128.00      597.33        0.00
     0     1     1128.00      602.67        0.00
     0     1     1128.00      609.33        0.00
     0     1     1128.00      614.67        0.00
     0     1     1128.00      618.67        0.00
     0     1     1128.00      625.33        0.00
     0     1     1129.33      633.33        0.00
     0     1     1129.33      638.67        0.00
     0     1     1132.00      642.67        0.00
     0     1     1133.33      648.00        0.00
     0     1     1133.33      652.00        0.00
     0     1     1134.67      656.00        0.00
     0     1     1136.00      660.00        0.00
     0     1     1136.00      664.00        0.00
     0     1     1136.00      668.00        0.00
     0     1     1136.00      672.00        0.00
     0     1     1136.00      677.33        0.00
     0     1     1134.67      681.33        0.00
     0     1     1129.33      699.00        0.00
     0     1     1121.33      707.00        0.00
     0     1     1117.33      712.33        0.00
     0     1     1114.67      716.33        0.00
     0     1     1112.00      720.33        0.00
     0     1     1109.33      724.33        0.00
     0     1     1106.67      727.00        0.00
     0     1     1102.67      729.67        0.00
     0     1     1098.67      731.00        0.00
     0     1     1096.00      733.67        0.00
     0     1     1093.33      736.33        0.00
     0     1     1090.67      739.00        0.00
     0     1     1088.00      741.67        0.00
     0     1     1085.33      745.67        0.00
     0     1     1081.33      748.33        0.00
     0     1     1078.67      752.33        0.00
     0     1     1076.00      755.00        0.00
     0     1     1073.33      757.67        0.00
     0     1     1072.00      761.67        0.00
     0     1     1069.33      764.33        0.00
     0     1     1068.00      768.33        0.00
     0     1     1066.67      772.33        0.00
     0     1     1066.67      776.33        0.00
     0     1     1066.67      780.33        0.00
     0     1     1065.33      784.33        0.00
     0     1     1062.67      787.00        0.00
     0     1     1060.00      791.00        0.00
     0     1     1056.00      792.33        0.00
     0     1     1050.67      793.67        0.00
     0     1     1042.67      796.33        0.00
     0     1     1033.33      799.00        0.00
     0     1     1029.33      800.33        0.00
     0     1     1022.67      801.67        0.00
     0     1     1013.33      804.33        0.00
     0     1     1006.67      805.67        0.00
     0     1      998.67      808.33        0.00
     0     1      990.67      809.67        0.00
     0     1      978.67      812.33        0.00
     0     1      973.33      815.00        0.00
     0     1      966.67      816.33        0.00
     0     1      960.00      819.00        0.00
     0     1      954.67      819.00        0.00
     0     1      946.67      820.33        0.00
     0     1      941.33      820.33        0.00
     0     1      933.33      821.67        0.00
     0     1      925.33      821.67        0.00
     0     1      920.00      820.33        0.00
     0     1      916.00      820.33        0.00
     0     1      908.00      820.33        0.00
     0     1      904.00      820.33        0.00
     0     1      900.00      819.00        0.00
     0     1      896.00      819.00        0.00
     0     1      892.00      817.67        0.00
     0     1      888.00      817.67        0.00
     0     1      882.67      817.67        0.00
     0     1      877.33      817.67        0.00
     0     1      870.67      817.67        0.00
     0     1      864.00      817.67        0.00
     0     1      860.00      817.67        0.00
     0     1      854.67      819.00        0.00
     0     1      849.33      819.00        0.00
     0     1      844.00      819.00        0.00
     0     1      840.00      819.00        0.00
     0     1      836.00      819.00        0.00
     0     1      832.00      817.67        0.00
     0     1      826.67      816.33        0.00
     0     1      821.33      816.33        0.00
     0     1      817.33      815.00        0.00
     0     1      813.33      813.67        0.00
     0     1      809.33      812.33        0.00
     0     1      804.00      811.00        0.00
     0     1      798.67      809.67        0.00
     0     1      793.33      808.33        0.00
     0     1      789.33      807.00        0.00
     0     1      784.00      803.00        0.00
     0     1      780.00      801.67        0.00
     0     1      777.33      799.00        0.00
     0     1      774.67      796.33        0.00
     0     1      772.00      792.33        0.00
     0     1      770.67      788.33        0.00
     0     1      768.00      784.33        0.00
     0     1      766.67      780.33        0.00
     0     1      765.33      776.33        0.00
     0     1      762.67      772.33        0.00
     0     1      761.33      768.33        0.00
     0     1      758.67      764.33        0.00
     0     1      756.00      760.33        0.00
     0     1      754.67      756.33        0.00
     0     1      752.00      753.67        0.00
     0     1      749.33      751.00        0.00
     0     1      748.00      747.00        0.00
     0     1      745.33      744.33        0.00
     0     1      742.67      740.33        0.00
     0     1      740.00      736.33        0.00
     0     1      737.33      733.67        0.00
     0     1      734.67      729.67        0.00
     0     1      732.00      727.00        0.00
     0     1      729.33      724.33        0.00
     0     1      726.67      721.67        0.00
     0     1      722.67      717.67        0.00
     0     1      718.67      713.67        0.00
     0     1      717.33      709.67        0.00
     0     1      714.67      704.33        0.00
     0     1      712.00      699.00        0.00
     0     1      709.33      695.00        0.00
     0     1      706.67      691.00        0.00
     0     1      705.33      687.00        0.00
     0     1      702.67      683.00        0.00
     0     1      700.00      680.33        0.00
     0     1      698.67      676.33        0.00
     0     1      696.00      673.67        0.00
     0     1      696.00      669.67        0.00
     0     1      693.33      664.33        0.00
     0     1      690.67      659.00        0.00
     0     1      688.00      653.67        0.00
     0     1      685.33      651.00        0.00
     0     1      682.67      647.00        0.00
     0     1      678.67      644.33        0.00
     0     1      677.33      639.00        0.00
     0     1      674.67      636.33        0.00
     0     1      672.00      632.33        0.00
     0     1      670.67      628.33        0.00
     0     1      669.33      623.00        0.00
     0     1      666.67      617.67        0.00
     0     1      664.00      613.67        0.00
     0     1      662.67      609.67        0.00
     0     1      660.00      605.67        0.00
     0     1      658.67      601.67        0.00
     0     1      656.00      597.67        0.00
     0     1      653.33      595.00        0.00
     0     1      650.67      592.33        0.00
     0     1      646.67      588.33        0.00
     0     1      644.00      585.67        0.00
     0     1      641.33      581.67        0.00
     0     1      637.33      579.00        0.00
     0     1      634.67      576.33        0.00
     0     1      632.00      573.67        0.00
     0     1      629.33      571.00        0.00
     0     1      625.33      571.00        0.00
     0     1      621.33      568.33        0.00
     0     1      618.67      565.67        0.00
     1     0       62.50      106.00        0.00
     1     0       60.00      105.50        0.00
     1     0       58.00      104.00        0.00
     1     0       56.00      102.00        0.00
     1     0       55.00       99.50        0.00
     1     0       54.50       97.00        0.00
     1     0       54.50       94.50        0.00
     1     0       54.50       91.50        0.00
     1     0       56.00       89.00        0.00
     1     0       57.50       86.50        0.00
     1     0       59.50       84.50        0.00
     1     0       61.50       83.00        0.00
     1     0       64.50       82.00        0.00
     1     0       67.00       82.00        0.00
     1     0       69.50       83.00        0.00
     1     0       72.00       85.00        0.00
     1     0       74.00       86.50        0.00
     1     0       75.50       88.50        0.00
     1     0       76.50       91.00        0.00
     1     0       76.50       94.00        0.00
     1     0       75.50       96.50        0.00
     1     0       74.50       99.00        0.00
     1     0       73.50      101.50        0.00
     1     0       72.00      103.50        0.00
     1     1       55.50      278.00        0.00
     1     1       53.50      279.50        0.00
     1     1       51.50      281.50        0.00
     1     1       49.00      283.00        0.00
     1     1       46.50      283.50        0.00
     1     1       43.00      283.50        0.00
     1     1       40.50      283.00        0.00
     1     1       38.00      281.50        0.00
     1     1       35.50      280.00        0.00
     1     1       34.00      278.00        0.00
     1     1       32.50      276.00        0.00
     1     1       32.50      273.50        0.00
     1     1       33.00      271.00        0.00
     1     1       34.00      268.50        0.00
     1     1       35.00      266.00        0.00
     1     1       36.50      263.00        0.00
     1     1       38.00      260.50        0.00
     1     1       40.50      258.00        0.00
     1     1       42.50      256.00        0.00
     1     1       45.50      254.00        0.00
     1     1       48.50      253.50        0.00
     1     1       51.00      253.00        0.00
     1     1       53.50      253.00        0.00
     1     1       55.50      255.00        0.00
     1     1       57.50      257.00        0.00
     1     1       59.00      259.00        0.00
     1     1       60.50      261.00        0.00
     1     1       61.50      263.50        0.00
     1     1       62.00      266.00        0.00
     1     1       62.00      268.50        0.00
     1     1       62.00      271.00        0.00
     1     2      428.00      534.00        0.00
     1     2      427.00      536.50        0.00
     1     2      425.00      538.00        0.00
     1     2      422.50      539.50        0.00
     1     2      420.00      540.00        0.00
     1     2      417.50      540.50        0.00
     1     2      415.00      540.50        0.00
     1     2      412.50      540.00        0.00
     1     2      410.00      539.00        0.00
     1     2      408.00      537.50        0.00
     1     2      406.50      535.50        0.00
     1     2      406.00      533.00        0.00
     1     2      406.00      530.50        0.00
     1     2      406.00      528.00        0.00
     1     2      406.00      525.50        0.00
     1     2      406.00      523.00        0.00
     1     2      407.50      520.50        0.00
     1     2      409.00      518.50        0.00
     1     2      410.50      516.50        0.00
     1     2      412.50      514.50        0.00
     1     2      415.00      512.50        0.00
     1     2      417.00      511.00        0.00
     1     2      418.50      509.00        0.00
     1     2      420.50      507.50        0.00
     1     2      423.00      506.50        0.00
     1     2      425.50      506.50        0.00
     1     2      428.00      506.50        0.00
     1     2      430.50      507.50        0.00
     1     2      432.50      509.50        0.00
     1     2      434.00      511.50        0.00
     1     2      434.50      514.00        0.00
     1     2      436.00      516.00        0.00
     1     2      437.50      518.00        0.00
     1     2      438.00      520.50        0.00
     1     2      438.00      523.00        0.00
     1     2      438.00      525.50        0.00
     1     3      467.50      516.00        0.00
     1     3      465.00      516.00        0.00
     1     3      462.00      516.00        0.00
     1     3      459.00      515.50        0.00
     1     3      456.50      514.50        0.00
     1     3      454.50      513.00        0.00
     1     3      453.00      511.00        0.00
     1     3      452.50      508.50        0.00
     1     3      453.50      506.00        0.00
     1     3      455.50      504.00        0.00
     1     3      458.50      502.50        0.00
     1     3      461.00      501.00        0.00
     1     3      463.50      500.50        0.00
     1     3      466.00      500.50        0.00
     1     3      469.00      501.00        0.00
     1     3      471.00      502.50        0.00
     1     3      473.00      504.50        0.00
     1     3      474.50      506.50        0.00
     1     3      475.00      509.00        0.00
     1     3      473.50      511.00        0.00
     1     4      439.50      416.50        0.00
     1     4      437.00      416.50        0.00
     1     4      434.50      416.50        0.00
     1     4      432.00      415.50        0.00
     1     4      429.50      414.50        0.00
     1     4      427.50      413.00        0.00
     1     4      426.50      410.50        0.00
     1     4      426.00      408.00        0.00
     1     4      425.50      405.50        0.00
     1     4      426.50      403.00        0.00
     1     4      428.50      401.50        0.00
     1     4      431.00      400.50        0.00
     1     4      434.00      400.50        0.00
     1     4      437.00      400.50        0.00
     1     4      439.50      401.00        0.00
     1     4      442.00      401.50        0.00
     1     4      444.50      402.50        0.00
     1     4      447.00      404.00        0.00
     1     4      449.00      405.50        0.00
     1     4      450.50      407.50        0.00
     1     4      451.50      410.00        0.00
     1     4      451.00      412.50        0.00
     1     4      450.00      415.00        0.00
     1     4      444.50      418.50        0.00
     1     5      309.50      311.00        0.00
     1     5      309.50      313.50        0.00
     1     5      308.00      315.50        0.00
     1     5      305.50      316.50        0.00
     1     5      303.00      317.00        0.00
     1     5      300.00      317.00        0.00
     1     5      297.50      316.50        0.00
     1     5      295.00      315.00        0.00
     1     5      293.50      313.00        0.00
     1     5      292.00      311.00        0.00
     1     5      291.00      308.00        0.00
     1     5      290.50      305.50        0.00
     1     5      290.50      302.50        0.00
     1     5      292.00      300.00        0.00
     1     5      293.00      297.50        0.00
     1     5      295.00      295.50        0.00
     1     5      297.50      295.00        0.00
     1     5      300.00      295.00        0.00
     1     5      303.00      295.50        0.00
     1     5      305.00      297.00        0.00
     1     5      307.00      298.50        0.00
     1     5      308.50      300.50        0.00
     1     5      310.00      302.50        0.00
     1     6      273.00      257.50        0.00
     1     6      270.50      258.50        0.00
     1     6      268.00      259.00        0.00
     1     6      265.50      258.50        0.00
     1     6      263.00      257.50        0.00
     1     6      261.00      256.00        0.00
     1     6      259.00      254.50        0.00
     1     6      259.00      252.00        0.00
     1     6      259.00      249.50        0.00
     1     6      260.50      247.00        0.00
     1     6      262.50      245.50        0.00
     1     6      265.00      244.50        0.00
     1     6      267.50      243.50        0.00
     1     6      270.00      243.00        0.00
     1     6      272.50      244.00        0.00
     1     6      274.50      245.50        0.00
     1     6      276.00      248.00        0.00
     1     6      276.50      250.50        0.00
     1     7      282.50      224.50        0.00
     1     7      279.50      227.00        0.00
     1     7      277.00      228.50        0.00
     1     7      274.50      228.50        0.00
     1     7      272.00      228.00        0.00
     1     7      269.50      226.50        0.00
     1     7      267.50      225.00        0.00
     1     7      266.00      223.00        0.00
     1     7      265.50      220.50        0.00
     1     7      265.50      218.00        0.00
     1     7      267.00      215.00        0.00
     1     7      269.00      213.50        0.00
     1     7      272.00      212.00        0.00
     1     7      275.00      212.00        0.00
     1     7      277.50      212.00        0.00
     1     7      280.50      213.00        0.00
     1     7      282.50      214.50        0.00
     1     7      284.50      216.00        0.00
     1     7      286.50      217.50        0.00
     1     7      287.00      220.00        0.00
     1     8      298.00      212.50        0.00
     1     8      295.50      212.50        0.00
     1     8      292.50      211.50        0.00
     1     8      290.00      210.50        0.00
     1     8      288.00      209.00        0.00
     1     8      286.00      207.00        0.00
     1     8      285.50      204.50        0.00
     1     8      285.50      202.00        0.00
     1     8      287.00      200.00        0.00
     1     8      289.00      198.50        0.00
     1     8      292.00      197.50        0.00
     1     8      294.50      197.50        0.00
     1     8      297.00      198.00        0.00
     1     8      299.50      199.00        0.00
     1     8      301.50      200.50        0.00
     1     8      303.50      202.00        0.00
     1     8      305.00      204.00        0.00
     1     8      305.50      206.50        0.00
     1     8      305.00      209.00        0.00
     1     9      290.00      290.50        0.00
     1     9      288.50      293.00        0.00
     1     9      286.50      294.50        0.00
     1     9      284.00      295.00        0.00
     1     9      281.50      295.50        0.00
     1     9      279.00      295.00        0.00
     1     9      277.00      293.00        0.00
     1     9      275.50      290.50        0.00
     1     9      274.00      288.50        0.00
     1     9      273.00      286.00        0.00
     1     9      271.50      283.00        0.00
     1     9      270.50      280.50        0.00
     1     9      270.00      278.00        0.00
     1     9      270.00      275.00        0.00
     1     9      272.00      273.00        0.00
     1     9      274.50      272.00        0.00
     1     9      277.00      272.00        0.00
     1     9      279.50      273.00        0.00
     1     9      282.00      274.50        0.00
     1     9      284.50      276.00        0.00
     1     9      286.50      277.50        0.00
     1     9      288.50      279.50        0.00
     1    10      345.00      186.00        0.00
     1    10      342.50      189.00        0.00
     1    10      340.50      191.00        0.00
     1    10      338.50      192.50        0.00
     1    10      336.00      193.00        0.00
     1    10      333.00      193.00        0.00
     1    10      330.50      192.50        0.00
     1    10      328.50      191.00        0.00
     1    10      326.50      189.00        0.00
     1    10      325.50      186.50        0.00
     1    10      325.50      183.50        0.00
     1    10      327.00      181.50        0.00
     1    10      329.00      179.00        0.00
     1    10      331.50      178.00        0.00
     1    10      334.00      176.50        0.00
     1    10      336.50      176.00        0.00
     1    10      339.00      176.00        0.00
     1    10      342.00      176.50        0.00
     1    10      346.00      180.50        0.00
     1    11      368.00      180.00        0.00
     1    11      365.00      182.00        0.00
     1    11      362.50      182.50        0.00
     1    11      359.50      182.00        0.00
     1    11      358.00      180.00        0.00
     1    11      358.00      177.50        0.00
     1    11      358.00      175.00        0.00
     1    11      359.00      172.00        0.00
     1    11      360.50      170.00        0.00
     1    11      363.00      168.50        0.00
     1    11      365.50      168.00        0.00
     1    11      368.00      167.50        0.00
     1    11      371.00      168.50        0.00
     1    11      373.00      170.00        0.00
     1    11      375.00      171.50        0.00
     1    11      375.50      174.00        0.00
     1    11      375.50      176.50        0.00
     1    12      403.00      175.00        0.00
     1    12      400.00      176.00        0.00
     1    12      397.00      177.00        0.00
     1    12      394.00      177.50        0.00
     1    12      391.50      178.00        0.00
     1    12      389.00      178.50        0.00
     1    12      386.50      178.50        0.00
     1    12      384.50      177.00        0.00
     1    12      386.50      175.50        0.00
     1    12      389.00      174.00        0.00
     1    12      391.50      172.50        0.00
     1    12      393.50      171.00        0.00
     1    12      394.50      168.00        0.00
     1    12      395.00      165.50        0.00
     1    12      396.00      163.00        0.00
     1    12      398.50      163.00        0.00
     1    12      401.00      164.50        0.00
     1    12      403.00      166.00        0.00
     1    12      403.50      168.50        0.00
     1    13      394.00      156.50        0.00
     1    13      394.50      159.00        0.00
     1    13      395.50      162.00        0.00
     1    13      395.00      164.50        0.00
     1    13      394.00      167.00        0.00
     1    13      392.00      168.50        0.00
     1    13      389.50      170.00        0.00
     1    13      387.00      170.50        0.00
     1    13      384.50      171.00        0.00
     1    13      382.00      170.50        0.00
     1    13      380.00      169.00        0.00
     1    13      378.50      167.00        0.00
     1    13      377.50      164.50        0.00
     1    13      377.50      162.00        0.00
     1    13      379.00      159.50        0.00
     1    13      380.50      157.50        0.00
     1    13      383.00      156.50        0.00
     1    13      386.00      155.50        0.00
     1    14      426.00      173.50        0.00
     1    14      422.00      174.00        0.00
     1    14      419.50      173.50        0.00
     1    14      417.50      171.50        0.00
     1    14      416.50      169.00        0.00
     1    14      416.00      166.50        0.00
     1    14      417.00      164.00        0.00
     1    14      418.50      161.50        0.00
     1    14      420.50      159.50        0.00
     1    14      423.00      159.00        0.00
     1    14      425.50      159.00        0.00
     1    14      428.00      159.50        0.00
     1    14      430.50      160.50        0.00
     1    14      432.50      162.50        0.00
     1    14      433.50      165.00        0.00
     1    14      433.50      167.50        0.00
     1    14      432.50      170.00        0.00
     1    15      536.00      252.50        0.00
     1    15      533.50      251.50        0.00
     1    15      531.00      251.00        0.00
     1    15      529.00      249.00        0.00
     1    15      528.00      246.50        0.00
     1    15      526.50      244.00        0.00
     1    15      525.50      241.50        0.00
     1    15      525.00      239.00        0.00
     1    15      525.00      236.50        0.00
     1    15      525.00      233.50        0.00
     1    15      525.00      230.50        0.00
     1    15      525.00      227.50        0.00
     1    15      525.00      224.50        0.00
     1    15      525.00      222.00        0.00
     1    15      526.00      219.00        0.00
     1    15      527.50      217.00        0.00
     1    15      529.50      215.50        0.00
     1    15      532.00      215.00        0.00
     1    15      534.50      216.00        0.00
     1    15      536.50      217.50        0.00
     1    15      538.00      220.00        0.00
     1    15      538.50      222.50        0.00
     1    15      538.50      225.00        0.00
     1    15      538.50      227.50        0.00
     1    15      539.00      230.00        0.00
     1    15      540.50      233.00        0.00
     1    15      541.50      235.50        0.00
     1    15      542.00      238.00        0.00
     1    15      542.00      240.50        0.00
     1    15      541.50      243.00        0.00
     1    15      540.50      245.50        0.00
     1    15      540.00      248.00        0.00
     1    16      553.50      253.00        0.00
     1    16      551.00      253.50        0.00
     1    16      548.00      253.00        0.00
     1    16      546.00      251.50        0.00
     1    16      544.00      249.50        0.00
     1    16      543.50      247.00        0.00
     1    16      544.00      244.50        0.00
     1    16      546.00      242.50        0.00
     1    16      548.50      241.50        0.00
     1    16      551.00      241.00        0.00
     1    16      553.50      241.50        0.00
     1    16      556.00      242.50        0.00
     1    16      557.50      245.00        0.00
     1    16      558.00      247.50        0.00
     1    16      558.00      250.00        0.00
     1    17      545.50      269.00        0.00
     1    17      543.00      270.00        0.00
     1    17      540.50      270.00        0.00
     1    17      538.00      268.50        0.00
     1    17      536.50      266.50        0.00
     1    17      536.50      264.00        0.00
     1    17      536.50      261.50        0.00
     1    17      537.00      259.00        0.00
     1    17      539.00      257.00        0.00
     1    17      541.00      255.50        0.00
     1    17      543.50      254.00        0.00
     1    17      546.00      254.00        0.00
     1    17      549.00      254.00        0.00
     1    17      551.50      255.00        0.00
     1    17      553.00      257.00        0.00
     1    17      554.00      259.50        0.00
     1    17      554.00      262.00        0.00
     1    17      554.00      264.50        0.00
     1    17      552.50      266.50        0.00
     1    18      610.00      367.50        0.00
     1    18      607.50      367.00        0.00
     1    18      605.00      366.00        0.00
     1    18      602.50      365.00        0.00
     1    18      601.00      363.00        0.00
     1    18      600.00      360.50        0.00
     1    18      599.50      358.00        0.00
     1    18      599.50      355.50        0.00
     1    18      600.50      353.00        0.00
     1    18      602.00      351.00        0.00
     1    18      605.00      350.50        0.00
     1    18      608.00      350.50        0.00
     1    18      610.50      351.00        0.00
     1    18      613.00      352.50        0.00
     1    18      614.50      354.50        0.00
     1    18      615.00      357.00        0.00
     1    18      615.00      359.50        0.00
     1    18      615.00      362.00        0.00
     1    19      767.00      483.50        0.00
     1    19      764.00      482.00        0.00
     1    19      763.50      479.00        0.00
     1    19      763.50      476.00        0.00
     1    19      764.00      473.50        0.00
     1    19      766.00      472.00        0.00
     1    19      768.50      471.00        0.00
     1    19      771.00      470.50        0.00
     1    19      773.50      470.00        0.00
     1    19      776.00      470.50        0.00
     1    19      778.00      472.00        0.00
     1    19      779.50      474.00        0.00
     1    19      779.50      476.50        0.00
     1    19      779.50      479.00        0.00
     1    19      778.50      481.50        0.00
     1    19      777.50      484.00        0.00
     1    19      775.50      485.50        0.00
     1    20      791.50      479.50        0.00
     1    20      788.00      480.50        0.00
     1    20      785.50      480.50        0.00
     1    20      783.00      480.50        0.00
     1    20      780.50      479.50        0.00
     1    20      778.50      478.00        0.00
     1    20      777.00      476.00        0.00
     1    20      777.00      472.50        0.00
     1    20      778.00      470.00        0.00
     1    20      779.00      467.50        0.00
     1    20      780.00      465.00        0.00
     1    20      781.50      463.00        0.00
     1    20      784.00      461.50        0.00
     1    20      786.50      461.00        0.00
     1    20      789.00      460.50        0.00
     1    20      791.50      460.50        0.00
     1    20      794.00      461.50        0.00
     1    20      797.00      462.50        0.00
     1    20      798.50      464.50        0.00
     1    20      799.00      467.00        0.00
     1    20      799.00      469.50        0.00
     1    20      799.00      472.00        0.00
     1    20      798.00      474.50        0.00
     1    21      830.00      523.50        0.00
     1    21      828.00      525.00        0.00
     1    21      825.50      525.00        0.00
     1    21      822.50      525.00        0.00
     1    21      820.00      523.50        0.00
     1    21      818.50      521.50        0.00
     1    21      817.00      519.50        0.00
     1    21      816.50      517.00        0.00
     1    21      816.50      514.50        0.00
     1    21      816.50      512.00        0.00
     1    21      818.00      509.50        0.00
     1    21      820.00      507.50        0.00
     1    21      822.50      507.00        0.00
     1    21      825.00      506.00        0.00
     1    21      827.50      506.50        0.00
     1    21      830.00      506.50        0.00
     1    21      832.50      507.50        0.00
     1    21      835.00      508.50        0.00
     1    21      836.50      510.50        0.00
     1    21      837.50      513.00        0.00
     1    21      838.00      515.50        0.00
     1    21      838.00      518.00        0.00
     1    21      837.00      520.50        0.00
     1    22      863.00      533.00        0.00
     1    22      860.00      533.50        0.00
     1    22      857.50      533.00        0.00
     1    22      854.00      532.00        0.00
     1    22      851.50      530.50        0.00
     1    22      850.50      527.50        0.00
     1    22      850.50      524.50        0.00
     1    22      851.00      521.50        0.00
     1    22      852.50      519.00        0.00
     1    22      854.00      517.00        0.00
     1    22      856.50      516.00        0.00
     1    22      859.00      515.50        0.00
     1    22      861.50      515.50        0.00
     1    22      864.00      515.50        0.00
     1    22      866.50      517.00        0.00
     1    22      868.50      518.50        0.00
     1    22      871.00      519.50        0.00
     1    22      873.00      521.50        0.00
     1    22      873.50      524.50        0.00
     1    22      873.50      527.00        0.00
     1    22      872.50      529.50        0.00
     1    22      871.00      531.50        0.00
     1    22      868.50      532.00        0.00
     1    23      895.50      519.50        0.00
     1    23      891.00      520.00        0.00
     1    23      888.50      520.00        0.00
     1    23      885.50      518.50        0.00
     1    23      884.00      516.50        0.00
     1    23      883.00      514.00        0.00
     1    23      883.50      511.50        0.00
     1    23      885.00      509.50        0.00
     1    23      887.00      508.00        0.00
     1    23      889.00      506.00        0.00
     1    23      891.00      504.50        0.00
     1    23      893.50      503.50        0.00
     1    23      896.00      503.50        0.00
     1    23      898.50      504.00        0.00
     1    23      901.00      505.50        0.00
     1    23      902.50      508.00        0.00
     1    23      902.50      510.50        0.00
     1    23      902.50      513.00        0.00
     1    23      901.00      515.00        0.00
     1    24      963.00      478.00        0.00
     1    24      959.00      478.00        0.00
     1    24      956.50      479.00        0.00
     1    24      953.50      479.00        0.00
     1    24      951.00      479.00        0.00
     1    24      948.50      479.00        0.00
     1    24      945.00      478.50        0.00
     1    24      942.50      478.00        0.00
     1    24      940.00      478.00        0.00
     1    24      937.50      477.00        0.00
     1    24      936.00      475.00        0.00
     1    24      934.50      473.00        0.00
     1    24      933.50      470.50        0.00
     1    24      933.00      468.00        0.00
     1    24      933.50      465.50        0.00
     1    24      935.00      463.00        0.00
     1    24      936.50      461.00        0.00
     1    24      938.00      459.00        0.00
     1    24      940.50      458.00        0.00
     1    24      943.00      457.00        0.00
     1    24      946.00      457.00        0.00
     1    24      949.00      457.00        0.00
     1    24      952.00      457.00        0.00
     1    24      955.00      457.50        0.00
     1    24      957.50      458.00        0.00
     1    24      960.50      459.00        0.00
     1    24      963.00      460.00        0.00
     1    24      965.50      460.50        0.00
     1    24      968.00      462.00        0.00
     1    24      970.00      463.50        0.00
     1    24      971.50      466.00        0.00
     1    24      972.50      469.00        0.00
     1    24      973.00      471.50        0.00
     1    25      546.50      112.50        0.00
     1    25      544.00      113.50        0.00
     1    25      541.50      114.00        0.00
     1    25      538.50      113.50        0.00
     1    25      536.00      112.00        0.00
     1    25      533.50      111.00        0.00
     1    25      531.00      109.50        0.00
     1    25      529.50      107.50        0.00
     1    25      527.50      105.50        0.00
     1    25      527.50      103.00        0.00
     1    25      527.50      100.50        0.00
     1    25      528.50       98.00        0.00
     1    25      530.50       96.00        0.00
     1    25      533.00       95.50        0.00
     1    25      535.50       95.50        0.00
     1    25      538.00       95.50        0.00
     1    25      541.00       96.50        0.00
     1    25      543.50       97.50        0.00
     1    25      546.00       98.50        0.00
     1    25      548.00      100.00        0.00
     1    25      550.00      101.50        0.00
     1    25      551.50      103.50        0.00
     1    25      552.50      106.00        0.00
     1    25      553.00      108.50        0.00
     1    25      551.50      111.00        0.00
     1    26      348.50       15.00        0.00
     1    26      351.00       13.50        0.00
     1    26      351.00       10.50        0.00
     1    26      350.00        8.00        0.00
     1    26      349.50        5.50        0.00
     1    26      351.50        4.00        0.00
     1    26      354.50        3.50        0.00
     1    26      357.50        3.50        0.00
     1    26      360.00        3.50        0.00
     1    26      363.00        3.50        0.00
     1    26      366.00        4.00        0.00
     1    26      368.00        5.50        0.00
     1    26      370.00        7.00        0.00
     1    26      371.00        9.50        0.00
     1    26      371.00       12.00        0.00
     1    26      370.00       14.50        0.00
     1    26      369.00       17.00        0.00
     1    26      367.50       19.00        0.00
     1    26      365.50       20.50        0.00
     1    26      363.00       21.00        0.00
     1    26      360.50       20.50        0.00
     1    26      358.00       20.00        0.00
     1    26      356.00       18.50        0.00
     1    27      182.00      477.00        0.00
     1    27      178.00      476.00        0.00
     1    27      175.00      474.00        0.00
     1    27      173.00      471.00        0.00
     1    27      171.00      468.00        0.00
     1    27      170.00      465.00        0.00
     1    27      170.00      461.00        0.00
     1    27      171.00      458.00        0.00
     1    27      173.00      455.00        0.00
     1    27      176.00      454.00        0.00
     1    27      180.00      454.00        0.00
     1    27      184.00      454.00        0.00
     1    27      187.00      455.00        0.00
     1    27      190.00      457.00        0.00
     1    27      193.00      458.00        0.00
     1    27      195.00      461.00        0.00
     1    27      196.00      464.00        0.00
     1    27      196.00      468.00        0.00
     1    27      196.00      472.00        0.00
     1    27      195.00      475.00        0.00
