     0     0      808.33      519.33        0.00
     0     0      805.00      520.67        0.00
     0     0      801.67      522.00        0.00
     0     0      797.67      524.00        0.00
     0     0      793.67      525.33        0.00
     0     0      789.00      527.33        0.00
     0     0      785.67      529.33        0.00
     0     0      782.33      531.33        0.00
     0     0      779.00      532.00        0.00
     0     0      775.67      532.67        0.00
     0     0      772.33      534.00        0.00
     0     0      768.33      534.67        0.00
     0     0      764.33      534.67        0.00
     0     0      761.00      535.33        0.00
     0     0      757.67      536.00        0.00
     0     0      753.67      536.00        0.00
     0     0      749.67      536.67        0.00
     0     0      746.33      536.67        0.00
     0     0      743.00      536.67        0.00
     0     0      739.00      536.67        0.00
     0     0      735.67      536.67        0.00
     0     0      732.33      536.00        0.00
     0     0      729.00      534.67        0.00
     0     0      725.00      532.67        0.00
     0     0      722.33      530.67        0.00
     0     0      719.67      528.67        0.00
     0     0      717.00      526.00        0.00
     0     0      713.67      523.33        0.00
     0     0      711.00      521.33        0.00
     0     0      709.00      518.67        0.00
     0     0      706.33      516.00        0.00
     0     0      704.33      513.33        0.00
     0     0      701.67      509.33        0.00
     0     0      699.67      506.67        0.00
     0     0      697.67      503.33        0.00
     0     0      695.67      498.67        0.00
     0     0      693.00      494.67        0.00
     0     0      690.33      490.67        0.00
     0     0      688.33      487.33        0.00
     0     0      686.33      484.00        0.00
     0     0      684.33      480.67        0.00
     0     0      682.33      477.33        0.00
     0     0      680.33      474.67        0.00
     0     0      678.33      470.67        0.00
     0     0      676.33      466.00        0.00
     0     0      675.00      462.67        0.00
     0     0      673.67      459.33        0.00
     0     0      673.00      456.00        0.00
     0     0      672.33      452.00        0.00
     0     0      671.67      447.33        0.00
     0     0      671.67      444.00        0.00
     0     0      673.67      440.00        0.00
     0     0      675.00      436.00        0.00
     0     0      677.00      431.33        0.00
     0     0      677.67      428.00        0.00
     0     0      679.67      424.00        0.00
     0     0      681.67      420.00        0.00
     0     0      683.00      416.67        0.00
     0     0      685.00      414.00        0.00
     0     0      686.33      410.67        0.00
     0     0      689.00      407.33        0.00
     0     0      691.00      404.00        0.00
     0     0      693.67      402.00        0.00
     0     0      695.67      399.33        0.00
     0     0      697.67      396.67        0.00
     0     0      699.67      394.00        0.00
     0     0      702.33      390.67        0.00
     0     0      705.00      386.67        0.00
     0     0      706.33      383.33        0.00
     0     0      707.67      380.00        0.00
     0     0      709.67      376.00        0.00
     0     0      710.33      372.67        0.00
     0     0      712.33      369.33        0.00
     0     0      714.33      364.67        0.00
     0     0      717.00      361.33        0.00
     0     0      719.67      356.67        0.00
     0     0      722.33      354.00        0.00
     0     0      724.33      351.33        0.00
     0     0      727.00      349.33        0.00
     0     0      731.00      346.00        0.00
     0     0      733.67      344.00        0.00
     0     0      738.33      340.67        0.00
     0     0      741.67      338.67        0.00
     0     0      746.33      335.33        0.00
     0     0      750.33      332.67        0.00
     0     0      753.67      330.67        0.00
     0     0      757.00      328.00        0.00
     0     0      760.33      326.00        0.00
     0     0      764.33      324.00        0.00
     0     0      767.67      322.00        0.00
     0     0      773.00      320.00        0.00
     0     0      777.00      318.67        0.00
     0     0      783.00      318.00        0.00
     0     0      787.00      316.67        0.00
     0     0      791.67      316.00        0.00
     0     0      796.33      314.67        0.00
     0     0      799.67      314.00        0.00
     0     0      803.67      312.67        0.00
     0     0      807.00      312.67        0.00
     0     0      810.33      312.00        0.00
     0     0      813.67      312.67        0.00
     0     0      817.67      315.33        0.00
     0     0      821.00      317.33        0.00
     0     0      824.33      318.67        0.00
     0     0      827.67      320.00        0.00
     0     0      832.33      322.00        0.00
     0     0      836.33      323.33        0.00
     0     0      841.00      324.67        0.00
     0     0      845.00      326.00        0.00
     0     0      847.67      328.00        0.00
     0     0      850.33      330.00        0.00
     0     0      854.33      333.33        0.00
     0     0      856.33      337.33        0.00
     0     0      858.33      341.33        0.00
     0     0      859.67      344.67        0.00
     0     0      861.00      348.67        0.00
     0     0      862.33      352.00        0.00
     0     0      864.33      356.67        0.00
     0     0      865.67      360.00        0.00
     0     0      866.33      363.33        0.00
     0     0      867.00      366.67        0.00
     0     0      868.33      370.00        0.00
     0     0      869.67      374.00        0.00
     0     0      871.00      377.33        0.00
     0     0      871.00      380.67        0.00
     0     0      871.67      384.00        0.00
     0     0      872.33      388.67        0.00
     0     0      873.67      392.67        0.00
     0     0      873.67      396.00        0.00
     0     0      873.67      399.33        0.00
     0     0      873.67      403.33        0.00
     0     0      873.00      407.33        0.00
     0     0      873.00      411.33        0.00
     0     0      872.33      416.00        0.00
     0     0      872.33      419.33        0.00
     0     0      872.33      422.67        0.00
     0     0      872.33      427.33        0.00
     0     0      873.00      430.67        0.00
     0     0      873.00      434.67        0.00
     0     0      873.00      438.67        0.00
     0     0      873.00      442.67        0.00
     0     0      872.33      446.67        0.00
     0     0      870.33      450.00        0.00
     0     0      868.33      452.67        0.00
     0     0      866.33      455.33        0.00
     0     0      865.00      459.33        0.00
     0     0      863.00      462.00        0.00
     0     0      861.67      465.33        0.00
     0     0      859.67      468.67        0.00
     0     0      857.67      471.33        0.00
     0     0      855.00      475.33        0.00
     0     0      852.33      478.67        0.00
     0     0      850.33      482.67        0.00
     0     0      849.00      486.00        0.00
     0     0      847.00      489.33        0.00
     0     0      845.00      492.00        0.00
     0     0      841.67      494.67        0.00
     0     0      839.00      496.67        0.00
     0     0      836.33      498.67        0.00
     0     0      833.00      500.67        0.00
     0     0      830.33      503.33        0.00
     0     0      828.33      506.00        0.00
     0     0      825.67      510.00        0.00
     0     1      782.33      727.67        0.00
     0     1      775.67      728.33        0.00
     0     1      771.67      728.33        0.00
     0     1      767.00      729.00        0.00
     0     1      763.00      729.00        0.00
     0     1      759.00      729.67        0.00
     0     1      755.67      729.67        0.00
     0     1      750.33      729.67        0.00
     0     1      747.00      729.67        0.00
     0     1      743.67      729.67        0.00
     0     1      739.67      729.67        0.00
     0     1      736.33      729.67        0.00
     0     1      733.00      729.67        0.00
     0     1      729.67      729.00        0.00
     0     1      725.67      727.67        0.00
     0     1      722.33      727.00        0.00
     0     1      717.00      725.00        0.00
     0     1      713.00      723.00        0.00
     0     1      709.00      721.00        0.00
     0     1      706.33      719.00        0.00
     0     1      702.33      716.33        0.00
     0     1      698.33      713.67        0.00
     0     1      695.00      712.33        0.00
     0     1      692.33      710.33        0.00
     0     1      689.00      708.33        0.00
     0     1      685.00      704.33        0.00
     0     1      681.67      701.00        0.00
     0     1      679.00      698.33        0.00
     0     1      676.33      696.33        0.00
     0     1      674.33      693.67        0.00
     0     1      671.67      691.00        0.00
     0     1      669.00      689.00        0.00
     0     1      667.00      686.33        0.00
     0     1      664.33      683.67        0.00
     0     1      661.67      681.00        0.00
     0     1      659.67      678.33        0.00
     0     1      657.00      675.67        0.00
     0     1      655.67      672.33        0.00
     0     1      654.33      669.00        0.00
     0     1      653.00      665.00        0.00
     0     1      653.00      661.00        0.00
     0     1      652.33      657.67        0.00
     0     1      651.67      653.00        0.00
     0     1      651.67      649.67        0.00
     0     1      651.67      645.67        0.00
     0     1      651.00      640.33        0.00
     0     1      651.00      635.67        0.00
     0     1      650.33      632.33        0.00
     0     1      650.33      629.00        0.00
     0     1      650.33      625.00        0.00
     0     1      650.33      621.00        0.00
     0     1      650.33      617.67        0.00
     0     1      650.33      613.67        0.00
     0     1      651.00      610.33        0.00
     0     1      652.33      605.00        0.00
     0     1      654.33      601.00        0.00
     0     1      656.33      597.67        0.00
     0     1      659.00      595.00        0.00
     0     1      661.00      591.67        0.00
     0     1      664.33      587.67        0.00
     0     1      667.67      585.00        0.00
     0     1      671.67      582.33        0.00
     0     1      674.33      579.00        0.00
     0     1      677.67      577.67        0.00
     0     1      681.67      575.67        0.00
     0     1      685.67      573.00        0.00
     0     1      688.33      571.00        0.00
     0     1      693.00      569.67        0.00
     0     1      697.00      567.67        0.00
     0     1      701.67      565.67        0.00
     0     1      705.00      564.33        0.00
     0     1      709.67      563.00        0.00
     0     1      713.00      561.67        0.00
     0     1      719.00      559.67        0.00
     0     1      723.00      558.33        0.00
     0     1      726.33      557.67        0.00
     0     1      729.00      555.67        0.00
     0     1      732.33      554.33        0.00
     0     1      735.67      553.67        0.00
     0     1      739.00      553.00        0.00
     0     1      742.33      553.00        0.00
     0     1      745.67      553.00        0.00
     0     1      749.00      553.67        0.00
     0     1      752.33      554.33        0.00
     0     1      756.33      555.67        0.00
     0     1      760.33      557.00        0.00
     0     1      764.33      558.33        0.00
     0     1      768.33      561.00        0.00
     0     1      771.67      562.33        0.00
     0     1      775.00      563.67        0.00
     0     1      777.67      565.67        0.00
     0     1      781.00      567.00        0.00
     0     1      784.33      569.00        0.00
     0     1      787.67      570.33        0.00
     0     1      791.00      573.00        0.00
     0     1      794.33      575.00        0.00
     0     1      797.00      577.00        0.00
     0     1      800.33      580.33        0.00
     0     1      803.00      582.33        0.00
     0     1      806.33      584.33        0.00
     0     1      809.00      587.00        0.00
     0     1      811.67      589.67        0.00
     0     1      814.33      592.33        0.00
     0     1      817.00      595.00        0.00
     0     1      819.67      597.67        0.00
     0     1      821.67      601.67        0.00
     0     1      823.67      604.33        0.00
     0     1      825.67      607.00        0.00
     0     1      827.67      610.33        0.00
     0     1      829.67      613.67        0.00
     0     1      831.67      616.33        0.00
     0     1      833.67      620.33        0.00
     0     1      835.00      623.67        0.00
     0     1      836.33      627.67        0.00
     0     1      837.00      631.67        0.00
     0     1      837.00      636.33        0.00
     0     1      837.00      640.33        0.00
     0     1      836.33      644.33        0.00
     0     1      836.33      648.33        0.00
     0     1      836.33      651.67        0.00
     0     1      835.00      655.67        0.00
     0     1      834.33      659.67        0.00
     0     1      833.00      663.00        0.00
     0     1      831.67      667.67        0.00
     0     1      829.67      670.33        0.00
     0     1      828.33      673.67        0.00
     0     1      825.67      679.00        0.00
     0     1      823.67      683.00        0.00
     0     1      821.67      686.33        0.00
     0     1      820.33      689.67        0.00
     0     1      819.00      693.00        0.00
     0     1      817.00      695.67        0.00
     0     1      814.33      698.33        0.00
     0     1      812.33      701.67        0.00
     0     1      809.67      703.67        0.00
     0     1      807.00      705.67        0.00
     0     1      804.33      709.00        0.00
     0     1      802.33      713.00        0.00
     0     3      520.67      129.33        0.00
     0     3      516.67      130.00        0.00
     0     3      513.33      130.67        0.00
     0     3      509.33      130.67        0.00
     0     3      506.00      131.33        0.00
     0     3      502.67      132.67        0.00
     0     3      498.67      132.67        0.00
     0     3      494.00      132.67        0.00
     0     3      490.00      132.00        0.00
     0     3      486.00      130.00        0.00
     0     3      482.67      128.00        0.00
     0     3      478.67      126.00        0.00
     0     3      475.33      124.67        0.00
     0     3      471.33      122.67        0.00
     0     3      468.00      120.67        0.00
     0     3      464.00      119.33        0.00
     0     3      460.67      117.33        0.00
     0     3      457.33      114.67        0.00
     0     3      452.67      112.00        0.00
     0     3      450.00      109.33        0.00
     0     3      447.33      106.67        0.00
     0     3      445.33      104.00        0.00
     0     3      443.33      101.33        0.00
     0     3      441.33       98.67        0.00
     0     3      439.33       96.00        0.00
     0     3      436.00       93.33        0.00
     0     3      433.33       90.00        0.00
     0     3      431.33       86.00        0.00
     0     3      430.67       82.67        0.00
     0     3      430.00       78.67        0.00
     0     3      429.33       74.67        0.00
     0     3      429.33       70.67        0.00
     0     3      429.33       66.67        0.00
     0     3      430.67       63.33        0.00
     0     3      432.00       59.33        0.00
     0     3      432.67       56.00        0.00
     0     3      434.00       52.67        0.00
     0     3      435.33       49.33        0.00
     0     3      436.67       46.00        0.00
     0     3      438.67       42.67        0.00
     0     3      440.67       38.67        0.00
     0     3      443.33       35.33        0.00
     0     3      446.67       32.00        0.00
     0     3      449.33       29.33        0.00
     0     3      451.33       26.00        0.00
     0     3      454.00       23.33        0.00
     0     3      457.33       20.67        0.00
     0     3      459.33       18.00        0.00
     0     3      462.67       16.67        0.00
     0     3      466.00       15.33        0.00
     0     3      470.00       13.33        0.00
     0     3      473.33       12.00        0.00
     0     3      477.33       11.33        0.00
     0     3      480.67       10.67        0.00
     0     3      484.00        9.33        0.00
     0     3      486.67        7.33        0.00
     0     3      490.00        6.67        0.00
     0     3      494.67        5.33        0.00
     0     3      499.33        4.00        0.00
     0     3      502.67        3.33        0.00
     0     3      679.33        1.33        0.00
     0     3      686.67        0.67        0.00
     0     3      690.67        0.67        0.00
     0     3      694.00        1.33        0.00
     0     3      698.67        1.33        0.00
     0     3      704.67        2.00        0.00
     0     3      709.33        2.00        0.00
     0     3      712.67        2.00        0.00
     0     3      717.33        2.67        0.00
     0     3      720.67        3.33        0.00
     0     3      726.00        4.00        0.00
     0     3      732.00        4.67        0.00
     0     3      736.00        4.67        0.00
     0     3      740.00        5.33        0.00
     0     3      744.00        6.00        0.00
     0     3      749.33        6.00        0.00
     0     3      756.00        6.00        0.00
     0     3      760.00        6.00        0.00
     0     3      765.33        6.67        0.00
     0     3      770.00        7.33        0.00
     0     3      774.67        8.67        0.00
     0     3      780.00        9.33        0.00
     0     3      784.00       10.00        0.00
     0     3      788.00       11.33        0.00
     0     3      793.33       12.00        0.00
     0     3      796.67       12.67        0.00
     0     3      800.67       14.00        0.00
     0     3      805.33       15.33        0.00
     0     3      808.67       16.00        0.00
     0     3      812.67       17.33        0.00
     0     3      816.00       19.33        0.00
     0     3      820.00       20.67        0.00
     0     3      822.67       22.67        0.00
     0     3      826.00       24.00        0.00
     0     3      830.00       26.67        0.00
     0     3      833.33       28.00        0.00
     0     3      836.00       30.00        0.00
     0     3      840.00       32.00        0.00
     0     3      844.00       34.00        0.00
     0     3      848.00       36.00        0.00
     0     3      850.67       38.00        0.00
     0     3      854.00       40.00        0.00
     0     3      857.33       42.00        0.00
     0     3      862.67       45.33        0.00
     0     3      865.33       47.33        0.00
     0     3      868.67       50.00        0.00
     0     3      871.33       52.00        0.00
     0     3      874.00       54.67        0.00
     0     3      876.67       56.67        0.00
     0     3      879.33       60.00        0.00
     0     3      882.00       62.00        0.00
     0     3      884.00       66.00        0.00
     0     3      886.00       69.33        0.00
     0     3      888.67       74.00        0.00
     0     3      890.67       78.00        0.00
     0     3      892.00       82.67        0.00
     0     3      894.00       87.33        0.00
     0     3      895.33       93.33        0.00
     0     3      896.67       98.67        0.00
     0     3      898.67      102.67        0.00
     0     3      900.00      107.33        0.00
     0     3      900.67      110.67        0.00
     0     3      901.33      114.00        0.00
     0     3      902.00      119.33        0.00
     0     3      902.00      123.33        0.00
     0     3      902.00      128.00        0.00
     0     3      900.67      134.67        0.00
     0     3      898.67      139.33        0.00
     0     3      896.00      144.67        0.00
     0     3      893.33      149.33        0.00
     0     3      892.00      152.67        0.00
     0     3      888.00      156.67        0.00
     0     3      884.67      160.00        0.00
     0     3      882.00      162.67        0.00
     0     3      878.67      164.67        0.00
     0     3      873.33      166.67        0.00
     0     3      869.33      168.00        0.00
     0     3      865.33      168.67        0.00
     0     3      860.00      169.33        0.00
     0     3      854.67      170.67        0.00
     0     3      850.67      172.00        0.00
     0     3      846.00      173.33        0.00
     0     3      842.67      174.67        0.00
     0     3      838.00      176.00        0.00
     0     3      833.33      176.67        0.00
     0     3      829.33      176.67        0.00
     0     3      824.67      177.33        0.00
     0     3      821.33      178.00        0.00
     0     3      816.00      178.67        0.00
     0     3      811.33      179.33        0.00
     0     3      804.67      180.00        0.00
     0     3      800.00      180.00        0.00
     0     3      794.00      180.67        0.00
     0     3      790.67      180.00        0.00
     0     3      785.33      179.33        0.00
     0     3      780.00      178.67        0.00
     0     3      774.67      178.00        0.00
     0     3      770.67      177.33        0.00
     0     3      765.33      176.00        0.00
     0     3      762.00      174.00        0.00
     0     3      756.67      172.00        0.00
     0     3      752.00      170.67        0.00
     0     3      747.33      168.67        0.00
     0     3      742.00      167.33        0.00
     0     3      737.33      166.00        0.00
     0     3      732.67      164.00        0.00
     0     3      728.00      162.00        0.00
     0     3      725.33      160.00        0.00
     0     3      721.33      156.67        0.00
     0     3      717.33      154.00        0.00
     0     3      714.67      152.00        0.00
     0     3      711.33      149.33        0.00
     0     3      708.67      147.33        0.00
     0     3      705.33      144.00        0.00
     0     3      700.67      141.33        0.00
     0     3      696.67      140.00        0.00
     0     3      690.67      138.00        0.00
     0     3      686.67      136.67        0.00
     0     3      682.67      135.33        0.00
     0     3      679.33      134.67        0.00
     0     3      676.00      132.67        0.00
     0     3      671.33      132.00        0.00
     0     3      666.67      132.00        0.00
     0     3      663.33      132.00        0.00
     0     3      660.00      131.33        0.00
     0     3      656.67      131.33        0.00
     0     3      652.00      131.33        0.00
     0     3      648.67      131.33        0.00
     0     3      644.67      131.33        0.00
     0     3      641.33      131.33        0.00
     0     3      636.67      132.00        0.00
     0     3      630.00      132.00        0.00
     0     3      626.00      132.67        0.00
     0     3      622.67      132.67        0.00
     0     3      619.33      132.67        0.00
     0     3      615.33      132.67        0.00
     0     3      611.33      132.67        0.00
     0     3      608.00      132.67        0.00
     0     3      604.67      133.33        0.00
     0     3      599.33      133.33        0.00
     0     3      596.00      133.33        0.00
     0     3      592.67      133.33        0.00
     0     3      588.67      132.00        0.00
     0     3      585.33      131.33        0.00
     0     3      582.00      130.67        0.00
     0     3      578.67      130.67        0.00
     0     3      574.67      129.33        0.00
     0     3      570.67      128.67        0.00
     0     3      567.33      127.33        0.00
     0     3      564.00      126.00        0.00
     0     3      560.00      126.00        0.00
     0     3      556.00      125.33        0.00
     0     3      552.00      125.33        0.00
     0     3      548.67      126.00        0.00
     0     3      544.67      126.67        0.00
     0     3      541.33      127.33        0.00
     0     4     1099.67     1030.00        0.00
     0     4     1096.33     1027.33        0.00
     0     4     1093.67     1024.00        0.00
     0     4     1091.00     1020.67        0.00
     0     4     1087.67     1016.00        0.00
     0     4     1085.67     1012.67        0.00
     0     4     1083.67     1009.33        0.00
     0     4     1082.33     1006.00        0.00
     0     4     1080.33     1002.00        0.00
     0     4     1078.33      998.67        0.00
     0     4     1075.67      993.33        0.00
     0     4     1073.67      988.67        0.00
     0     4     1072.33      985.33        0.00
     0     4     1071.00      980.00        0.00
     0     4     1070.33      976.00        0.00
     0     4     1069.67      971.33        0.00
     0     4     1069.67      967.33        0.00
     0     4     1069.67      962.67        0.00
     0     4     1069.67      958.00        0.00
     0     4     1069.67      952.67        0.00
     0     4     1069.67      948.00        0.00
     0     4     1070.33      942.00        0.00
     0     4     1071.00      937.33        0.00
     0     4     1072.33      933.33        0.00
     0     4     1073.67      929.33        0.00
     0     4     1075.00      924.67        0.00
     0     4     1076.33      920.67        0.00
     0     4     1077.67      916.67        0.00
     0     4     1079.00      913.33        0.00
     0     4     1080.33      909.33        0.00
     0     4     1081.00      906.00        0.00
     0     4     1083.00      903.33        0.00
     0     4     1084.33      899.33        0.00
     0     4     1086.33      896.67        0.00
     0     4     1089.00      892.67        0.00
     0     4     1091.00      890.00        0.00
     0     4     1093.67      886.00        0.00
     0     4     1095.67      883.33        0.00
     0     4     1097.67      880.67        0.00
     0     4     1100.33      877.33        0.00
     0     4     1101.67      874.00        0.00
     0     4     1104.33      871.33        0.00
     0     4     1107.67      867.33        0.00
     0     4     1110.33      865.33        0.00
     0     4     1114.33      862.00        0.00
     0     4     1118.33      859.33        0.00
     0     4     1121.67      856.67        0.00
     0     4     1124.33      854.67        0.00
     0     4     1127.67      852.00        0.00
     0     4     1131.67      850.00        0.00
     0     4     1135.67      848.00        0.00
     0     4     1140.33      845.33        0.00
     0     4     1143.67      843.33        0.00
     0     4     1146.33      841.33        0.00
     0     4     1149.67      839.33        0.00
     0     4     1153.67      836.67        0.00
     0     4     1157.67      834.67        0.00
     0     4     1161.00      832.67        0.00
     0     4     1165.67      832.00        0.00
     0     4     1171.00      830.67        0.00
     0     4     1175.00      829.33        0.00
     0     4     1179.67      829.33        0.00
     0     4     1183.67      828.00        0.00
     0     4     1187.67      828.00        0.00
     0     4     1193.00      827.33        0.00
     0     4     1196.33      827.33        0.00
     0     4     1200.33      827.33        0.00
     0     4     1204.33      827.33        0.00
     0     4     1208.33      827.33        0.00
     0     4     1211.67      827.33        0.00
     0     4     1215.00      827.33        0.00
     0     4     1218.33      828.00        0.00
     0     4     1221.67      828.67        0.00
     0     4     1225.67      829.33        0.00
     0     4     1229.00      830.00        0.00
     0     4     1233.00      831.33        0.00
     0     4     1236.33      832.00        0.00
     0     4     1241.00      833.33        0.00
     0     4     1244.33      834.67        0.00
     0     4     1249.00      836.00        0.00
     0     4     1253.00      837.33        0.00
     0     4     1257.00      839.33        0.00
     0     4     1260.33      840.67        0.00
     0     4     1263.67      842.67        0.00
     0     4     1268.33      845.33        0.00
     0     4     1271.00      847.33        0.00
     0     4     1275.00      850.67        0.00
     0     4     1277.67      853.33        0.00
     0     4     1281.00      856.67        0.00
     0     4     1284.33      858.67        0.00
     0     4     1287.00      862.00        0.00
     0     4     1289.67      864.67        0.00
     0     4     1291.67      867.33        0.00
     0     4     1294.33      870.67        0.00
     0     4     1296.33      874.00        0.00
     0     4     1298.33      876.67        0.00
     0     4     1300.33      879.33        0.00
     0     4     1302.33      882.00        0.00
     0     4     1304.33      886.00        0.00
     0     4     1306.33      889.33        0.00
     0     4     1307.67      892.67        0.00
     0     4     1309.67      896.67        0.00
     0     4     1311.00      900.67        0.00
     0     4     1312.33      905.33        0.00
     0     4     1312.33      908.67        0.00
     0     4     1313.67      913.33        0.00
     0     4     1314.33      916.67        0.00
     0     4     1315.00      921.33        0.00
     0     4     1315.67      925.33        0.00
     0     4     1315.67      929.33        0.00
     0     4     1316.33      934.00        0.00
     0     4     1317.00      938.00        0.00
     0     4     1317.00      943.33        0.00
     0     4     1317.00      948.67        0.00
     0     4     1316.33      955.33        0.00
     0     4     1317.00      960.67        0.00
     0     4     1317.00      966.67        0.00
     0     4     1316.33      972.00        0.00
     0     4     1316.33      977.33        0.00
     0     4     1316.33      981.33        0.00
     0     4     1316.33      985.33        0.00
     0     4     1316.33      990.00        0.00
     0     4     1315.67      994.00        0.00
     0     4     1313.67     1000.00        0.00
     0     4     1312.33     1004.00        0.00
     0     4     1311.67     1008.00        0.00
     0     4     1310.33     1011.33        0.00
     0     4     1308.33     1015.33        0.00
     0     4     1307.00     1020.00        0.00
     0     4     1305.67     1023.33        0.00
     0     4     1304.33     1026.67        0.00
     0     4     1302.33     1029.33        0.00
     0     6      932.00      503.00        0.00
     0     7      176.90      535.23        0.00
     0     7      180.75      537.32        0.00
     0     7      184.59      539.41        0.00
     0     7      189.21      540.88        0.00
     0     7      192.88      542.19        0.00
     0     7      196.56      543.50        0.00
     0     7      201.09      545.00        0.00
     0     7      204.96      546.14        0.00
     0     7      208.93      547.22        0.00
     0     7      212.44      548.39        0.00
     0     7      215.87      549.58        0.00
     0     7      219.26      551.01        0.00
     0     7      222.89      552.59        0.00
     0     7      226.43      553.86        0.00
     0     7      229.98      555.12        0.00
     0     7      233.71      556.29        0.00
     0     7      237.25      557.10        0.00
     0     7      240.79      557.91        0.00
     0     7      244.51      558.90        0.00
     0     7      248.36      560.07        0.00
     0     7      252.29      561.65        0.00
     0     7      256.15      563.62        0.00
     0     7      260.03      565.29        0.00
     0     7      263.92      566.96        0.00
     0     7      267.33      568.71        0.00
     0     7      270.75      570.45        0.00
     0     7      273.66      571.86        0.00
     0     7      278.39      575.61        0.00
     0     7      280.00      578.67        0.00
     0     7      283.33      582.00        0.00
     0     7      286.00      584.00        0.00
     0     7      289.33      586.67        0.00
     0     7      292.00      589.33        0.00
     0     7      294.67      591.33        0.00
     0     7      298.00      593.33        0.00
     0     7      301.33      595.33        0.00
     0     7      304.00      597.33        0.00
     0     7      307.33      599.33        0.00
     0     7      310.00      601.33        0.00
     0     7      312.67      604.00        0.00
     0     7      315.33      606.00        0.00
     0     7      318.00      608.67        0.00
     0     7      321.33      610.67        0.00
     0     7      324.00      613.33        0.00
     0     7      327.33      614.67        0.00
     0     7      330.00      617.33        0.00
     0     7      332.67      620.00        0.00
     0     7      335.33      622.00        0.00
     0     7      338.67      623.33        0.00
     0     7      342.00      625.33        0.00
     0     7      346.00      627.33        0.00
     0     7      350.00      629.33        0.00
     0     7      354.67      631.33        0.00
     0     7      358.00      632.00        0.00
     0     7      362.67      634.00        0.00
     0     7      366.67      635.33        0.00
     0     7      370.67      636.67        0.00
     0     7      374.67      638.00        0.00
     0     7      378.00      638.67        0.00
     0     7      381.33      639.33        0.00
     0     7      384.67      640.67        0.00
     0     7      388.00      641.33        0.00
     0     7      392.00      642.00        0.00
     0     7      395.33      642.67        0.00
     0     7      399.33      643.33        0.00
     0     7      403.33      644.67        0.00
     0     7      407.33      646.00        0.00
     0     7      412.00      647.33        0.00
     0     7      416.67      648.67        0.00
     0     7      421.33      650.00        0.00
     0     7      425.33      651.33        0.00
     0     7      430.00      652.67        0.00
     0     7      433.33      654.00        0.00
     0     7      437.33      656.00        0.00
     0     7      440.67      656.67        0.00
     0     7      444.67      658.00        0.00
     0     7      449.33      660.00        0.00
     0     7      454.67      662.00        0.00
     0     7      458.00      663.33        0.00
     0     7      462.00      664.67        0.00
     0     7      465.33      666.00        0.00
     0     7      468.67      666.67        0.00
     0     7      472.67      667.33        0.00
     0     7      476.00      668.00        0.00
     0     7      480.00      669.33        0.00
     0     7      483.33      670.00        0.00
     0     7      488.00      671.33        0.00
     0     7      492.00      672.00        0.00
     0     7      495.33      672.67        0.00
     0     7      498.67      674.00        0.00
     0     7      503.33      674.67        0.00
     0     7      508.00      675.33        0.00
     0     7      512.67      676.00        0.00
     0     7      518.00      676.67        0.00
     0     7      522.00      676.67        0.00
     0     7      525.33      676.67        0.00
     0     7      533.33      676.00        0.00
     0     7      555.33      671.33        0.00
     0     7      559.33      670.00        0.00
     0     7      563.33      667.33        0.00
     0     7      566.67      664.67        0.00
     0     7      569.33      662.67        0.00
     0     7      572.67      658.67        0.00
     0     7      575.33      656.00        0.00
     0     7      578.00      652.67        0.00
     0     7      581.33      649.33        0.00
     0     7      584.67      646.67        0.00
     0     7      588.00      643.33        0.00
     0     7      591.33      640.67        0.00
     0     7      595.33      637.33        0.00
     0     7      600.00      633.33        0.00
     0     7      603.33      630.67        0.00
     0     7      606.67      628.00        0.00
     0     7      610.00      624.67        0.00
     0     7      612.67      622.67        0.00
     0     7      616.00      620.00        0.00
     0     7      618.67      616.67        0.00
     0     7      620.67      614.00        0.00
     0     7      622.67      611.33        0.00
     0     7      625.33      607.33        0.00
     0     7      627.33      603.33        0.00
     0     7      629.33      600.00        0.00
     0     7      632.00      596.00        0.00
     0     7      634.67      592.67        0.00
     0     7      638.00      588.67        0.00
     0     7      642.00      584.67        0.00
     0     7      645.33      582.00        0.00
     0     7      648.67      579.33        0.00
     0     7      652.00      574.67        0.00
     0     7      654.67      572.00        0.00
     0     7      656.67      569.33        0.00
     0     7      658.67      566.00        0.00
     0     7      660.67      563.33        0.00
     0     7      662.00      560.00        0.00
     0     7      663.33      556.67        0.00
     0     7      664.00      552.67        0.00
     0     7      664.67      549.33        0.00
     0     7      665.33      545.33        0.00
     0     7      666.00      542.00        0.00
     0     7      666.00      538.67        0.00
     0     7      666.67      534.67        0.00
     0     7      666.67      531.33        0.00
     0     7      667.33      528.00        0.00
     0     7      667.33      524.00        0.00
     0     7      667.33      520.67        0.00
     0     7      667.33      517.33        0.00
     0     7      666.67      514.00        0.00
     0     7      666.67      509.33        0.00
     0     7      666.00      506.00        0.00
     0     7      665.33      502.67        0.00
     0     7      664.67      498.67        0.00
     0     7      663.33      495.33        0.00
     0     7      662.67      492.00        0.00
     0     7      660.67      488.00        0.00
     0     7      659.33      484.67        0.00
     0     7      658.00      480.67        0.00
     0     7      656.00      477.33        0.00
     0     7      654.67      474.00        0.00
     0     7      652.67      471.33        0.00
     0     7      650.67      467.33        0.00
     0     7      648.00      463.33        0.00
     0     7      646.00      460.67        0.00
     0     7      643.33      458.67        0.00
     0     7      640.67      456.67        0.00
     0     7      636.67      454.67        0.00
     0     7      634.00      452.67        0.00
     0     7      631.33      450.67        0.00
     0     7      627.33      448.67        0.00
     0     7      622.67      446.00        0.00
     0     7      618.67      444.00        0.00
     0     7      614.67      442.00        0.00
     0     7      611.33      440.00        0.00
     0     7      607.33      439.33        0.00
     0     7      602.67      439.33        0.00
     0     7      599.33      439.33        0.00
     0     7      594.00      439.33        0.00
     0     7      590.67      439.33        0.00
     0     7      587.33      439.33        0.00
     0     7      582.00      439.33        0.00
     0     7      576.67      439.33        0.00
     0     7      573.33      440.00        0.00
     0     7      568.67      440.67        0.00
     0     7      564.67      442.00        0.00
     0     7      560.00      444.67        0.00
     0     7      557.33      446.67        0.00
     0     7      551.90      448.79        0.00
     0     7      549.19      449.12        0.00
     0     7      546.61      449.80        0.00
     0     7      544.14      450.80        0.00
     0     7      541.55      452.31        0.00
     0     7      539.21      454.19        0.00
     0     7      537.44      456.06        0.00
     0     7      535.92      458.13        0.00
     0     7      534.60      460.56        0.00
     0     7      533.63      463.14        0.00
     0     7      532.86      467.03        0.00
     0     7      532.76      469.34        0.00
     0     7      526.00      473.33        0.00
     0     7      522.00      476.00        0.00
     0     7      519.33      478.00        0.00
     0     7      516.67      480.67        0.00
     0     7      513.33      482.67        0.00
     0     7      510.00      484.67        0.00
     0     7      506.67      486.00        0.00
     0     7      502.67      487.33        0.00
     0     7      498.67      487.33        0.00
     0     7      495.33      486.00        0.00
     0     7      492.00      485.33        0.00
     0     7      488.67      485.33        0.00
     0     7      485.33      485.33        0.00
     0     7      482.00      484.00        0.00
     0     7      478.67      483.33        0.00
     0     7      475.33      481.33        0.00
     0     7      472.00      480.67        0.00
     0     7      468.67      479.33        0.00
     0     7      465.33      478.67        0.00
     0     7      461.33      477.33        0.00
     0     7      457.33      476.67        0.00
     0     7      454.00      476.00        0.00
     0     7      450.67      474.67        0.00
     0     7      448.00      472.67        0.00
     0     7      444.67      470.00        0.00
     0     7      440.67      468.00        0.00
     0     7      438.00      466.00        0.00
     0     7      434.00      464.00        0.00
     0     7      431.33      462.00        0.00
     0     7      428.67      460.00        0.00
     0     7      426.00      458.00        0.00
     0     7      423.33      456.00        0.00
     0     7      420.00      454.67        0.00
     0     7      416.00      453.33        0.00
     0     7      411.33      452.00        0.00
     0     7      406.67      450.67        0.00
     0     7      402.67      449.33        0.00
     0     7      398.67      448.00        0.00
     0     7      395.33      446.67        0.00
     0     7      390.67      444.67        0.00
     0     7      387.33      444.00        0.00
     0     7      384.00      442.67        0.00
     0     7      380.00      440.67        0.00
     0     7      376.00      440.00        0.00
     0     7      372.67      439.33        0.00
     0     7      367.33      438.67        0.00
     0     7      364.00      438.00        0.00
     0     7      360.00      438.00        0.00
     0     7      356.67      438.00        0.00
     0     7      352.67      438.00        0.00
     0     7      348.67      438.00        0.00
     0     7      344.67      437.33        0.00
     0     7      340.67      436.67        0.00
     0     7      335.33      436.67        0.00
     0     7      330.67      436.67        0.00
     0     7      325.33      436.00        0.00
     0     7      321.33      436.00        0.00
     0     7      317.33      436.00        0.00
     0     7      313.33      436.00        0.00
     0     7      307.33      436.00        0.00
     0     7      303.33      436.67        0.00
     0     7      298.67      438.00        0.00
     0     7      294.67      440.00        0.00
     0     7      290.00      442.00        0.00
     0     7      285.33      444.67        0.00
     0     7      281.33      446.00        0.00
     0     7      278.00      448.00        0.00
     0     7      275.33      450.00        0.00
     0     7      271.33      452.67        0.00
     0     7      267.87      453.13        0.00
     0     7      263.95      452.40        0.00
     0     7      259.55      451.80        0.00
     0     7      255.04      451.43        0.00
     0     7      250.49      451.10        0.00
     0     7      246.95      450.96        0.00
     0     7      243.40      450.82        0.00
     0     7      238.19      451.78        0.00
     0     7      235.23      452.11        0.00
     0     7      230.23      452.45        0.00
     0     7      227.64      451.93        0.00
     0     7      223.05      451.56        0.00
     0     7      219.56      450.98        0.00
     0     7      216.16      450.37        0.00
     0     7      212.76      449.76        0.00
     0     7      208.66      448.41        0.00
     0     7      204.65      447.65        0.00
     0     7      200.64      446.88        0.00
     0     7      196.99      445.98        0.00
     0     7      193.05      445.49        0.00
     0     7      189.25      444.87        0.00
     0     7      185.14      444.14        0.00
     0     7      181.17      443.43        0.00
     0     7      177.36      442.48        0.00
     0     7      173.72      441.59        0.00
     0     7      170.06      440.59        0.00
     0     7      166.39      439.58        0.00
     0     7      162.75      438.64        0.00
     0     7      159.22      437.77        0.00
     0     7      155.19      436.44        0.00
     0     7      151.93      433.81        0.00
     0     7      148.80      430.47        0.00
     0     7      146.75      426.86        0.00
     0     7      144.70      423.26        0.00
     0     7      143.18      420.30        0.00
     0     7      141.21      417.35        0.00
     0     7      139.15      414.14        0.00
     0     7      137.05      410.51        0.00
     0     7      135.00      406.73        0.00
     0     7      132.85      402.96        0.00
     0     7      130.70      399.18        0.00
     0     7      128.06      395.48        0.00
     0     7      124.94      392.84        0.00
     0     7      122.36      390.50        0.00
     0     7      119.77      388.16        0.00
     0     7      116.68      385.57        0.00
     0     7      113.45      382.72        0.00
     0     7      110.23      379.87        0.00
     0     7      106.99      377.69        0.00
     0     7      103.55      375.14        0.00
     0     7      100.42      372.41        0.00
     0     7       97.30      369.67        0.00
     0     7       92.59      366.17        0.00
     0     7       89.83      364.95        0.00
     0     7       86.13      363.80        0.00
     0     7       82.64      360.81        0.00
     0     7       78.89      357.81        0.00
     0     7       75.15      354.81        0.00
     0     7       71.34      352.73        0.00
     0     7       67.95      350.93        0.00
     0     7       64.57      349.14        0.00
     0     7       61.97      346.87        0.00
     0     7       59.37      344.61        0.00
     0     7       56.76      341.71        0.00
     0     7       54.15      338.80        0.00
     0     7       52.51      336.89        0.00
     0     7       50.64      335.20        0.00
     0     7       46.95      331.44        0.00
     0     7       43.00      328.00        0.00
     0     7       41.00      325.00        0.00
     0     7       39.00      322.00        0.00
     0     7       37.00      319.00        0.00
     0     7       35.00      316.00        0.00
     0     7       32.00      312.00        0.00
     0     7       30.00      308.00        0.00
     0     7       27.00      304.00        0.00
     0     7       25.00      301.00        0.00
     0     7       22.00      299.00        0.00
     0     7       20.00      295.00        0.00
     0     7       17.00      293.00        0.00
     0     7       15.00      290.00        0.00
     0     7       11.00      287.00        0.00
     0     7        8.00      285.00        0.00
     0     7        6.00      282.00        0.00
     0     7        3.00      279.00        0.00
     0     7        2.94      285.97        0.00
     0     7        2.91      289.45        0.00
     0     7        2.87      292.94        0.00
     0     7        2.84      296.42        0.00
     0     7        2.81      299.91        0.00
     0     7        2.78      303.39        0.00
     0     7        2.75      306.87        0.00
     0     7        2.72      310.36        0.00
     0     7        2.69      313.84        0.00
     0     7        2.66      317.33        0.00
     0     7        2.62      320.81        0.00
     0     7        2.59      324.30        0.00
     0     7        2.56      327.78        0.00
     0     7        2.53      331.27        0.00
     0     7        2.50      334.75        0.00
     0     7        2.47      338.23        0.00
     0     7        2.44      341.72        0.00
     0     7        2.41      345.20        0.00
     0     7        2.37      348.69        0.00
     0     7        2.34      352.17        0.00
     0     7        2.31      355.66        0.00
     0     7        2.28      359.14        0.00
     0     7        2.25      362.62        0.00
     0     7        2.22      366.11        0.00
     0     7        2.19      369.59        0.00
     0     7        2.16      373.08        0.00
     0     7        2.12      376.56        0.00
     0     7        2.09      380.05        0.00
     0     7        2.06      383.53        0.00
     0     7        2.03      387.02        0.00
     0     7        2.00      390.50        0.00
     0     7        1.97      393.98        0.00
     0     7        1.94      397.47        0.00
     0     7        1.91      400.95        0.00
     0     7        1.87      404.44        0.00
     0     7        1.84      407.92        0.00
     0     7        1.81      411.41        0.00
     0     7        1.78      414.89        0.00
     0     7        1.75      418.37        0.00
     0     7        1.72      421.86        0.00
     0     7        1.69      425.34        0.00
     0     7        1.66      428.83        0.00
     0     7        1.62      432.31        0.00
     0     7        1.59      435.80        0.00
     0     7        1.56      439.28        0.00
     0     7        1.53      442.77        0.00
     0     7        1.50      446.25        0.00
     0     7        1.47      449.73        0.00
     0     7        1.44      453.22        0.00
     0     7        1.41      456.70        0.00
     0     7        1.37      460.19        0.00
     0     7        1.25      474.12        0.00
     0     7        1.00      502.00        0.00
     0     7        5.00      501.00        0.00
     0     7        9.00      501.00        0.00
     0     7       13.00      500.00        0.00
     0     7       18.00      500.00        0.00
     0     7       23.00      499.00        0.00
     0     7       27.00      499.00        0.00
     0     7       31.00      499.00        0.00
     0     7       34.00      498.00        0.00
     0     7       39.00      498.00        0.00
     0     7       44.00      498.00        0.00
     0     7       50.00      498.00        0.00
     0     7       54.00      498.00        0.00
     0     7       59.00      498.00        0.00
     0     7       63.00      498.00        0.00
     0     7       68.00      498.00        0.00
     0     7       72.00      498.00        0.00
     0     7       78.00      498.00        0.00
     0     7       82.02      499.30        0.00
     0     7       85.79      500.85        0.00
     0     7       89.59      502.49        0.00
     0     7       93.53      503.82        0.00
     0     7       97.47      505.16        0.00
     0     7      101.67      505.87        0.00
     0     7      105.74      506.57        0.00
     0     7      109.77      507.24        0.00
     0     7      113.49      508.16        0.00
     0     7      116.91      509.13        0.00
     0     7      120.33      510.11        0.00
     0     7      123.75      510.89        0.00
     0     7      127.31      511.71        0.00
     0     7      130.80      512.73        0.00
     0     7      134.28      513.76        0.00
     0     7      137.71      515.06        0.00
     0     7      141.06      516.26        0.00
     0     7      144.45      517.39        0.00
     0     7      148.18      518.74        0.00
     0     7      151.66      520.21        0.00
     0     7      155.14      521.67        0.00
     0     7      158.86      523.19        0.00
     0     7      162.40      525.23        0.00
     0     7      166.16      527.33        0.00
     0     7      169.81      529.70        0.00
     0     7      173.35      532.47        0.00
     1     0       62.50      330.00        0.00
     1     0       60.00      331.00        0.00
     1     0       57.00      331.00        0.00
     1     0       54.00      329.50        0.00
     1     0       51.50      328.00        0.00
     1     0       49.50      326.50        0.00
     1     0       47.50      324.50        0.00
     1     0       46.50      322.00        0.00
     1     0       45.00      319.00        0.00
     1     0       44.50      315.50        0.00
     1     0       45.00      312.50        0.00
     1     0       45.50      309.00        0.00
     1     0       46.50      306.50        0.00
     1     0       48.50      304.50        0.00
     1     0       50.50      303.00        0.00
     1     0       53.50      302.50        0.00
     1     0       56.50      302.50        0.00
     1     0       59.50      303.00        0.00
     1     0       61.50      305.00        0.00
     1     0       63.50      307.00        0.00
     1     0       65.50      310.00        0.00
     1     0       67.00      312.00        0.00
     1     0       68.00      315.00        0.00
     1     0       68.00      318.00        0.00
     1     0       67.50      320.50        0.00
     1     0       66.50      323.00        0.00
     1     1      112.00      368.50        0.00
     1     1      109.50      369.00        0.00
     1     1      107.00      369.00        0.00
     1     1      104.00      369.00        0.00
     1     1      101.50      368.00        0.00
     1     1       99.00      366.50        0.00
     1     1       98.50      364.00        0.00
     1     1       98.50      361.00        0.00
     1     1      100.00      358.50        0.00
     1     1      101.50      356.50        0.00
     1     1      104.00      355.50        0.00
     1     1      111.50      356.00        0.00
     1     1      114.00      357.00        0.00
     1     1      116.00      359.00        0.00
     1     1      117.50      361.50        0.00
     1     1      117.50      364.00        0.00
     1     2      132.00      397.50        0.00
     1     2      130.00      399.00        0.00
     1     2      128.00      400.50        0.00
     1     2      125.00      401.50        0.00
     1     2      122.50      402.00        0.00
     1     2      119.00      401.50        0.00
     1     2      116.50      400.50        0.00
     1     2      114.50      399.00        0.00
     1     2      113.50      396.00        0.00
     1     2      113.00      393.50        0.00
     1     2      113.00      390.50        0.00
     1     2      112.50      387.50        0.00
     1     2      114.00      384.50        0.00
     1     2      116.00      382.50        0.00
     1     2      119.00      381.00        0.00
     1     2      121.50      380.50        0.00
     1     2      124.50      380.00        0.00
     1     2      127.00      380.00        0.00
     1     2      129.50      381.00        0.00
     1     2      131.50      382.50        0.00
     1     2      132.50      385.50        0.00
     1     2      132.50      388.00        0.00
     1     2      133.00      390.50        0.00
     1     3      158.00      416.00        0.00
     1     3      157.50      421.00        0.00
     1     3      156.50      423.50        0.00
     1     3      155.00      426.50        0.00
     1     3      152.50      427.50        0.00
     1     3      150.00      428.00        0.00
     1     3      147.50      428.00        0.00
     1     3      145.50      426.50        0.00
     1     3      144.00      424.00        0.00
     1     3      143.00      421.50        0.00
     1     3      143.00      418.50        0.00
     1     3      143.00      416.00        0.00
     1     3      144.50      414.00        0.00
     1     3      146.50      412.50        0.00
     1     3      149.00      412.50        0.00
     1     4      202.00      435.00        0.00
     1     4      196.50      435.50        0.00
     1     4      193.50      436.00        0.00
     1     4      191.00      436.00        0.00
     1     4      188.50      435.00        0.00
     1     4      186.50      433.00        0.00
     1     4      184.50      430.00        0.00
     1     4      184.00      426.50        0.00
     1     4      184.00      424.00        0.00
     1     4      185.00      421.50        0.00
     1     4      186.50      419.50        0.00
     1     4      189.50      418.50        0.00
     1     4      192.50      418.50        0.00
     1     4      195.50      418.50        0.00
     1     4      198.00      418.50        0.00
     1     4      200.50      419.50        0.00
     1     4      202.00      421.50        0.00
     1     4      203.00      424.00        0.00
     1     4      204.50      426.50        0.00
     1     4      205.00      429.00        0.00
     1     5      365.50      427.50        0.00
     1     5      365.50      430.00        0.00
     1     5      364.00      432.50        0.00
     1     5      361.50      434.00        0.00
     1     5      359.00      434.50        0.00
     1     5      356.50      435.00        0.00
     1     5      354.00      435.50        0.00
     1     5      351.00      435.50        0.00
     1     5      348.50      434.00        0.00
     1     5      347.00      432.00        0.00
     1     5      346.50      429.50        0.00
     1     5      346.50      427.00        0.00
     1     5      348.00      424.50        0.00
     1     5      350.00      422.50        0.00
     1     5      352.00      421.00        0.00
     1     5      354.50      419.50        0.00
     1     5      357.00      418.50        0.00
     1     5      359.50      418.00        0.00
     1     5      362.50      418.00        0.00
     1     5      364.50      420.00        0.00
     1     6      577.50      423.50        0.00
     1     6      575.50      428.50        0.00
     1     6      574.00      430.50        0.00
     1     6      571.00      431.50        0.00
     1     6      568.50      431.50        0.00
     1     6      565.50      431.00        0.00
     1     6      562.50      429.50        0.00
     1     6      560.00      428.00        0.00
     1     6      558.50      425.50        0.00
     1     6      558.00      422.00        0.00
     1     6      558.00      419.50        0.00
     1     6      558.00      416.50        0.00
     1     6      559.00      414.00        0.00
     1     6      560.50      412.00        0.00
     1     6      562.50      410.50        0.00
     1     6      565.50      410.00        0.00
     1     6      568.00      410.00        0.00
     1     6      570.50      410.00        0.00
     1     6      573.00      410.50        0.00
     1     6      575.00      412.00        0.00
     1     6      576.50      414.50        0.00
     1     7      638.00      410.00        0.00
     1     7      635.00      414.00        0.00
     1     7      632.50      416.00        0.00
     1     7      630.00      417.00        0.00
     1     7      627.00      417.00        0.00
     1     7      624.50      416.50        0.00
     1     7      622.50      414.50        0.00
     1     7      621.00      412.50        0.00
     1     7      620.50      410.00        0.00
     1     7      620.00      406.50        0.00
     1     7      619.50      403.50        0.00
     1     7      619.50      401.00        0.00
     1     7      620.00      398.00        0.00
     1     7      621.50      396.00        0.00
     1     7      623.00      393.00        0.00
     1     7      625.00      391.50        0.00
     1     7      627.50      391.00        0.00
     1     7      630.00      391.00        0.00
     1     7      632.50      391.00        0.00
     1     7      635.00      391.50        0.00
     1     7      637.50      393.00        0.00
     1     7      638.50      395.50        0.00
     1     7      638.50      398.00        0.00
     1     7      638.50      401.00        0.00
     1     8      649.00      459.00        0.00
     1     8      644.00      461.00        0.00
     1     8      640.50      461.00        0.00
     1     8      638.50      459.50        0.00
     1     8      636.50      457.00        0.00
     1     8      635.50      454.00        0.00
     1     8      635.00      451.50        0.00
     1     8      634.50      449.00        0.00
     1     8      634.50      446.00        0.00
     1     8      635.00      442.50        0.00
     1     8      635.50      440.00        0.00
     1     8      637.00      437.00        0.00
     1     8      639.50      434.00        0.00
     1     8      642.00      433.00        0.00
     1     8      644.50      433.00        0.00
     1     8      647.50      433.00        0.00
     1     8      649.50      435.00        0.00
     1     8      651.50      436.50        0.00
     1     8      652.50      439.00        0.00
     1     8      653.00      441.50        0.00
     1     8      653.00      444.50        0.00
     1     8      653.00      447.50        0.00
     1     8      652.00      450.00        0.00
     1     8      651.50      453.00        0.00
     1     9      685.00      518.00        0.00
     1     9      685.50      520.50        0.00
     1     9      685.50      523.00        0.00
     1     9      684.00      525.50        0.00
     1     9      682.00      527.00        0.00
     1     9      679.50      527.50        0.00
     1     9      677.00      527.00        0.00
     1     9      674.50      525.50        0.00
     1     9      672.50      523.00        0.00
     1     9      672.00      520.00        0.00
     1     9      672.00      517.50        0.00
     1     9      673.50      515.00        0.00
     1     9      675.00      512.50        0.00
     1     9      677.00      511.00        0.00
     1     9      680.00      511.00        0.00
     1     9      682.50      512.00        0.00
     1    10      698.50      552.00        0.00
     1    10      697.00      554.00        0.00
     1    10      694.50      555.00        0.00
     1    10      692.00      555.00        0.00
     1    10      689.00      553.50        0.00
     1    10      687.00      551.50        0.00
     1    10      686.00      548.50        0.00
     1    10      685.50      546.00        0.00
     1    10      685.50      543.00        0.00
     1    10      686.50      540.50        0.00
     1    10      688.50      538.50        0.00
     1    10      691.00      538.50        0.00
     1    10      694.00      538.50        0.00
     1    10      697.00      538.50        0.00
     1    10      698.50      540.50        0.00
     1    10      699.00      543.00        0.00
     1    11      721.50      549.00        0.00
     1    11      716.50      550.00        0.00
     1    11      714.00      550.00        0.00
     1    11      711.00      550.00        0.00
     1    11      709.50      548.00        0.00
     1    11      708.00      545.00        0.00
     1    11      708.00      542.00        0.00
     1    11      709.50      539.50        0.00
     1    11      712.50      537.50        0.00
     1    11      715.00      537.00        0.00
     1    11      717.50      536.50        0.00
     1    11      720.00      536.50        0.00
     1    11      722.50      537.00        0.00
     1    11      731.00      536.50        0.00
     1    11      734.00      536.50        0.00
     1    11      736.50      535.00        0.00
     1    11      739.00      533.50        0.00
     1    11      741.00      531.50        0.00
     1    11      743.50      530.50        0.00
     1    11      746.00      530.50        0.00
     1    11      748.50      531.50        0.00
     1    11      751.50      531.50        0.00
     1    11      754.00      531.50        0.00
     1    11      756.50      531.50        0.00
     1    11      759.00      531.50        0.00
     1    11      762.00      530.50        0.00
     1    11      765.00      529.50        0.00
     1    11      767.50      529.00        0.00
     1    11      770.50      528.50        0.00
     1    11      773.00      528.50        0.00
     1    11      775.50      529.00        0.00
     1    11      778.50      530.00        0.00
     1    11      781.00      531.50        0.00
     1    11      783.00      533.00        0.00
     1    11      784.00      535.50        0.00
     1    11      786.00      537.50        0.00
     1    11      787.50      540.00        0.00
     1    11      787.50      542.50        0.00
     1    11      786.50      545.00        0.00
     1    11      784.00      546.00        0.00
     1    11      781.50      547.00        0.00
     1    11      779.00      548.00        0.00
     1    11      776.00      548.50        0.00
     1    11      773.50      548.50        0.00
     1    11      770.50      548.50        0.00
     1    11      768.00      548.50        0.00
     1    11      765.50      548.50        0.00
     1    11      762.50      547.50        0.00
     1    11      760.00      546.50        0.00
     1    11      757.00      545.50        0.00
     1    11      754.50      545.00        0.00
     1    11      752.00      545.00        0.00
     1    11      749.50      544.50        0.00
     1    11      747.00      544.00        0.00
     1    11      744.50      543.50        0.00
     1    11      741.50      542.50        0.00
     1    11      739.00      542.50        0.00
     1    11      736.50      543.00        0.00
     1    11      734.50      544.50        0.00
     1    11      731.50      545.50        0.00
     1    11      729.50      547.00        0.00
     1    12      676.50      550.00        0.00
     1    12      673.00      558.00        0.00
     1    12      669.00      558.50        0.00
     1    12      666.50      558.50        0.00
     1    12      663.00      556.50        0.00
     1    12      660.50      555.00        0.00
     1    12      659.00      552.50        0.00
     1    12      658.00      549.50        0.00
     1    12      658.00      546.50        0.00
     1    12      659.50      543.50        0.00
     1    12      661.50      542.00        0.00
     1    12      664.00      540.00        0.00
     1    12      667.00      539.50        0.00
     1    12      669.50      539.50        0.00
     1    12      672.00      540.50        0.00
     1    12      674.00      542.00        0.00
     1    13      661.50      571.00        0.00
     1    13      662.00      576.00        0.00
     1    13      662.00      579.00        0.00
     1    13      660.50      581.50        0.00
     1    13      657.50      582.00        0.00
     1    13      655.00      582.00        0.00
     1    13      651.50      582.50        0.00
     1    13      649.00      581.50        0.00
     1    13      647.50      579.00        0.00
     1    13      647.00      576.50        0.00
     1    13      647.00      574.00        0.00
     1    13      647.00      571.50        0.00
     1    13      647.50      568.00        0.00
     1    13      649.50      564.50        0.00
     1    13      651.50      562.50        0.00
     1    13      654.50      562.00        0.00
     1    13      657.50      563.00        0.00
     1    13      659.50      564.50        0.00
     1    14      647.00      590.00        0.00
     1    14      648.50      594.50        0.00
     1    14      648.50      597.00        0.00
     1    14      647.00      599.00        0.00
     1    14      645.50      601.00        0.00
     1    14      643.50      603.00        0.00
     1    14      641.50      604.50        0.00
     1    14      639.00      605.50        0.00
     1    14      636.50      605.00        0.00
     1    14      634.50      603.00        0.00
     1    14      633.50      600.50        0.00
     1    14      633.00      597.50        0.00
     1    14      633.00      594.50        0.00
     1    14      633.00      592.00        0.00
     1    14      634.50      590.00        0.00
     1    14      637.00      588.50        0.00
     1    14      639.50      588.00        0.00
     1    15      659.00      592.50        0.00
     1    15      663.50      595.00        0.00
     1    15      665.00      597.50        0.00
     1    15      665.50      600.00        0.00
     1    15      664.50      602.50        0.00
     1    15      663.00      605.00        0.00
     1    15      661.00      607.50        0.00
     1    15      658.00      608.00        0.00
     1    15      655.00      607.00        0.00
     1    15      653.00      605.00        0.00
     1    15      652.50      602.50        0.00
     1    15      652.50      599.50        0.00
     1    15      654.00      596.50        0.00
     1    15      655.50      594.50        0.00
     1    15      658.00      594.00        0.00
     1    16      692.00      578.50        0.00
     1    16      687.00      579.50        0.00
     1    16      684.50      578.50        0.00
     1    16      683.00      576.00        0.00
     1    16      682.50      573.00        0.00
     1    16      684.50      570.50        0.00
     1    16      686.00      568.50        0.00
     1    16      688.00      567.00        0.00
     1    16      690.00      565.00        0.00
     1    16      692.00      563.50        0.00
     1    16      694.50      563.50        0.00
     1    16      697.00      564.00        0.00
     1    16      699.00      565.50        0.00
     1    16      699.50      568.00        0.00
     1    16      699.00      570.50        0.00
     1    16      698.50      573.00        0.00
     1    16      697.00      575.00        0.00
     1    17      688.50      579.00        0.00
     1    18      730.50      564.50        0.00
     1    18      731.50      565.50        0.00
     1    18      726.50      567.00        0.00
     1    18      724.00      567.00        0.00
     1    18      721.00      566.00        0.00
     1    18      720.00      563.50        0.00
     1    18      720.00      561.00        0.00
     1    18      721.00      558.50        0.00
     1    18      722.00      556.00        0.00
     1    18      724.00      554.00        0.00
     1    18      726.50      553.00        0.00
     1    18      729.00      552.50        0.00
     1    18      731.50      552.50        0.00
     1    18      734.00      552.50        0.00
     1    18      736.50      553.00        0.00
     1    18      737.00      555.50        0.00
     1    18      736.50      558.00        0.00
     1    18      735.00      560.00        0.00
     1    19      721.00      738.00        0.00
     1    19      718.00      737.50        0.00
     1    19      715.50      737.00        0.00
     1    19      713.50      735.50        0.00
     1    19      711.50      733.50        0.00
     1    19      710.00      731.50        0.00
     1    19      709.00      729.00        0.00
     1    19      708.00      726.00        0.00
     1    19      708.00      723.50        0.00
     1    19      710.00      722.00        0.00
     1    19      712.50      721.50        0.00
     1    19      715.00      721.50        0.00
     1    19      717.50      722.00        0.00
     1    19      719.50      723.50        0.00
     1    19      721.00      725.50        0.00
     1    19      722.00      728.00        0.00
     1    19      723.00      730.50        0.00
     1    20      610.00      604.50        0.00
     1    20      608.00      606.00        0.00
     1    20      605.50      606.00        0.00
     1    20      603.50      604.50        0.00
     1    20      601.50      602.50        0.00
     1    20      600.50      600.00        0.00
     1    20      600.00      597.50        0.00
     1    20      600.00      595.00        0.00
     1    20      600.50      592.50        0.00
     1    20      602.00      590.50        0.00
     1    20      604.50      590.00        0.00
     1    20      607.00      590.50        0.00
     1    20      609.00      592.00        0.00
     1    20      610.50      594.00        0.00
     1    20      612.00      596.00        0.00
     1    20      612.50      598.50        0.00
     1    21      629.50      587.00        0.00
     1    21      628.50      589.50        0.00
     1    21      626.50      591.50        0.00
     1    21      624.00      592.50        0.00
     1    21      621.50      592.00        0.00
     1    21      619.00      591.50        0.00
     1    21      616.50      590.50        0.00
     1    21      614.50      588.50        0.00
     1    21      613.50      585.50        0.00
     1    21      613.00      583.00        0.00
     1    21      613.00      580.00        0.00
     1    21      613.00      577.50        0.00
     1    21      614.50      575.00        0.00
     1    21      616.50      573.50        0.00
     1    21      619.50      572.50        0.00
     1    21      622.00      572.50        0.00
     1    21      624.50      572.50        0.00
     1    21      627.00      573.50        0.00
     1    21      629.00      575.00        0.00
     1    21      630.50      577.50        0.00
     1    21      631.50      580.00        0.00
     1    22      620.00      563.00        0.00
     1    22      617.00      564.50        0.00
     1    22      614.00      565.00        0.00
     1    22      611.50      565.00        0.00
     1    22      609.00      565.00        0.00
     1    22      606.50      565.00        0.00
     1    22      604.50      563.00        0.00
     1    22      603.00      561.00        0.00
     1    22      603.00      558.50        0.00
     1    22      603.00      556.00        0.00
     1    22      604.50      554.00        0.00
     1    22      606.50      552.00        0.00
     1    22      609.00      551.00        0.00
     1    22      611.50      550.00        0.00
     1    22      614.00      550.00        0.00
     1    22      616.50      551.00        0.00
     1    22      617.50      554.00        0.00
     1    23      645.50      556.50        0.00
     1    23      643.00      558.00        0.00
     1    23      640.50      558.00        0.00
     1    23      638.00      557.00        0.00
     1    23      635.50      555.00        0.00
     1    23      634.00      553.00        0.00
     1    23      633.00      550.00        0.00
     1    23      634.50      547.50        0.00
     1    23      637.00      547.00        0.00
     1    23      639.50      546.50        0.00
     1    23      642.00      547.00        0.00
     1    23      644.50      548.00        0.00
     1    23      646.50      550.00        0.00
     1    24      633.00      528.00        0.00
     1    24      631.00      530.50        0.00
     1    24      629.00      532.00        0.00
     1    24      626.50      533.00        0.00
     1    24      624.00      533.00        0.00
     1    24      621.50      532.00        0.00
     1    24      619.00      530.50        0.00
     1    24      617.50      528.50        0.00
     1    24      616.00      526.00        0.00
     1    24      616.00      523.00        0.00
     1    24      616.00      520.50        0.00
     1    24      617.50      518.50        0.00
     1    24      620.00      517.50        0.00
     1    24      623.00      517.50        0.00
     1    24      625.50      517.00        0.00
     1    24      628.00      517.50        0.00
     1    24      630.00      519.00        0.00
     1    24      631.50      521.00        0.00
     1    24      632.50      523.50        0.00
     1    25      653.50      533.50        0.00
     1    25      647.50      533.00        0.00
     1    25      642.50      530.50        0.00
     1    25      642.50      528.00        0.00
     1    25      643.00      525.50        0.00
     1    25      645.50      524.00        0.00
     1    25      648.00      523.00        0.00
     1    25      650.50      522.50        0.00
     1    25      653.00      522.00        0.00
     1    25      655.50      521.50        0.00
     1    25      657.50      523.00        0.00
     1    25      658.00      525.50        0.00
     1    25      658.00      528.00        0.00
     1    26      652.00      516.50        0.00
     1    26      651.50      521.00        0.00
     1    26      649.50      522.50        0.00
     1    26      646.50      523.00        0.00
     1    26      643.50      523.50        0.00
     1    26      641.00      523.50        0.00
     1    26      639.50      521.50        0.00
     1    26      639.00      519.00        0.00
     1    26      640.00      516.50        0.00
     1    26      642.00      514.50        0.00
     1    26      644.00      513.00        0.00
     1    26      646.50      513.00        0.00
     1    26      649.00      513.00        0.00
     1    27      624.50      503.50        0.00
     1    27      621.00      506.50        0.00
     1    27      617.50      506.50        0.00
     1    27      615.00      505.00        0.00
     1    27      612.50      503.00        0.00
     1    27      610.50      501.00        0.00
     1    27      610.00      498.00        0.00
     1    27      609.50      495.50        0.00
     1    27      610.00      492.00        0.00
     1    27      612.00      490.00        0.00
     1    27      615.00      488.50        0.00
     1    27      617.50      488.50        0.00
     1    27      620.00      488.50        0.00
     1    27      622.50      489.00        0.00
     1    27      624.00      491.00        0.00
     1    27      624.50      494.50        0.00
     1    27      624.50      497.00        0.00
     1    27      624.00      499.50        0.00
     1    28      601.50      498.00        0.00
     1    28      599.00      499.00        0.00
     1    28      596.00      499.00        0.00
     1    28      594.50      496.50        0.00
     1    28      593.50      493.50        0.00
     1    28      593.50      490.50        0.00
     1    28      594.00      487.50        0.00
     1    28      595.50      485.50        0.00
     1    28      597.50      484.00        0.00
     1    28      600.50      484.00        0.00
     1    28      603.00      485.50        0.00
     1    28      604.00      488.00        0.00
     1    28      604.00      491.00        0.00
     1    28      603.50      493.50        0.00
     1    28      601.00      494.00        0.00
     1    29      610.50      476.50        0.00
     1    29      605.50      479.00        0.00
     1    29      603.00      479.00        0.00
     1    29      600.00      479.00        0.00
     1    29      597.50      478.00        0.00
     1    29      596.00      476.00        0.00
     1    29      595.00      473.50        0.00
     1    29      594.50      471.00        0.00
     1    29      595.00      468.50        0.00
     1    29      597.00      467.00        0.00
     1    29      600.00      466.00        0.00
     1    29      602.50      465.50        0.00
     1    29      605.50      465.00        0.00
     1    29      608.50      465.00        0.00
     1    29      611.50      466.50        0.00
     1    29      614.00      468.50        0.00
     1    30      578.50      480.50        0.00
     1    30      575.50      482.00        0.00
     1    30      572.50      480.50        0.00
     1    30      571.00      478.00        0.00
     1    30      570.50      475.00        0.00
     1    30      571.50      472.50        0.00
     1    30      574.00      471.50        0.00
     1    30      577.00      471.00        0.00
     1    30      579.50      472.00        0.00
     1    30      580.50      474.50        0.00
     1    30      580.50      477.00        0.00
     1    31      563.00      485.00        0.00
     1    31      560.00      489.00        0.00
     1    31      558.00      490.50        0.00
     1    31      555.50      490.00        0.00
     1    31      553.50      488.50        0.00
     1    31      552.00      486.50        0.00
     1    31      550.50      483.50        0.00
     1    31      549.50      480.50        0.00
     1    31      548.50      478.00        0.00
     1    31      548.50      475.50        0.00
     1    31      549.00      473.00        0.00
     1    31      551.00      471.00        0.00
     1    31      553.50      470.00        0.00
     1    31      556.50      469.50        0.00
     1    31      559.00      471.00        0.00
     1    31      561.00      472.50        0.00
     1    31      562.50      475.00        0.00
     1    31      562.50      477.50        0.00
     1    32      581.00      503.50        0.00
     1    32      580.50      506.00        0.00
     1    32      578.00      506.50        0.00
     1    32      575.50      506.50        0.00
     1    32      573.00      506.00        0.00
     1    32      570.50      505.00        0.00
     1    32      569.00      503.00        0.00
     1    32      568.50      500.50        0.00
     1    32      568.50      498.00        0.00
     1    32      569.00      495.50        0.00
     1    32      571.00      493.00        0.00
     1    32      573.00      491.50        0.00
     1    32      575.50      490.00        0.00
     1    32      578.00      489.00        0.00
     1    32      580.00      491.00        0.00
     1    32      580.50      494.00        0.00
     1    32      580.50      497.00        0.00
     1    33      603.50      519.50        0.00
     1    33      598.50      521.00        0.00
     1    33      596.00      522.00        0.00
     1    33      593.50      522.00        0.00
     1    33      591.50      520.50        0.00
     1    33      589.50      518.50        0.00
     1    33      589.00      516.00        0.00
     1    33      589.50      513.00        0.00
     1    33      591.00      510.50        0.00
     1    33      593.00      508.50        0.00
     1    33      595.50      507.50        0.00
     1    33      598.50      507.00        0.00
     1    33      602.00      508.00        0.00
     1    33      603.50      510.00        0.00
     1    34      597.50      534.50        0.00
     1    34      599.50      540.00        0.00
     1    34      599.50      542.50        0.00
     1    34      599.50      545.50        0.00
     1    34      598.00      548.00        0.00
     1    34      595.50      548.00        0.00
     1    34      592.00      548.00        0.00
     1    34      589.50      547.00        0.00
     1    34      587.00      546.00        0.00
     1    34      585.00      544.00        0.00
     1    34      583.50      541.00        0.00
     1    34      583.00      537.50        0.00
     1    34      583.00      535.00        0.00
     1    34      583.50      532.50        0.00
     1    34      585.00      529.50        0.00
     1    34      586.50      527.50        0.00
     1    34      590.00      526.50        0.00
     1    34      592.50      527.50        0.00
     1    35      572.50      533.00        0.00
     1    35      573.50      538.00        0.00
     1    35      573.50      541.00        0.00
     1    35      572.50      543.50        0.00
     1    35      570.00      545.50        0.00
     1    35      567.00      546.00        0.00
     1    35      564.50      546.00        0.00
     1    35      562.00      545.50        0.00
     1    35      559.00      544.50        0.00
     1    35      557.50      542.00        0.00
     1    35      557.00      538.50        0.00
     1    35      557.00      535.50        0.00
     1    35      558.00      532.50        0.00
     1    35      560.50      530.00        0.00
     1    35      563.00      529.50        0.00
     1    35      565.50      529.50        0.00
     1    35      568.50      529.50        0.00
     1    36      560.00      518.50        0.00
     1    36      557.00      522.00        0.00
     1    36      554.50      523.00        0.00
     1    36      552.00      522.50        0.00
     1    36      550.00      520.00        0.00
     1    36      549.50      517.50        0.00
     1    36      549.00      514.50        0.00
     1    36      550.00      512.00        0.00
     1    36      551.50      510.00        0.00
     1    36      554.50      509.00        0.00
     1    36      557.00      508.50        0.00
     1    36      559.50      508.50        0.00
     1    36      562.00      510.00        0.00
     1    37      538.50      504.00        0.00
     1    37      538.50      509.00        0.00
     1    37      537.00      512.00        0.00
     1    37      534.50      514.00        0.00
     1    37      532.00      514.00        0.00
     1    37      529.00      513.00        0.00
     1    37      527.00      511.50        0.00
     1    37      525.50      509.50        0.00
     1    37      524.00      507.00        0.00
     1    37      524.00      504.00        0.00
     1    37      524.50      501.50        0.00
     1    37      526.00      499.00        0.00
     1    37      528.00      497.50        0.00
     1    37      530.50      496.50        0.00
     1    37      533.00      496.00        0.00
     1    37      536.00      496.50        0.00
     1    38      419.00      662.00        0.00
     1    38      412.50      661.50        0.00
     1    38      409.00      661.00        0.00
     1    38      406.00      659.00        0.00
     1    38      404.00      657.00        0.00
     1    38      402.50      654.50        0.00
     1    38      401.50      651.50        0.00
     1    38      401.00      649.00        0.00
     1    38      401.00      645.50        0.00
     1    38      401.00      642.50        0.00
     1    38      402.50      640.00        0.00
     1    38      405.00      639.00        0.00
     1    38      407.50      639.00        0.00
     1    38      410.00      639.00        0.00
     1    38      412.50      640.50        0.00
     1    38      414.50      642.00        0.00
     1    38      416.50      643.50        0.00
     1    38      418.50      645.50        0.00
     1    38      420.00      648.00        0.00
     1    38      421.00      650.50        0.00
     1    38      421.50      653.00        0.00
     1    38      422.00      656.00        0.00
     1    38      422.50      658.50        0.00
     1    39      646.67      502.33        0.00
     1    39      642.67      505.00        0.00
     1    39      638.67      505.00        0.00
     1    39      634.67      503.67        0.00
     1    39      633.33      499.67        0.00
     1    39      632.00      495.67        0.00
     1    39      632.00      491.67        0.00
     1    39      632.00      487.67        0.00
     1    39      634.67      483.67        0.00
     1    39      637.33      481.00        0.00
     1    39      641.33      479.67        0.00
     1    39      645.33      481.00        0.00
     1    39      646.67      485.00        0.00
     1    39      648.00      489.00        0.00
     1    39      648.00      493.00        0.00
