     0     0       -2.00      466.00        0.00
     0     0        1.33      464.00        0.00
     0     0        3.33      461.33        0.00
     0     0        5.33      458.67        0.00
     0     0        6.67      455.33        0.00
     0     0        8.67      452.67        0.00
     0     0       10.67      448.67        0.00
     0     0       12.67      445.33        0.00
     0     0       14.00      442.00        0.00
     0     0       14.67      438.67        0.00
     0     0       14.67      434.67        0.00
     0     0       16.67      430.67        0.00
     0     0       18.00      426.67        0.00
     0     0       20.00      423.33        0.00
     0     0       22.00      420.67        0.00
     0     0       23.33      416.00        0.00
     0     0       24.67      412.67        0.00
     0     0       26.67      408.67        0.00
     0     0       28.67      406.00        0.00
     0     0       30.67      403.33        0.00
     0     0       32.00      400.00        0.00
     0     0       32.67      396.67        0.00
     0     0       34.00      393.33        0.00
     0     0       34.67      390.00        0.00
     0     0       36.00      386.67        0.00
     0     0       36.00      383.33        0.00
     0     0       37.33      380.00        0.00
     0     0       38.00      376.67        0.00
     0     0       38.67      373.33        0.00
     0     0       39.33      370.00        0.00
     0     0       39.33      365.33        0.00
     0     0       39.33      362.00        0.00
     0     0       39.33      358.00        0.00
     0     0       39.33      354.00        0.00
     0     0       40.67      350.67        0.00
     0     0       42.00      346.67        0.00
     0     0       43.33      343.33        0.00
     0     0       45.33      340.00        0.00
     0     0       47.33      336.67        0.00
     0     0       48.67      333.33        0.00
     0     0       52.00      330.67        0.00
     0     0       54.67      327.33        0.00
     0     0       56.67      324.67        0.00
     0     0       60.00      322.67        0.00
     0     0       63.33      320.00        0.00
     0     0       66.00      317.33        0.00
     0     0       68.00      313.33        0.00
     0     0       70.00      309.33        0.00
     0     0       71.33      306.00        0.00
     0     0       72.00      301.33        0.00
     0     0       73.33      296.67        0.00
     0     0       73.33      292.00        0.00
     0     0       72.67      288.00        0.00
     0     0       72.00      284.67        0.00
     0     0       71.33      281.33        0.00
     0     0       70.67      276.67        0.00
     0     0       70.00      273.33        0.00
     0     0       70.00      270.00        0.00
     0     0       70.00      266.67        0.00
     0     0       70.00      263.33        0.00
     0     0       70.00      259.33        0.00
     0     0       70.00      255.33        0.00
     0     0       71.33      252.00        0.00
     0     0       72.00      248.00        0.00
     0     0       72.00      243.33        0.00
     0     0       72.00      240.00        0.00
     0     0       72.00      236.67        0.00
     0     0       72.00      232.67        0.00
     0     0       72.00      229.33        0.00
     0     0       72.00      226.00        0.00
     0     0       71.33      222.67        0.00
     0     0       68.00      220.67        0.00
     0     0       64.67      219.33        0.00
     0     0       60.67      219.33        0.00
     0     0       56.67      220.67        0.00
     0     0       52.67      222.67        0.00
     0     0       50.00      224.67        0.00
     0     0       46.67      224.67        0.00
     0     0       43.33      224.67        0.00
     0     0       40.00      226.00        0.00
     0     0       37.33      228.00        0.00
     0     0       34.67      230.00        0.00
     0     0       32.67      233.33        0.00
     0     0       30.00      236.00        0.00
     0     0       28.00      239.33        0.00
     0     0       26.00      242.00        0.00
     0     0       24.67      245.33        0.00
     0     0       23.33      249.33        0.00
     0     0       23.33      252.67        0.00
     0     0       22.67      256.67        0.00
     0     0       22.00      260.00        0.00
     0     0       20.67      263.33        0.00
     0     0       18.00      266.00        0.00
     0     0       16.00      268.67        0.00
     0     0       12.67      272.67        0.00
     0     0       10.67      275.33        0.00
     0     0        8.67      278.67        0.00
     0     0        8.00      282.00        0.00
     0     0        7.33      285.33        0.00
     0     0        6.00      288.67        0.00
     0     0        4.67      292.67        0.00
     0     0        3.33      296.00        0.00
     0     0        2.67      299.33        0.00
     0     0        2.00      303.33        0.00
     0     0        1.33      307.33        0.00
     0     0        0.00      311.33        0.00
     0     1        0.00      531.67        0.00
     0     1        0.67      528.33        0.00
     0     1        2.67      524.33        0.00
     0     1        4.67      521.00        0.00
     0     1        6.67      518.33        0.00
     0     1        8.67      514.33        0.00
     0     1       10.67      511.00        0.00
     0     1       12.00      507.67        0.00
     0     1       13.33      504.33        0.00
     0     1       14.67      501.00        0.00
     0     1       16.00      497.00        0.00
     0     1       18.00      493.67        0.00
     0     1       20.00      490.33        0.00
     0     1       22.00      487.00        0.00
     0     1       24.67      485.00        0.00
     0     1       26.67      482.33        0.00
     0     1       28.00      479.00        0.00
     0     1       30.00      475.00        0.00
     0     1       31.33      471.67        0.00
     0     1       32.67      468.33        0.00
     0     1       33.33      465.00        0.00
     0     1       34.00      461.67        0.00
     0     1       34.67      457.67        0.00
     0     1       36.00      453.67        0.00
     0     1       38.00      451.00        0.00
     0     1       40.00      448.33        0.00
     0     1       41.33      445.00        0.00
     0     1       43.33      441.00        0.00
     0     1       44.67      437.67        0.00
     0     1       46.67      435.00        0.00
     0     1       48.67      431.67        0.00
     0     1       50.67      428.33        0.00
     0     1       52.00      425.00        0.00
     0     1       54.00      421.67        0.00
     0     1       55.33      418.33        0.00
     0     1       56.67      415.00        0.00
     0     1       57.33      411.67        0.00
     0     1       58.00      408.33        0.00
     0     1       58.67      404.33        0.00
     0     1       58.67      401.00        0.00
     0     1       59.33      397.67        0.00
     0     1       61.33      393.00        0.00
     0     1       63.33      390.33        0.00
     0     1       65.33      387.00        0.00
     0     1       66.67      383.00        0.00
     0     1       68.67      379.67        0.00
     0     1       69.33      375.67        0.00
     0     1       68.67      372.33        0.00
     0     1       68.00      369.00        0.00
     0     1       68.00      364.33        0.00
     0     1       68.00      361.00        0.00
     0     1       68.67      357.67        0.00
     0     1       69.33      354.33        0.00
     0     1       70.00      350.33        0.00
     0     1       70.67      345.67        0.00
     0     1       72.00      342.33        0.00
     0     1       72.00      339.00        0.00
     0     1       72.67      335.67        0.00
     0     1       73.33      332.33        0.00
     0     1       74.00      327.67        0.00
     0     1       74.00      323.67        0.00
     0     1       74.67      319.67        0.00
     0     1       74.67      315.67        0.00
     0     1       75.33      311.67        0.00
     0     1       76.00      308.33        0.00
     0     1       76.67      305.00        0.00
     0     1       78.00      301.67        0.00
     0     1       80.00      298.33        0.00
     0     1       81.33      295.00        0.00
     0     1       81.33      291.67        0.00
     0     1       80.67      288.33        0.00
     0     1       82.00      283.67        0.00
     0     1       82.67      279.00        0.00
     0     1       83.33      275.67        0.00
     0     1       84.67      271.00        0.00
     0     1       85.33      267.67        0.00
     0     1       86.67      263.67        0.00
     0     1       88.00      259.67        0.00
     0     1       88.67      255.67        0.00
     0     1       90.00      252.33        0.00
     0     1       90.67      248.33        0.00
     0     1       91.33      244.33        0.00
     0     1       93.33      240.33        0.00
     0     1       95.33      236.33        0.00
     0     1       97.33      233.67        0.00
     0     1       99.33      231.00        0.00
     0     1      101.33      227.67        0.00
     0     1      104.00      224.33        0.00
     0     1      106.00      221.00        0.00
     0     1      108.67      216.33        0.00
     0     1      110.67      213.00        0.00
     0     1      114.00      209.00        0.00
     0     1      115.33      205.67        0.00
     0     1      117.33      203.00        0.00
     0     1      120.00      200.33        0.00
     0     1      122.67      197.67        0.00
     0     1      126.00      195.67        0.00
     0     1      130.00      193.67        0.00
     0     1      133.33      192.33        0.00
     0     1      138.00      190.33        0.00
     0     1      142.67      189.67        0.00
     0     1      146.00      188.33        0.00
     0     1      150.00      186.33        0.00
     0     1      153.33      186.33        0.00
     0     1      157.33      186.33        0.00
     0     1      161.33      186.33        0.00
     0     1      164.67      186.33        0.00
     0     1      168.67      186.33        0.00
     0     1      172.00      186.33        0.00
     0     1      175.33      186.33        0.00
     0     1      179.33      186.33        0.00
     0     1      182.67      186.33        0.00
     0     1      186.00      186.33        0.00
     0     1      190.67      187.00        0.00
     0     1      194.67      187.00        0.00
     0     1      198.67      187.00        0.00
     0     1      202.67      187.00        0.00
     0     1      206.00      187.00        0.00
     0     1      209.33      187.00        0.00
     0     1      212.67      188.33        0.00
     0     1      216.00      189.67        0.00
     0     1      219.33      192.33        0.00
     0     1      222.67      194.33        0.00
     0     1      225.33      196.33        0.00
     0     1      229.33      198.33        0.00
     0     1      232.00      200.33        0.00
     0     1      235.33      203.00        0.00
     0     1      238.00      207.00        0.00
     0     1      240.00      210.33        0.00
     0     1      242.67      213.67        0.00
     0     1      244.67      217.00        0.00
     0     1      246.00      220.33        0.00
     0     1      246.67      223.67        0.00
     0     1      248.00      227.67        0.00
     0     1      248.67      231.00        0.00
     0     1      249.33      235.00        0.00
     0     1      250.00      239.00        0.00
     0     1      250.00      242.33        0.00
     0     1      250.67      245.67        0.00
     0     1      251.33      249.00        0.00
     0     1      252.00      253.00        0.00
     0     1      252.67      257.00        0.00
     0     1      253.33      261.00        0.00
     0     1      254.00      264.33        0.00
     0     1      254.00      269.67        0.00
     0     1      254.67      273.67        0.00
     0     1      255.33      278.33        0.00
     0     1      255.33      282.33        0.00
     0     1      255.33      286.33        0.00
     0     1      255.33      290.33        0.00
     0     1      254.67      294.33        0.00
     0     1      254.00      298.33        0.00
     0     1      252.00      303.00        0.00
     0     1      251.33      306.33        0.00
     0     1      250.67      309.67        0.00
     0     1      250.00      314.33        0.00
     0     1      250.00      318.33        0.00
     0     1      250.00      322.33        0.00
     0     1      250.00      326.33        0.00
     0     1      250.00      329.67        0.00
     0     1      250.00      334.33        0.00
     0     1      250.67      339.67        0.00
     0     1      250.67      344.33        0.00
     0     1      250.00      350.33        0.00
     0     1      249.33      354.33        0.00
     0     1      248.00      357.67        0.00
     0     1      248.00      361.00        0.00
     0     1      246.67      365.00        0.00
     0     1      245.33      368.33        0.00
     0     1      243.33      373.00        0.00
     0     1      241.33      377.67        0.00
     0     1      239.33      381.00        0.00
     0     1      238.00      384.33        0.00
     0     1      236.00      388.33        0.00
     0     1      233.33      391.67        0.00
     0     1      231.33      395.00        0.00
     0     1      230.00      398.33        0.00
     0     1      228.67      401.67        0.00
     0     1      226.67      405.67        0.00
     0     1      224.67      409.00        0.00
     0     1      222.67      413.00        0.00
     0     1      220.67      416.33        0.00
     0     1      218.67      419.00        0.00
     0     1      216.67      422.33        0.00
     0     1      214.67      425.00        0.00
     0     1      212.00      427.67        0.00
     0     1      210.00      430.33        0.00
     0     1      206.00      434.33        0.00
     0     1      202.67      436.33        0.00
     0     1      199.33      440.33        0.00
     0     1      196.67      443.00        0.00
     0     1      194.00      445.67        0.00
     0     1      192.00      449.67        0.00
     0     1      190.67      453.00        0.00
     0     1      189.33      458.33        0.00
     0     1      188.00      461.67        0.00
     0     1      186.00      465.00        0.00
     0     1      184.00      467.67        0.00
     0     1      181.33      470.33        0.00
     0     1      178.00      473.67        0.00
     0     1      175.33      475.67        0.00
     0     1      172.00      477.67        0.00
     0     1      169.33      479.67        0.00
     0     1      166.67      481.67        0.00
     0     1      163.33      483.67        0.00
     0     1      160.67      485.67        0.00
     0     1      156.67      487.67        0.00
     0     1      153.33      490.33        0.00
     0     1      148.67      494.33        0.00
     0     1      144.67      497.67        0.00
     0     1      139.33      501.67        0.00
     0     1      135.33      505.00        0.00
     0     1      132.00      509.00        0.00
     0     1      129.33      514.33        0.00
     0     1      127.33      517.00        0.00
     0     1      125.33      521.67        0.00
     0     1      124.00      525.00        0.00
     0     1      123.33      528.33        0.00
     0     1      123.33      533.67        0.00
     0     1      123.33      537.00        0.00
     0     1      123.33      542.33        0.00
     0     1      124.00      546.33        0.00
     0     1      124.67      549.67        0.00
     0     1      126.00      554.33        0.00
     0     1      127.33      559.00        0.00
     0     1      128.67      565.67        0.00
     0     1      130.00      569.67        0.00
     0     1      131.33      575.00        0.00
     0     1      132.67      579.67        0.00
     0     1      134.00      583.67        0.00
     0     1      136.67      587.67        0.00
     0     1      138.67      590.33        0.00
     0     1      141.33      593.67        0.00
     0     1      143.33      597.00        0.00
     0     1      146.00      599.00        0.00
     0     1      148.67      601.00        0.00
     0     1      135.33      638.67        0.00
     0     1      132.00      644.00        0.00
     0     1      130.00      647.33        0.00
     0     1      129.33      652.00        0.00
     0     1      128.00      656.67        0.00
     0     1      126.00      660.67        0.00
     0     1      125.33      664.00        0.00
     0     1      124.00      668.00        0.00
     0     1      124.00      672.67        0.00
     0     1      123.33      676.67        0.00
     0     1      123.33      680.67        0.00
     0     1      123.33      686.00        0.00
     0     1      124.00      692.67        0.00
     0     1      125.33      698.67        0.00
     0     1      126.67      704.67        0.00
     0     1      128.67      712.00        0.00
     0     1      129.33      715.33        0.00
     0     1      130.67      720.00        0.00
     0     1      131.33      723.33        0.00
     0     1      132.67      726.67        0.00
     0     1      133.33      730.00        0.00
     0     1      134.67      734.67        0.00
     0     1      134.67      738.00        0.00
     0     1      134.67      741.33        0.00
     0     1      134.00      744.67        0.00
     0     1      134.00      748.67        0.00
     0     1      132.67      752.67        0.00
     0     1      132.00      756.00        0.00
     0     1      130.67      760.67        0.00
     0     1      129.33      764.00        0.00
     0     1      128.67      767.33        0.00
     0     1      126.67      771.33        0.00
     0     1      124.67      775.33        0.00
     0     1      122.00      778.67        0.00
     0     1      119.33      780.67        0.00
     0     1      116.67      783.33        0.00
     0     1      113.33      786.00        0.00
     0     1      110.67      788.67        0.00
     0     1      108.00      791.33        0.00
     0     1      104.67      794.00        0.00
     0     1      102.00      796.67        0.00
     0     1       99.33      798.67        0.00
     0     1       96.67      801.33        0.00
     0     1       93.33      804.00        0.00
     0     1       90.67      806.67        0.00
     0     1       88.00      809.33        0.00
     0     1       85.33      811.33        0.00
     0     1       82.67      813.33        0.00
     0     1       79.33      816.00        0.00
     0     1       76.00      818.67        0.00
     0     1       72.00      821.33        0.00
     0     1       68.67      824.00        0.00
     0     1       66.67      826.67        0.00
     0     1       64.00      829.33        0.00
     0     1       60.67      833.33        0.00
     0     1       57.33      836.00        0.00
     0     1       54.67      838.00        0.00
     0     1       52.67      840.67        0.00
     0     1       46.67      847.67        0.00
     0     1       42.00      853.67        0.00
     0     1       39.33      857.00        0.00
     0     1       36.00      859.67        0.00
     0     1       32.67      862.33        0.00
     0     1       29.33      863.67        0.00
     0     1       26.00      863.67        0.00
     0     1       22.00      863.67        0.00
     0     1       17.33      864.33        0.00
     0     1       13.33      864.33        0.00
     0     1       10.00      865.00        0.00
     0     1        6.67      865.00        0.00
     0     1        3.33      865.67        0.00
     0     2       -2.00      935.33        0.00
     0     2       -0.67      932.00        0.00
     0     2        1.33      928.67        0.00
     0     2        2.67      925.33        0.00
     0     2        6.00      922.00        0.00
     0     2        8.67      919.33        0.00
     0     2       12.00      916.67        0.00
     0     2       14.67      914.00        0.00
     0     2       18.00      911.33        0.00
     0     2       20.67      908.67        0.00
     0     2       24.67      906.00        0.00
     0     2       28.67      903.33        0.00
     0     2       33.33      901.33        0.00
     0     2       36.67      899.33        0.00
     0     2       40.67      898.00        0.00
     0     2       43.33      896.00        0.00
     0     2       47.33      894.00        0.00
     0     2       50.67      892.00        0.00
     0     2       54.00      890.00        0.00
     0     2       56.67      888.00        0.00
     0     2       59.33      885.33        0.00
     0     2       62.00      883.33        0.00
     0     2       64.67      881.33        0.00
     0     2       66.67      878.67        0.00
     0     2       69.33      876.00        0.00
     0     2       71.33      873.33        0.00
     0     2       72.67      870.00        0.00
     0     2       73.33      866.67        0.00
     0     2       74.67      863.33        0.00
     0     2       76.00      860.00        0.00
     0     2       76.67      856.67        0.00
     0     2       77.33      853.33        0.00
     0     2       78.00      850.00        0.00
     0     2       80.00      847.33        0.00
     0     2       82.67      844.67        0.00
     0     2       86.67      843.33        0.00
     0     2       90.00      842.00        0.00
     0     2       93.33      840.67        0.00
     0     2       98.67      839.33        0.00
     0     2      102.00      838.00        0.00
     0     2      106.00      836.67        0.00
     0     2      112.00      835.33        0.00
     0     2      116.00      834.67        0.00
     0     2      120.00      832.67        0.00
     0     2      124.00      830.67        0.00
     0     2      127.33      829.33        0.00
     0     2      132.67      826.67        0.00
     0     2      136.00      824.67        0.00
     0     2      138.67      822.67        0.00
     0     2      143.33      820.00        0.00
     0     2      147.33      818.00        0.00
     0     2      152.00      815.33        0.00
     0     2      155.33      813.33        0.00
     0     2      158.00      810.67        0.00
     0     2      161.33      807.33        0.00
     0     2      163.33      804.00        0.00
     0     2      164.00      800.67        0.00
     0     2      166.00      796.67        0.00
     0     2      168.67      792.00        0.00
     0     2      170.67      788.67        0.00
     0     2      172.67      785.33        0.00
     0     2      175.33      782.00        0.00
     0     2      178.00      779.33        0.00
     0     2      180.67      777.33        0.00
     0     2      184.67      773.33        0.00
     0     2      187.33      770.67        0.00
     0     2      190.00      768.67        0.00
     0     2      193.33      766.00        0.00
     0     2      196.67      763.33        0.00
     0     2      199.33      761.33        0.00
     0     2      202.00      759.33        0.00
     0     2      205.33      756.67        0.00
     0     2      208.00      754.00        0.00
     0     2      210.00      751.33        0.00
     0     2      212.00      748.67        0.00
     0     2      214.00      745.33        0.00
     0     2      216.67      742.00        0.00
     0     2      219.33      738.67        0.00
     0     2      221.33      735.33        0.00
     0     2      223.33      732.67        0.00
     0     2      226.00      728.67        0.00
     0     2      228.00      726.00        0.00
     0     2      230.00      722.67        0.00
     0     2      232.00      720.00        0.00
     0     2      234.00      717.33        0.00
     0     2      236.67      715.33        0.00
     0     2      240.00      714.00        0.00
     0     2      242.67      712.00        0.00
     0     2      245.33      710.00        0.00
     0     2      248.67      708.00        0.00
     0     2      252.00      704.67        0.00
     0     2      256.00      702.67        0.00
     0     2      259.33      700.67        0.00
     0     2      263.33      698.67        0.00
     0     2      267.33      696.67        0.00
     0     2      271.33      695.33        0.00
     0     2      274.67      694.00        0.00
     0     2      278.00      694.00        0.00
     0     2      281.33      692.67        0.00
     0     2      284.67      690.67        0.00
     0     2      288.00      688.67        0.00
     0     2      290.67      686.67        0.00
     0     2      294.00      684.00        0.00
     0     2      296.67      681.33        0.00
     0     2      299.33      679.33        0.00
     0     2      302.00      676.67        0.00
     0     2      305.33      674.00        0.00
     0     2      310.00      672.00        0.00
     0     2      312.67      670.00        0.00
     0     2      316.00      668.67        0.00
     0     2      321.33      666.67        0.00
     0     2      325.33      664.67        0.00
     0     2      328.67      662.67        0.00
     0     2      332.00      660.67        0.00
     0     2      335.33      659.33        0.00
     0     2      338.00      657.33        0.00
     0     2      341.33      657.33        0.00
     0     2      346.00      656.67        0.00
     0     2      351.33      656.67        0.00
     0     2      356.00      656.00        0.00
     0     2      360.00      655.33        0.00
     0     2      363.33      654.67        0.00
     0     2      366.67      653.33        0.00
     0     2      372.67      652.67        0.00
     0     2      376.00      651.33        0.00
     0     2      380.67      650.67        0.00
     0     2      384.67      650.00        0.00
     0     2      388.67      650.00        0.00
     0     2      392.00      649.33        0.00
     0     2      395.33      649.33        0.00
     0     2      398.67      649.33        0.00
     0     2      402.00      648.67        0.00
     0     2      406.00      648.00        0.00
     0     2      410.00      648.00        0.00
     0     2      414.00      648.00        0.00
     0     2      417.33      648.00        0.00
     0     2      421.33      648.00        0.00
     0     2      425.33      649.33        0.00
     0     2      430.67      650.00        0.00
     0     2      434.67      651.33        0.00
     0     2      438.00      652.00        0.00
     0     2      442.67      652.67        0.00
     0     2      446.67      652.67        0.00
     0     2      451.33      652.67        0.00
     0     2      455.33      652.67        0.00
     0     2      459.33      652.67        0.00
     0     2      462.67      652.67        0.00
     0     2      466.67      653.33        0.00
     0     2      470.67      653.33        0.00
     0     2      474.67      652.67        0.00
     0     2      479.33      652.67        0.00
     0     2      484.00      651.33        0.00
     0     2      488.67      650.00        0.00
     0     2      494.67      648.67        0.00
     0     2      498.00      647.33        0.00
     0     2      504.00      645.33        0.00
     0     2      507.33      644.00        0.00
     0     2      510.67      641.33        0.00
     0     2      513.33      639.33        0.00
     0     2      516.67      638.00        0.00
     0     2      520.00      638.00        0.00
     0     2      526.00      638.00        0.00
     0     2      530.67      638.00        0.00
     0     2      534.00      638.00        0.00
     0     2      538.00      636.67        0.00
     0     2      542.67      635.33        0.00
     0     2      548.00      634.00        0.00
     0     2      552.67      632.67        0.00
     0     2      556.67      632.00        0.00
     0     2      560.67      630.00        0.00
     0     2      564.67      628.67        0.00
     0     2      582.67      625.33        0.00
     0     2      587.33      622.67        0.00
     0     2      591.33      621.33        0.00
     0     2      596.00      620.00        0.00
     0     2      600.00      618.67        0.00
     0     2      604.00      617.33        0.00
     0     2      608.00      617.33        0.00
     0     2      611.33      616.67        0.00
     0     2      616.00      616.00        0.00
     0     2      619.33      614.67        0.00
     0     2      624.67      613.33        0.00
     0     2      628.00      612.00        0.00
     0     2      630.67      610.00        0.00
     0     2      632.67      607.33        0.00
     0     2      634.67      604.67        0.00
     0     2      636.67      601.33        0.00
     0     2      639.33      598.67        0.00
     0     2      642.00      596.00        0.00
     0     2      645.33      594.00        0.00
     0     2      648.67      592.00        0.00
     0     2      653.33      590.00        0.00
     0     2      658.00      588.00        0.00
     0     2      662.67      586.00        0.00
     0     2      666.00      584.67        0.00
     0     2      669.33      583.33        0.00
     0     2      673.33      581.33        0.00
     0     2      677.33      580.00        0.00
     0     2      680.00      578.00        0.00
     0     2      683.33      576.67        0.00
     0     2      688.00      574.67        0.00
     0     2      691.33      572.67        0.00
     0     2      694.00      570.67        0.00
     0     2      696.00      568.00        0.00
     0     2      697.33      564.67        0.00
     0     2      698.67      561.33        0.00
     0     2      700.67      557.33        0.00
     0     2      702.67      554.67        0.00
     0     2      704.67      552.00        0.00
     0     2      706.67      548.67        0.00
     0     2      708.00      545.33        0.00
     0     2      710.67      542.67        0.00
     0     2      713.33      538.67        0.00
     0     2      716.00      534.67        0.00
     0     2      718.67      532.67        0.00
     0     2      720.67      530.00        0.00
     0     2      724.00      527.33        0.00
     0     2      726.67      524.67        0.00
     0     2      729.33      522.67        0.00
     0     2      732.00      520.00        0.00
     0     2      735.33      517.33        0.00
     0     2      737.33      514.67        0.00
     0     2      740.00      512.00        0.00
     0     2      742.00      509.33        0.00
     0     2      743.33      506.00        0.00
     0     2      743.33      502.67        0.00
     0     2      744.67      498.67        0.00
     0     2      744.67      494.67        0.00
     0     2      745.33      491.33        0.00
     0     2      746.67      487.33        0.00
     0     2      747.33      483.33        0.00
     0     2      749.33      480.00        0.00
     0     2      752.00      477.33        0.00
     0     2      754.67      474.67        0.00
     0     2      758.67      471.33        0.00
     0     2      762.00      469.33        0.00
     0     2      765.33      466.67        0.00
     0     2      769.33      464.67        0.00
     0     2      772.67      462.67        0.00
     0     2      776.00      461.33        0.00
     0     2      779.33      460.00        0.00
     0     2      783.33      459.33        0.00
     0     2      787.33      457.33        0.00
     0     2      790.00      454.67        0.00
     0     2      792.67      452.67        0.00
     0     2      795.33      450.00        0.00
     0     2      798.00      447.33        0.00
     0     2      800.67      444.67        0.00
     0     2      803.33      442.00        0.00
     0     2      806.00      438.67        0.00
     0     2      808.67      436.67        0.00
     0     2      812.00      435.33        0.00
     0     2      815.33      433.33        0.00
     0     2      818.00      431.33        0.00
     0     2      820.67      429.33        0.00
     0     2      823.33      427.33        0.00
     0     2      826.00      424.67        0.00
     0     2      828.00      422.00        0.00
     0     2      829.33      418.67        0.00
     0     2      831.33      416.00        0.00
     0     2      832.67      412.67        0.00
     0     2      835.33      410.00        0.00
     0     2      837.33      407.33        0.00
     0     2      840.00      405.33        0.00
     0     2      842.67      402.67        0.00
     0     2      846.00      401.33        0.00
     0     2      849.33      399.33        0.00
     0     2      852.67      398.67        0.00
     0     2      856.00      396.67        0.00
     0     2      860.00      394.00        0.00
     0     2      862.67      392.00        0.00
     0     2      864.67      389.33        0.00
     0     2      866.67      386.67        0.00
     0     2      869.33      384.67        0.00
     0     2      872.67      382.67        0.00
     0     2      877.33      381.33        0.00
     0     2      880.67      379.33        0.00
     0     2      900.00      360.67        0.00
     0     2      906.00      357.33        0.00
     0     2      909.33      355.33        0.00
     0     2      913.33      352.00        0.00
     0     2      917.33      348.00        0.00
     0     2      922.00      345.33        0.00
     0     2      924.67      342.67        0.00
     0     2      929.33      340.00        0.00
     0     2      932.67      336.67        0.00
     0     2      936.00      333.33        0.00
     0     2      938.00      330.67        0.00
     0     2      940.67      328.00        0.00
     0     2      943.33      324.00        0.00
     0     2      945.33      320.67        0.00
     0     2      947.33      316.67        0.00
     0     2      950.00      312.67        0.00
     0     2      952.00      309.33        0.00
     0     2      953.33      306.00        0.00
     0     2      955.33      302.67        0.00
     0     2      958.00      298.67        0.00
     0     2      960.67      295.33        0.00
     0     2      963.33      292.67        0.00
     0     2      966.00      290.00        0.00
     0     2      968.67      287.33        0.00
     0     2      971.33      285.33        0.00
     0     2      974.00      282.67        0.00
     0     2      976.00      279.33        0.00
     0     2      978.67      276.67        0.00
     0     2      981.33      274.00        0.00
     0     2      984.00      271.33        0.00
     0     2      986.67      268.00        0.00
     0     2      990.00      264.00        0.00
     0     2      993.33      260.00        0.00
     0     2      996.00      257.33        0.00
     0     2     1000.00      253.33        0.00
     0     2     1004.00      250.00        0.00
     0     2     1006.67      247.33        0.00
     0     2     1010.00      244.67        0.00
     0     2     1014.67      241.33        0.00
     0     2     1019.33      240.00        0.00
     0     2     1026.67      238.00        0.00
     0     2     1033.33      236.67        0.00
     0     2     1038.00      236.00        0.00
     0     2     1045.33      236.00        0.00
     0     2     1050.67      236.00        0.00
     0     2     1055.33      236.00        0.00
     0     2     1061.33      237.33        0.00
     0     2     1064.67      240.67        0.00
     0     2     1068.67      245.33        0.00
     0     2     1071.33      251.33        0.00
     0     2     1072.67      258.67        0.00
     0     2     1074.00      265.33        0.00
     0     2     1074.00      271.33        0.00
     0     2     1074.00      278.00        0.00
     0     2     1074.67      282.67        0.00
     0     2     1074.67      288.00        0.00
     0     2     1076.00      292.67        0.00
     0     2     1077.33      297.33        0.00
     0     2     1078.00      303.33        0.00
     0     2     1079.33      308.67        0.00
     0     2     1080.67      314.67        0.00
     0     2     1080.67      322.00        0.00
     0     2     1080.67      328.00        0.00
     0     2     1080.67      332.67        0.00
     0     2     1080.00      338.67        0.00
     0     2     1079.33      343.33        0.00
     0     2     1078.00      347.33        0.00
     0     2     1076.00      353.33        0.00
     0     2     1074.00      358.00        0.00
     0     2     1071.33      364.00        0.00
     0     2     1067.33      370.67        0.00
     0     2     1064.00      375.33        0.00
     0     2     1061.33      380.67        0.00
     0     2     1058.00      386.67        0.00
     0     2     1055.33      391.33        0.00
     0     2     1052.00      396.00        0.00
     0     2     1048.00      402.00        0.00
     0     2     1044.67      407.33        0.00
     0     2     1039.33      413.33        0.00
     0     2     1033.33      419.33        0.00
     0     2     1028.00      424.00        0.00
     0     2     1023.33      428.00        0.00
     0     2     1018.00      433.33        0.00
     0     2     1014.67      436.67        0.00
     0     2     1012.00      441.33        0.00
     0     2     1010.00      444.67        0.00
     0     2     1007.33      448.67        0.00
     0     2     1003.33      452.67        0.00
     0     2      999.33      455.33        0.00
     0     2      996.00      457.33        0.00
     0     2      991.33      459.33        0.00
     0     2      986.67      462.00        0.00
     0     2      982.00      464.00        0.00
     0     2      978.00      465.33        0.00
     0     2      974.00      468.00        0.00
     0     2      970.00      470.00        0.00
     0     2      965.33      472.00        0.00
     0     2      960.00      475.33        0.00
     0     2      956.67      478.00        0.00
     0     2      952.67      482.00        0.00
     0     2      949.33      485.33        0.00
     0     2      946.00      488.67        0.00
     0     2      942.67      492.67        0.00
     0     2      939.33      494.67        0.00
     0     2      915.00      526.00        0.00
     0     2      912.33      530.67        0.00
     0     2      909.67      534.67        0.00
     0     2      907.00      539.33        0.00
     0     2      902.33      546.00        0.00
     0     2      899.00      550.67        0.00
     0     2      896.33      556.67        0.00
     0     2      894.33      563.33        0.00
     0     2      893.00      568.00        0.00
     0     2      892.33      572.00        0.00
     0     2      891.00      575.33        0.00
     0     2      887.00      579.33        0.00
     0     2      881.67      583.33        0.00
     0     2      875.67      586.67        0.00
     0     2      867.00      592.67        0.00
     0     2      859.00      598.67        0.00
     0     2      847.67      604.67        0.00
     0     2      839.67      609.33        0.00
     0     2      831.00      614.00        0.00
     0     2      824.33      618.00        0.00
     0     2      817.00      621.33        0.00
     0     2      812.33      624.67        0.00
     0     2      807.00      627.33        0.00
     0     2      801.00      630.67        0.00
     0     2      795.67      633.33        0.00
     0     2      789.00      638.00        0.00
     0     2      782.33      642.00        0.00
     0     2      775.67      646.67        0.00
     0     2      769.67      652.00        0.00
     0     2      764.33      656.67        0.00
     0     2      761.67      660.67        0.00
     0     2      759.67      664.67        0.00
     0     2      757.67      667.33        0.00
     0     2      755.67      670.67        0.00
     0     2      752.33      676.67        0.00
     0     2      749.67      679.33        0.00
     0     2      746.33      682.67        0.00
     0     2      739.00      688.67        0.00
     0     2      733.67      693.33        0.00
     0     2      727.67      696.00        0.00
     0     2      722.33      700.00        0.00
     0     2      717.67      704.00        0.00
     0     2      713.00      707.33        0.00
     0     2      709.00      711.33        0.00
     0     2      706.33      714.67        0.00
     0     2      704.33      718.00        0.00
     0     2      701.00      722.67        0.00
     0     2      699.00      726.00        0.00
     0     2      690.00      746.33        0.00
     0     2      687.33      749.00        0.00
     0     2      684.67      751.00        0.00
     0     2      682.67      753.67        0.00
     0     2      680.00      755.67        0.00
     0     2      676.67      757.67        0.00
     0     2      674.00      760.33        0.00
     0     2      670.00      763.00        0.00
     0     2      667.33      765.67        0.00
     0     2      664.67      768.33        0.00
     0     2      662.00      771.00        0.00
     0     2      659.33      773.00        0.00
     0     2      656.67      775.67        0.00
     0     2      654.00      778.33        0.00
     0     2      651.33      780.33        0.00
     0     2      646.67      783.00        0.00
     0     2      642.67      785.00        0.00
     0     2      639.33      787.00        0.00
     0     2      634.67      789.00        0.00
     0     2      630.67      789.67        0.00
     0     2      626.00      790.33        0.00
     0     2      622.00      791.67        0.00
     0     2      617.33      793.00        0.00
     0     2      614.00      793.67        0.00
     0     2      610.00      794.33        0.00
     0     2      606.67      795.67        0.00
     0     2      601.33      797.00        0.00
     0     2      598.00      798.33        0.00
     0     2      594.67      799.67        0.00
     0     2      591.33      801.00        0.00
     0     2      588.67      803.00        0.00
     0     2      585.33      805.00        0.00
     0     2      581.33      806.33        0.00
     0     2      578.00      807.67        0.00
     0     2      574.00      808.33        0.00
     0     2      570.67      809.00        0.00
     0     2      567.33      810.33        0.00
     0     2      564.00      811.00        0.00
     0     2      560.00      812.33        0.00
     0     2      556.67      813.00        0.00
     0     2      553.33      814.33        0.00
     0     2      549.33      815.67        0.00
     0     2      546.00      817.00        0.00
     0     2      542.67      819.00        0.00
     0     2      539.33      820.33        0.00
     0     2      536.00      821.00        0.00
     0     2      532.67      821.67        0.00
     0     2      528.67      821.67        0.00
     0     2      524.67      822.33        0.00
     0     2      520.67      823.00        0.00
     0     2      516.00      823.67        0.00
     0     2      511.33      824.33        0.00
     0     2      504.67      825.67        0.00
     0     2      499.33      826.33        0.00
     0     2      494.67      827.67        0.00
     0     2      490.00      829.00        0.00
     0     2      486.67      829.67        0.00
     0     2      483.33      830.33        0.00
     0     2      480.00      831.67        0.00
     0     2      476.00      833.00        0.00
     0     2      472.67      834.33        0.00
     0     2      469.33      835.00        0.00
     0     2      466.00      836.33        0.00
     0     2      462.00      837.00        0.00
     0     2      458.00      837.67        0.00
     0     2      453.33      839.00        0.00
     0     2      450.00      839.67        0.00
     0     2      445.33      841.00        0.00
     0     2      441.33      841.67        0.00
     0     2      438.00      842.33        0.00
     0     2      434.67      843.67        0.00
     0     2      431.33      844.33        0.00
     0     2      426.67      845.67        0.00
     0     2      422.00      847.67        0.00
     0     2      417.33      850.33        0.00
     0     2      414.00      853.67        0.00
     0     2      410.00      857.00        0.00
     0     2      408.00      859.67        0.00
     0     2      405.33      862.33        0.00
     0     2      402.00      864.33        0.00
     0     2      399.33      867.00        0.00
     0     2      395.33      869.67        0.00
     0     2      392.67      871.67        0.00
     0     2      388.67      875.00        0.00
     0     2      384.67      877.67        0.00
     0     2      381.33      879.00        0.00
     0     2      378.00      880.33        0.00
     0     2      374.67      883.00        0.00
     0     2      372.00      885.67        0.00
     0     2      370.00      888.33        0.00
     0     2      366.67      893.00        0.00
     0     2      364.00      897.00        0.00
     0     2      361.33      901.00        0.00
     0     2      359.33      904.33        0.00
     0     2      357.33      908.33        0.00
     0     2      354.67      913.67        0.00
     0     2      353.33      917.00        0.00
     0     2      351.33      919.67        0.00
     0     2      349.33      923.00        0.00
     0     2      347.33      925.67        0.00
     0     2      345.33      929.67        0.00
     0     2      342.67      933.67        0.00
     0     2      340.67      937.00        0.00
     0     2      338.00      940.33        0.00
     0     2      334.00      944.33        0.00
     0     2      330.67      948.33        0.00
     0     2      326.67      953.00        0.00
     0     2      322.00      961.00        0.00
     0     2      320.00      965.00        0.00
     0     2      318.67      969.00        0.00
     0     2      317.33      972.33        0.00
     0     2      318.00      975.67        0.00
     0     2      275.33     1030.67        0.00
     0     2        0.00     1032.00        0.00
     0     3      383.67      618.33        0.00
     0     3      380.33      618.33        0.00
     0     3      377.00      616.33        0.00
     0     3      373.67      614.33        0.00
     0     3      371.00      612.33        0.00
     0     3      367.67      611.00        0.00
     0     3      363.67      609.00        0.00
     0     3      360.33      607.67        0.00
     0     3      356.33      605.67        0.00
     0     3      353.00      603.67        0.00
     0     3      349.67      601.67        0.00
     0     3      347.00      599.67        0.00
     0     3      344.33      597.00        0.00
     0     3      341.00      594.33        0.00
     0     3      338.33      591.67        0.00
     0     3      335.67      589.67        0.00
     0     3      333.67      586.33        0.00
     0     3      331.67      583.00        0.00
     0     3      330.33      579.00        0.00
     0     3      329.00      574.33        0.00
     0     3      327.67      569.67        0.00
     0     3      327.00      565.67        0.00
     0     3      325.00      561.00        0.00
     0     3      323.67      557.67        0.00
     0     3      321.67      553.00        0.00
     0     3      320.33      549.00        0.00
     0     3      318.33      545.00        0.00
     0     3      317.00      541.67        0.00
     0     3      315.67      538.33        0.00
     0     3      315.00      535.00        0.00
     0     3      313.00      530.33        0.00
     0     3      311.67      525.67        0.00
     0     3      308.33      521.67        0.00
     0     3      306.33      519.00        0.00
     0     3      303.67      515.67        0.00
     0     3      301.67      512.33        0.00
     0     3      299.67      509.67        0.00
     0     3      297.00      505.67        0.00
     0     3      295.67      501.67        0.00
     0     3      293.67      497.67        0.00
     0     3      291.67      492.33        0.00
     0     3      289.67      489.00        0.00
     0     3      287.67      485.67        0.00
     0     3      285.67      483.00        0.00
     0     3      283.67      479.67        0.00
     0     3      281.67      477.00        0.00
     0     3      280.33      473.67        0.00
     0     3      278.33      469.00        0.00
     0     3      277.00      465.67        0.00
     0     3      275.00      461.67        0.00
     0     3      273.00      457.67        0.00
     0     3      271.67      454.33        0.00
     0     3      270.33      449.00        0.00
     0     3      268.33      445.67        0.00
     0     3      267.67      442.33        0.00
     0     3      266.33      439.00        0.00
     0     3      265.67      435.67        0.00
     0     3      264.33      431.67        0.00
     0     3      263.67      428.33        0.00
     0     3      261.67      424.33        0.00
     0     3      259.00      420.33        0.00
     0     3      258.33      417.00        0.00
     0     3      257.67      413.67        0.00
     0     3      258.33      409.67        0.00
     0     3      260.33      405.67        0.00
     0     3      261.67      402.33        0.00
     0     3      263.67      399.00        0.00
     0     3      266.33      394.33        0.00
     0     3      267.67      391.00        0.00
     0     3      270.33      388.33        0.00
     0     3      273.67      384.33        0.00
     0     3      276.33      382.33        0.00
     0     3      281.00      381.00        0.00
     0     3      284.33      379.67        0.00
     0     3      287.67      378.33        0.00
     0     3      291.67      377.67        0.00
     0     3      295.67      377.00        0.00
     0     3      299.67      376.33        0.00
     0     3      303.00      376.33        0.00
     0     3      307.67      376.33        0.00
     0     3      311.67      376.33        0.00
     0     3      317.67      377.67        0.00
     0     3      321.00      379.00        0.00
     0     3      325.67      379.00        0.00
     0     3      329.00      379.67        0.00
     0     3      332.33      381.00        0.00
     0     3      335.67      383.00        0.00
     0     3      339.00      383.67        0.00
     0     3      343.00      384.33        0.00
     0     3      346.33      385.00        0.00
     0     3      350.33      383.67        0.00
     0     3      355.00      383.67        0.00
     0     3      358.33      383.67        0.00
     0     3      362.33      384.33        0.00
     0     3      365.67      385.00        0.00
     0     3      370.33      387.67        0.00
     0     3      373.67      389.67        0.00
     0     3      376.33      391.67        0.00
     0     3      379.00      393.67        0.00
     0     3      381.67      395.67        0.00
     0     3      383.67      398.33        0.00
     0     3      387.00      401.67        0.00
     0     3      389.00      404.33        0.00
     0     3      391.00      407.67        0.00
     0     3      394.33      411.00        0.00
     0     3      397.00      415.00        0.00
     0     3      399.67      419.00        0.00
     0     3      402.33      421.67        0.00
     0     3      405.00      424.33        0.00
     0     3      407.00      427.00        0.00
     0     3      409.00      430.33        0.00
     0     3      411.00      434.33        0.00
     0     3      413.00      437.67        0.00
     0     3      415.67      441.67        0.00
     0     3      418.33      445.00        0.00
     0     3      421.67      449.00        0.00
     0     3      424.33      451.67        0.00
     0     3      427.00      454.33        0.00
     0     3      429.00      457.00        0.00
     0     3      431.67      459.00        0.00
     0     3      435.00      461.67        0.00
     0     3      437.67      463.67        0.00
     0     3      439.67      466.33        0.00
     0     3      442.33      468.33        0.00
     0     3      445.67      471.67        0.00
     0     3      449.00      474.33        0.00
     0     3      452.33      476.33        0.00
     0     3      455.67      478.33        0.00
     0     3      458.33      480.33        0.00
     0     3      461.67      482.33        0.00
     0     3      465.00      483.67        0.00
     0     3      468.33      485.67        0.00
     0     3      471.67      487.00        0.00
     0     3      475.67      487.67        0.00
     0     3      479.00      488.33        0.00
     0     3      482.33      488.33        0.00
     0     3      485.67      489.00        0.00
     0     3      489.67      489.67        0.00
     0     3      493.00      491.67        0.00
     0     3      495.67      493.67        0.00
     0     3      499.67      495.00        0.00
     0     3      503.00      496.33        0.00
     0     3      506.33      497.67        0.00
     0     3      509.67      499.00        0.00
     0     3      513.00      499.67        0.00
     0     3      517.00      499.67        0.00
     0     3      520.33      499.67        0.00
     0     3      523.67      499.67        0.00
     0     3      527.67      498.33        0.00
     0     3      530.33      496.33        0.00
     0     3      535.00      494.33        0.00
     0     3      539.67      491.00        0.00
     0     3      543.67      487.67        0.00
     0     3      547.00      485.67        0.00
     0     3      550.33      483.00        0.00
     0     3      552.33      480.33        0.00
     0     3      554.33      477.00        0.00
     0     3      555.67      473.67        0.00
     0     3      559.00      470.33        0.00
     0     3      561.00      467.67        0.00
     0     3      563.67      464.33        0.00
     0     3      566.33      460.33        0.00
     0     3      568.33      457.67        0.00
     0     3      571.67      453.67        0.00
     0     3      573.67      451.00        0.00
     0     3      575.67      447.67        0.00
     0     3      577.67      443.67        0.00
     0     3      579.67      440.33        0.00
     0     3      582.33      437.67        0.00
     0     3      583.67      434.33        0.00
     0     3      585.67      431.67        0.00
     0     3      587.67      429.00        0.00
     0     3      590.33      426.33        0.00
     0     3      593.67      423.67        0.00
     0     3      597.00      419.67        0.00
     0     3      599.00      417.00        0.00
     0     3      600.33      413.67        0.00
     0     3      602.33      410.33        0.00
     0     3      603.67      407.00        0.00
     0     3      605.67      403.00        0.00
     0     3      608.33      399.67        0.00
     0     3      611.67      395.67        0.00
     0     3      615.00      392.33        0.00
     0     3      617.67      389.67        0.00
     0     3      619.67      387.00        0.00
     0     3      622.33      384.33        0.00
     0     3      624.33      381.00        0.00
     0     3      626.33      377.67        0.00
     0     3      629.00      373.67        0.00
     0     3      631.67      371.00        0.00
     0     3      634.33      368.33        0.00
     0     3      637.00      366.33        0.00
     0     3      640.33      364.33        0.00
     0     3      645.00      361.00        0.00
     0     3      648.33      359.00        0.00
     0     3      651.67      355.67        0.00
     0     3      655.67      351.67        0.00
     0     3      659.67      347.67        0.00
     0     3      662.33      344.33        0.00
     0     3      664.33      341.67        0.00
     0     3      667.00      339.67        0.00
     0     3      670.33      336.33        0.00
     0     3      672.33      333.00        0.00
     0     3      673.67      329.67        0.00
     0     3      674.33      326.33        0.00
     0     3      675.00      323.00        0.00
     0     3      677.00      319.67        0.00
     0     3      679.00      317.00        0.00
     0     3      682.33      313.67        0.00
     0     3      684.33      311.00        0.00
     0     3      687.67      307.67        0.00
     0     3      691.00      305.00        0.00
     0     3      693.67      303.00        0.00
     0     3      696.33      301.00        0.00
     0     3      701.00      299.67        0.00
     0     3      704.33      298.33        0.00
     0     3      709.00      296.33        0.00
     0     3      713.67      294.33        0.00
     0     3      717.00      292.33        0.00
     0     3      719.67      289.67        0.00
     0     3      723.67      287.67        0.00
     0     3      725.67      285.00        0.00
     0     3      728.33      282.33        0.00
     0     3      731.00      278.33        0.00
     0     3      733.00      274.33        0.00
     0     3      733.67      271.00        0.00
     0     3      751.67      265.33        0.00
     0     3      755.00      263.33        0.00
     0     3      759.00      261.33        0.00
     0     3      763.67      258.00        0.00
     0     3      767.67      254.67        0.00
     0     3      772.33      250.67        0.00
     0     3      776.33      247.33        0.00
     0     3      782.33      242.67        0.00
     0     3      786.33      239.33        0.00
     0     3      791.67      235.33        0.00
     0     3      796.33      231.33        0.00
     0     3      801.67      227.33        0.00
     0     3      805.67      224.67        0.00
     0     3      809.67      221.33        0.00
     0     3      813.00      218.00        0.00
     0     3      816.33      215.33        0.00
     0     3      818.33      212.67        0.00
     0     3      821.67      208.67        0.00
     0     3      825.00      205.33        0.00
     0     3      827.67      202.67        0.00
     0     3      830.33      198.67        0.00
     0     3      832.33      196.00        0.00
     0     3      835.00      192.67        0.00
     0     3      837.67      190.00        0.00
     0     3      839.67      186.67        0.00
     0     3      843.00      183.33        0.00
     0     3      845.67      180.67        0.00
     0     3      848.33      178.00        0.00
     0     3      851.00      176.00        0.00
     0     3      855.67      172.67        0.00
     0     3      859.00      170.67        0.00
     0     3      863.00      167.33        0.00
     0     3      866.33      164.67        0.00
     0     3      870.33      161.33        0.00
     0     3      873.00      158.00        0.00
     0     3      875.00      154.67        0.00
     0     3      877.67      150.67        0.00
     0     3      879.67      146.67        0.00
     0     3      883.00      141.33        0.00
     0     3      885.67      138.00        0.00
     0     3      889.67      133.33        0.00
     0     3      892.33      130.00        0.00
     0     3      894.33      126.67        0.00
     0     3      897.00      122.67        0.00
     0     3      899.00      120.00        0.00
     0     3      901.00      116.00        0.00
     0     3      903.00      113.33        0.00
     0     3      905.67      110.67        0.00
     0     3      907.67      108.00        0.00
     0     3      911.00      104.67        0.00
     0     3      915.00      101.33        0.00
     0     3      917.67       98.67        0.00
     0     3      919.67       95.33        0.00
     0     3      923.00       91.33        0.00
     0     3      926.33       87.33        0.00
     0     3      929.00       83.33        0.00
     0     3      933.00       77.33        0.00
     0     3      936.33       72.00        0.00
     0     3      939.00       67.33        0.00
     0     3      942.33       62.00        0.00
     0     3      945.00       57.33        0.00
     0     3      947.00       52.67        0.00
     0     3      949.67       48.00        0.00
     0     3      951.67       44.67        0.00
     0     3      953.67       41.33        0.00
     0     3      956.33       37.33        0.00
     0     3      958.33       33.33        0.00
     0     3      961.00       28.67        0.00
     0     3      963.00       24.67        0.00
     0     3      965.00       20.67        0.00
     0     3      967.67       15.33        0.00
     0     3      969.67        9.33        0.00
     0     3      972.33        6.67        0.00
     0     3      974.33        4.00        0.00
     0     3      977.67        0.67        0.00
     0     3      980.33       -1.33        0.00
     0     3     1107.00        5.33        0.00
     0     3     1104.33        7.33        0.00
     0     3     1103.00       10.67        0.00
     0     3     1101.00       14.67        0.00
     0     3     1099.67       18.67        0.00
     0     3     1098.33       22.67        0.00
     0     3     1095.67       27.33        0.00
     0     3     1093.67       31.33        0.00
     0     3     1091.67       36.67        0.00
     0     3     1089.67       40.00        0.00
     0     3     1086.33       44.67        0.00
     0     3     1083.00       47.33        0.00
     0     3     1079.67       50.67        0.00
     0     3     1077.00       52.67        0.00
     0     3     1074.33       56.00        0.00
     0     3     1073.00       59.33        0.00
     0     3     1071.67       62.67        0.00
     0     3     1070.33       67.33        0.00
     0     3     1069.67       71.33        0.00
     0     3     1069.00       75.33        0.00
     0     3     1067.67       79.33        0.00
     0     3     1067.00       82.67        0.00
     0     3     1066.33       86.67        0.00
     0     3     1065.67       90.00        0.00
     0     3     1065.00       94.00        0.00
     0     3     1064.33       97.33        0.00
     0     3     1062.33      101.33        0.00
     0     3     1060.33      104.00        0.00
     0     3     1058.33      107.33        0.00
     0     3     1055.67      110.00        0.00
     0     3     1052.33      113.33        0.00
     0     3     1049.00      116.00        0.00
     0     3     1045.67      118.67        0.00
     0     3     1041.67      122.00        0.00
     0     3     1037.67      125.33        0.00
     0     3     1033.67      129.33        0.00
     0     3     1030.33      132.67        0.00
     0     3     1026.33      136.00        0.00
     0     3     1022.33      140.00        0.00
     0     3     1018.33      143.33        0.00
     0     3     1015.67      146.67        0.00
     0     3     1013.00      150.00        0.00
     0     3     1009.67      154.00        0.00
     0     3     1007.67      156.67        0.00
     0     3     1005.00      160.00        0.00
     0     3     1002.33      163.33        0.00
     0     3     1000.33      167.33        0.00
     0     3      997.67      171.33        0.00
     0     3      995.67      176.00        0.00
     0     3      994.33      179.33        0.00
     0     3      992.33      183.33        0.00
     0     3      990.33      186.67        0.00
     0     3      988.33      190.00        0.00
     0     3      986.33      194.00        0.00
     0     3      984.33      198.00        0.00
     0     3      981.67      202.00        0.00
     0     3      980.33      205.33        0.00
     0     3      978.33      208.67        0.00
     0     3      976.33      211.33        0.00
     0     3      975.00      215.33        0.00
     0     3      973.00      218.00        0.00
     0     3      971.00      221.33        0.00
     0     3      969.00      226.00        0.00
     0     3      967.00      229.33        0.00
     0     3      965.00      233.33        0.00
     0     3      963.00      236.67        0.00
     0     3      961.00      240.00        0.00
     0     3      959.67      244.67        0.00
     0     3      957.67      249.33        0.00
     0     3      955.67      254.00        0.00
     0     3      953.67      257.33        0.00
     0     3      951.67      261.33        0.00
     0     3      949.67      264.00        0.00
     0     3      948.33      267.33        0.00
     0     3      947.00      270.67        0.00
     0     3      946.33      274.00        0.00
     0     3      944.33      277.33        0.00
     0     3      941.67      281.33        0.00
     0     3      939.00      285.33        0.00
     0     3      937.00      288.00        0.00
     0     3      933.67      291.33        0.00
     0     3      930.33      294.67        0.00
     0     3      927.67      297.33        0.00
     0     3      923.67      301.33        0.00
     0     3      921.00      304.00        0.00
     0     3      918.33      307.33        0.00
     0     3      916.33      310.00        0.00
     0     3      913.67      313.33        0.00
     0     3      911.00      316.67        0.00
     0     3      908.33      320.67        0.00
     0     3      906.33      323.33        0.00
     0     3      904.33      326.00        0.00
     0     3      903.00      329.33        0.00
     0     3      901.00      332.67        0.00
     0     3      899.67      336.00        0.00
     0     3      897.67      339.33        0.00
     0     3      895.67      342.00        0.00
     0     3      879.33      350.67        0.00
     0     3      876.00      352.00        0.00
     0     3      871.33      353.33        0.00
     0     3      867.33      354.67        0.00
     0     3      864.00      356.00        0.00
     0     3      860.67      356.67        0.00
     0     3      856.67      358.67        0.00
     0     3      852.67      360.00        0.00
     0     3      849.33      362.00        0.00
     0     3      845.33      363.33        0.00
     0     3      842.67      365.33        0.00
     0     3      840.00      367.33        0.00
     0     3      836.00      369.33        0.00
     0     3      832.67      371.33        0.00
     0     3      829.33      373.33        0.00
     0     3      826.00      376.00        0.00
     0     3      822.00      378.67        0.00
     0     3      818.67      380.67        0.00
     0     3      816.00      382.67        0.00
     0     3      811.33      385.33        0.00
     0     3      806.67      388.00        0.00
     0     3      804.00      390.00        0.00
     0     3      801.33      392.67        0.00
     0     3      799.33      395.33        0.00
     0     3      796.00      397.33        0.00
     0     3      793.33      399.33        0.00
     0     3      790.67      401.33        0.00
     0     3      788.00      404.00        0.00
     0     3      784.00      406.67        0.00
     0     3      780.67      408.67        0.00
     0     3      778.00      411.33        0.00
     0     3      773.33      415.33        0.00
     0     3      770.67      418.00        0.00
     0     3      768.00      420.00        0.00
     0     3      765.33      422.67        0.00
     0     3      762.67      425.33        0.00
     0     3      759.33      426.67        0.00
     0     3      755.33      428.67        0.00
     0     3      752.00      430.00        0.00
     0     3      747.33      433.33        0.00
     0     3      744.67      436.00        0.00
     0     3      742.67      438.67        0.00
     0     3      738.67      442.00        0.00
     0     3      736.00      445.33        0.00
     0     3      734.00      448.00        0.00
     0     3      732.00      451.33        0.00
     0     3      729.33      455.33        0.00
     0     3      726.67      458.00        0.00
     0     3      724.00      460.67        0.00
     0     3      722.00      463.33        0.00
     0     3      720.67      466.67        0.00
     0     3      719.33      470.00        0.00
     0     3      717.33      472.67        0.00
     0     3      714.67      476.67        0.00
     0     3      711.33      481.33        0.00
     0     3      709.33      485.33        0.00
     0     3      706.00      489.33        0.00
     0     3      704.00      492.67        0.00
     0     3      702.00      495.33        0.00
     0     3      700.00      498.00        0.00
     0     3      697.33      500.67        0.00
     0     3      694.00      504.00        0.00
     0     3      692.00      506.67        0.00
     0     3      688.67      510.00        0.00
     0     3      686.00      512.67        0.00
     0     3      682.67      516.67        0.00
     0     3      679.33      519.33        0.00
     0     3      677.33      522.00        0.00
     0     3      674.00      524.67        0.00
     0     3      671.33      527.33        0.00
     0     3      668.00      530.00        0.00
     0     3      665.33      532.67        0.00
     0     3      662.00      534.67        0.00
     0     3      658.67      538.00        0.00
     0     3      654.67      540.00        0.00
     0     3      652.00      542.00        0.00
     0     3      648.00      544.00        0.00
     0     3      645.33      546.00        0.00
     0     3      642.67      548.00        0.00
     0     3      640.00      550.67        0.00
     0     3      638.00      554.00        0.00
     0     3      636.00      556.67        0.00
     0     3      632.00      560.00        0.00
     0     3      629.33      562.67        0.00
     0     3      626.67      564.67        0.00
     0     3      623.33      567.33        0.00
     0     3      620.00      568.67        0.00
     0     3      617.33      571.33        0.00
     0     3      614.67      573.33        0.00
     0     3      612.00      575.33        0.00
     0     3      609.33      577.33        0.00
     0     3      606.67      579.33        0.00
     0     3      603.33      582.00        0.00
     0     3      600.00      584.00        0.00
     0     3      596.67      585.33        0.00
     0     3      594.00      588.00        0.00
     0     3      590.67      589.33        0.00
     0     3      587.33      590.67        0.00
     0     3      584.67      592.67        0.00
     0     3      581.33      594.00        0.00
     0     3      576.67      596.00        0.00
     0     3      572.67      597.33        0.00
     0     3      566.00      599.33        0.00
     0     3      560.67      600.67        0.00
     0     3      554.67      602.67        0.00
     0     3      550.67      604.00        0.00
     0     3      547.33      604.67        0.00
     0     3      544.00      606.00        0.00
     0     3      540.00      607.33        0.00
     0     3      534.67      608.00        0.00
     0     3      530.67      608.67        0.00
     0     3      526.00      609.33        0.00
     0     3      522.00      609.33        0.00
     0     3      518.67      610.00        0.00
     0     3      515.33      610.67        0.00
     0     3      510.67      611.33        0.00
     0     3      506.00      612.00        0.00
     0     3      501.33      612.00        0.00
     0     3      498.00      612.67        0.00
     0     3      494.00      613.33        0.00
     0     3      490.00      614.00        0.00
     0     3      485.33      614.67        0.00
     0     3      481.33      616.00        0.00
     0     3      477.33      616.67        0.00
     0     3      474.00      616.67        0.00
     0     3      470.67      616.67        0.00
     0     3      466.67      617.33        0.00
     0     3      463.33      617.33        0.00
     0     3      460.00      617.33        0.00
     0     3      455.33      618.00        0.00
     0     3      452.00      619.33        0.00
     0     3      448.00      620.67        0.00
     0     3      444.67      622.00        0.00
     0     3      441.33      623.33        0.00
     0     3      438.00      624.00        0.00
     0     3      433.33      624.00        0.00
     0     3      430.00      624.67        0.00
     0     3      425.33      624.67        0.00
     0     3      422.00      624.67        0.00
     0     3      418.67      624.67        0.00
     0     3      415.33      624.67        0.00
     0     3      410.67      624.67        0.00
     0     3      406.67      624.00        0.00
     0     3      402.67      624.00        0.00
     0     3      398.67      624.00        0.00
     0     3      394.67      623.33        0.00
     1     0       35.00      890.00        0.00
     1     0       32.00      892.00        0.00
     1     0       28.00      894.00        0.00
     1     0       25.00      895.00        0.00
     1     0       21.00      895.00        0.00
     1     0       17.00      895.00        0.00
     1     0       14.00      892.00        0.00
     1     0       13.00      889.00        0.00
     1     0       13.00      885.00        0.00
     1     0       14.00      882.00        0.00
     1     0       15.00      879.00        0.00
     1     0       18.00      877.00        0.00
     1     0       21.00      874.00        0.00
     1     0       24.00      872.00        0.00
     1     0       27.00      871.00        0.00
     1     0       31.00      871.00        0.00
     1     0       35.00      871.00        0.00
     1     0       38.00      872.00        0.00
     1     0       41.00      875.00        0.00
     1     0       42.00      878.00        0.00
     1     0       39.00      885.00        0.00
     1     1       65.00      854.00        0.00
     1     1       67.00      863.00        0.00
     1     1       66.00      868.00        0.00
     1     1       65.00      872.00        0.00
     1     1       64.00      875.00        0.00
     1     1       61.00      876.00        0.00
     1     1       57.00      877.00        0.00
     1     1       54.00      876.00        0.00
     1     1       51.00      875.00        0.00
     1     1       49.00      872.00        0.00
     1     1       48.00      869.00        0.00
     1     1       47.00      866.00        0.00
     1     1       47.00      861.00        0.00
     1     1       47.00      857.00        0.00
     1     1       49.00      854.00        0.00
     1     1       51.00      851.00        0.00
     1     1       54.00      850.00        0.00
     1     2       99.00      824.00        0.00
     1     2       95.00      832.00        0.00
     1     2       91.00      836.00        0.00
     1     2       88.00      838.00        0.00
     1     2       84.00      837.00        0.00
     1     2       80.00      834.00        0.00
     1     2       79.00      831.00        0.00
     1     2       79.00      826.00        0.00
     1     2       79.00      822.00        0.00
     1     2       79.00      818.00        0.00
     1     2       82.00      815.00        0.00
     1     2       83.00      812.00        0.00
     1     2       86.00      809.00        0.00
     1     2       90.00      807.00        0.00
     1     2       93.00      806.00        0.00
     1     2       96.00      807.00        0.00
     1     2       99.00      810.00        0.00
     1     2      100.00      813.00        0.00
     1     3      132.00      814.00        0.00
     1     3      126.00      820.00        0.00
     1     3      122.00      822.00        0.00
     1     3      119.00      823.00        0.00
     1     3      115.00      822.00        0.00
     1     3      112.00      819.00        0.00
     1     3      110.00      815.00        0.00
     1     3      109.00      812.00        0.00
     1     3      109.00      807.00        0.00
     1     3      110.00      804.00        0.00
     1     3      111.00      799.00        0.00
     1     3      113.00      796.00        0.00
     1     3      116.00      794.00        0.00
     1     3      119.00      792.00        0.00
     1     3      123.00      790.00        0.00
     1     3      126.00      789.00        0.00
     1     3      129.00      788.00        0.00
     1     3      133.00      788.00        0.00
     1     3      137.00      789.00        0.00
     1     3      138.00      792.00        0.00
     1     3      139.00      795.00        0.00
     1     3      139.00      799.00        0.00
     1     3      139.00      803.00        0.00
     1     4       35.00      438.00        0.00
     1     4       29.00      441.00        0.00
     1     4       26.00      443.00        0.00
     1     4       22.00      443.00        0.00
     1     4       18.00      443.00        0.00
     1     4       18.00      439.00        0.00
     1     4       18.00      435.00        0.00
     1     4       19.00      431.00        0.00
     1     4       21.00      427.00        0.00
     1     4       23.00      424.00        0.00
     1     4       25.00      421.00        0.00
     1     4       27.00      418.00        0.00
     1     4       31.00      416.00        0.00
     1     4       34.00      415.00        0.00
     1     4       38.00      415.00        0.00
     1     4       41.00      416.00        0.00
     1     4       44.00      419.00        0.00
     1     4       45.00      422.00        0.00
     1     4       45.00      426.00        0.00
     1     4       45.00      430.00        0.00
     1     4       42.00      432.00        0.00
     1     5      358.00      643.00        0.00
     1     5      359.00      639.00        0.00
     1     5      362.00      637.00        0.00
     1     5      365.00      634.00        0.00
     1     5      369.00      632.00        0.00
     1     5      373.00      629.00        0.00
     1     5      377.00      626.00        0.00
     1     5      380.00      625.00        0.00
     1     5      384.00      625.00        0.00
     1     5      388.00      625.00        0.00
     1     5      392.00      625.00        0.00
     1     5      396.00      626.00        0.00
     1     5      399.00      627.00        0.00
     1     5      402.00      629.00        0.00
     1     5      404.00      632.00        0.00
     1     5      404.00      636.00        0.00
     1     5      404.00      640.00        0.00
     1     5      402.00      643.00        0.00
     1     5      399.00      646.00        0.00
     1     5      396.00      648.00        0.00
     1     5      393.00      650.00        0.00
     1     5      389.00      651.00        0.00
     1     5      386.00      652.00        0.00
     1     5      382.00      652.00        0.00
     1     5      378.00      652.00        0.00
     1     5      374.00      652.00        0.00
     1     5      369.00      651.00        0.00
     1     5      364.00      651.00        0.00
     1     5      361.00      650.00        0.00
     1     5      358.00      648.00        0.00
     1     6      445.00      632.00        0.00
     1     6      443.00      638.00        0.00
     1     6      441.00      641.00        0.00
     1     6      438.00      643.00        0.00
     1     6      435.00      644.00        0.00
     1     6      430.00      644.00        0.00
     1     6      426.00      644.00        0.00
     1     6      423.00      641.00        0.00
     1     6      421.00      638.00        0.00
     1     6      421.00      634.00        0.00
     1     6      420.00      630.00        0.00
     1     6      420.00      626.00        0.00
     1     6      420.00      622.00        0.00
     1     6      422.00      619.00        0.00
     1     6      425.00      617.00        0.00
     1     6      428.00      616.00        0.00
     1     6      432.00      616.00        0.00
     1     6      436.00      616.00        0.00
     1     6      440.00      617.00        0.00
     1     6      442.00      620.00        0.00
     1     6      445.00      622.00        0.00
     1     7      503.00      634.00        0.00
     1     7      499.00      642.00        0.00
     1     7      495.00      643.00        0.00
     1     7      491.00      643.00        0.00
     1     7      488.00      640.00        0.00
     1     7      486.00      637.00        0.00
     1     7      485.00      633.00        0.00
     1     7      484.00      629.00        0.00
     1     7      484.00      625.00        0.00
     1     7      485.00      621.00        0.00
     1     7      486.00      618.00        0.00
     1     7      488.00      615.00        0.00
     1     7      491.00      614.00        0.00
     1     7      494.00      613.00        0.00
     1     7      497.00      612.00        0.00
     1     7      501.00      612.00        0.00
     1     7      504.00      614.00        0.00
     1     7      506.00      617.00        0.00
     1     7      507.00      620.00        0.00
     1     7      507.00      624.00        0.00
     1     8      540.00      623.00        0.00
     1     8      535.00      629.00        0.00
     1     8      531.00      631.00        0.00
     1     8      526.00      631.00        0.00
     1     8      522.00      630.00        0.00
     1     8      520.00      626.00        0.00
     1     8      519.00      622.00        0.00
     1     8      518.00      618.00        0.00
     1     8      518.00      614.00        0.00
     1     8      520.00      611.00        0.00
     1     8      523.00      609.00        0.00
     1     8      526.00      607.00        0.00
     1     8      529.00      605.00        0.00
     1     8      532.00      604.00        0.00
     1     8      536.00      604.00        0.00
     1     8      539.00      606.00        0.00
     1     8      542.00      608.00        0.00
     1     8      543.00      611.00        0.00
     1     8      544.00      614.00        0.00
     1     8      544.00      618.00        0.00
     1     9      573.00      619.00        0.00
     1     9      568.00      624.00        0.00
     1     9      565.00      625.00        0.00
     1     9      562.00      624.00        0.00
     1     9      559.00      623.00        0.00
     1     9      557.00      620.00        0.00
     1     9      555.00      616.00        0.00
     1     9      554.00      613.00        0.00
     1     9      554.00      608.00        0.00
     1     9      555.00      605.00        0.00
     1     9      558.00      602.00        0.00
     1     9      561.00      599.00        0.00
     1     9      564.00      598.00        0.00
     1     9      567.00      597.00        0.00
     1     9      571.00      597.00        0.00
     1     9      572.00      600.00        0.00
     1     9      573.00      603.00        0.00
     1     9      574.00      606.00        0.00
     1     9      574.00      610.00        0.00
     1     9      573.00      614.00        0.00
     1    10      600.00      611.00        0.00
     1    10      597.00      616.00        0.00
     1    10      593.00      616.00        0.00
     1    10      590.00      615.00        0.00
     1    10      589.00      612.00        0.00
     1    10      588.00      608.00        0.00
     1    10      587.00      605.00        0.00
     1    10      586.00      602.00        0.00
     1    10      586.00      598.00        0.00
     1    10      588.00      595.00        0.00
     1    10      589.00      591.00        0.00
     1    10      592.00      589.00        0.00
     1    10      595.00      586.00        0.00
     1    10      599.00      586.00        0.00
     1    10      602.00      589.00        0.00
     1    10      603.00      592.00        0.00
     1    10      604.00      596.00        0.00
     1    10      604.00      600.00        0.00
     1    10      604.00      604.00        0.00
     1    11      634.00      596.00        0.00
     1    11      630.00      601.00        0.00
     1    11      628.00      604.00        0.00
     1    11      624.00      604.00        0.00
     1    11      620.00      603.00        0.00
     1    11      617.00      601.00        0.00
     1    11      614.00      598.00        0.00
     1    11      612.00      595.00        0.00
     1    11      611.00      591.00        0.00
     1    11      611.00      587.00        0.00
     1    11      611.00      583.00        0.00
     1    11      612.00      580.00        0.00
     1    11      615.00      578.00        0.00
     1    11      617.00      575.00        0.00
     1    11      620.00      574.00        0.00
     1    11      624.00      574.00        0.00
     1    11      628.00      574.00        0.00
     1    11      632.00      575.00        0.00
     1    11      635.00      578.00        0.00
     1    11      636.00      581.00        0.00
     1    11      637.00      584.00        0.00
     1    12      715.00      535.00        0.00
     1    12      710.00      539.00        0.00
     1    12      706.00      539.00        0.00
     1    12      703.00      538.00        0.00
     1    12      699.00      534.00        0.00
     1    12      697.00      530.00        0.00
     1    12      695.00      526.00        0.00
     1    12      694.00      523.00        0.00
     1    12      694.00      519.00        0.00
     1    12      695.00      515.00        0.00
     1    12      696.00      512.00        0.00
     1    12      699.00      510.00        0.00
     1    12      702.00      509.00        0.00
     1    12      705.00      508.00        0.00
     1    12      709.00      508.00        0.00
     1    12      712.00      509.00        0.00
     1    12      714.00      512.00        0.00
     1    12      716.00      515.00        0.00
     1    12      716.00      519.00        0.00
     1    13      763.00      467.00        0.00
     1    13      763.00      471.00        0.00
     1    13      762.00      474.00        0.00
     1    13      759.00      477.00        0.00
     1    13      756.00      478.00        0.00
     1    13      752.00      478.00        0.00
     1    13      748.00      476.00        0.00
     1    13      745.00      474.00        0.00
     1    13      744.00      471.00        0.00
     1    13      743.00      468.00        0.00
     1    13      742.00      465.00        0.00
     1    13      742.00      461.00        0.00
     1    13      742.00      457.00        0.00
     1    13      744.00      454.00        0.00
     1    13      747.00      452.00        0.00
     1    13      750.00      451.00        0.00
     1    13      753.00      449.00        0.00
     1    13      757.00      450.00        0.00
     1    13      760.00      453.00        0.00
     1    13      760.00      457.00        0.00
     1    14      817.00      418.00        0.00
     1    14      815.00      424.00        0.00
     1    14      812.00      428.00        0.00
     1    14      809.00      430.00        0.00
     1    14      806.00      431.00        0.00
     1    14      802.00      432.00        0.00
     1    14      799.00      431.00        0.00
     1    14      796.00      428.00        0.00
     1    14      794.00      425.00        0.00
     1    14      794.00      421.00        0.00
     1    14      794.00      417.00        0.00
     1    14      796.00      413.00        0.00
     1    14      799.00      411.00        0.00
     1    14      800.00      408.00        0.00
     1    14      803.00      407.00        0.00
     1    14      806.00      406.00        0.00
     1    14      810.00      406.00        0.00
     1    14      814.00      406.00        0.00
     1    14      818.00      406.00        0.00
     1    14      820.00      409.00        0.00
     1    15      864.00      369.00        0.00
     1    15      867.00      372.00        0.00
     1    15      870.00      374.00        0.00
     1    15      872.00      377.00        0.00
     1    15      873.00      380.00        0.00
     1    15      874.00      383.00        0.00
     1    15      875.00      386.00        0.00
     1    15      874.00      391.00        0.00
     1    15      872.00      394.00        0.00
     1    15      869.00      396.00        0.00
     1    15      866.00      397.00        0.00
     1    15      863.00      398.00        0.00
     1    15      857.00      397.00        0.00
     1    15      854.00      395.00        0.00
     1    15      851.00      391.00        0.00
     1    15      850.00      388.00        0.00
     1    15      850.00      384.00        0.00
     1    15      850.00      380.00        0.00
     1    15      851.00      375.00        0.00
     1    15      854.00      373.00        0.00
     1    15      859.00      373.00        0.00
     1    16      915.00      326.00        0.00
     1    16      917.00      335.00        0.00
     1    16      917.00      339.00        0.00
     1    16      917.00      343.00        0.00
     1    16      916.00      346.00        0.00
     1    16      915.00      349.00        0.00
     1    16      912.00      351.00        0.00
     1    16      908.00      351.00        0.00
     1    16      904.00      351.00        0.00
     1    16      900.00      351.00        0.00
     1    16      897.00      350.00        0.00
     1    16      896.00      347.00        0.00
     1    16      896.00      341.00        0.00
     1    16      896.00      337.00        0.00
     1    16      896.00      333.00        0.00
     1    16      898.00      330.00        0.00
     1    16      901.00      328.00        0.00
     1    16      904.00      327.00        0.00
     1    16      908.00      327.00        0.00
     1    17      949.00      271.00        0.00
     1    17      953.00      271.00        0.00
     1    17      958.00      271.00        0.00
     1    17      961.00      272.00        0.00
     1    17      964.00      274.00        0.00
     1    17      965.00      277.00        0.00
     1    17      966.00      280.00        0.00
     1    17      966.00      284.00        0.00
     1    17      964.00      287.00        0.00
     1    17      962.00      290.00        0.00
     1    17      960.00      293.00        0.00
     1    17      958.00      296.00        0.00
     1    17      955.00      299.00        0.00
     1    17      952.00      301.00        0.00
     1    17      949.00      304.00        0.00
     1    17      947.00      307.00        0.00
     1    17      944.00      308.00        0.00
     1    17      940.00      308.00        0.00
     1    17      938.00      305.00        0.00
     1    17      936.00      302.00        0.00
     1    17      935.00      298.00        0.00
     1    17      936.00      294.00        0.00
     1    17      938.00      291.00        0.00
     1    17      940.00      288.00        0.00
     1    17      942.00      285.00        0.00
     1    17      943.00      282.00        0.00
     1    17      944.00      279.00        0.00
     1    18      978.00      254.00        0.00
     1    18      980.00      258.00        0.00
     1    18      981.00      262.00        0.00
     1    18      981.00      266.00        0.00
     1    18      980.00      269.00        0.00
     1    18      978.00      272.00        0.00
     1    18      975.00      273.00        0.00
     1    18      971.00      273.00        0.00
     1    18      968.00      271.00        0.00
     1    18      964.00      269.00        0.00
     1    18      963.00      265.00        0.00
     1    18      961.00      262.00        0.00
     1    18      960.00      258.00        0.00
     1    18      961.00      253.00        0.00
     1    18      963.00      250.00        0.00
     1    18      967.00      248.00        0.00
     1    18      971.00      247.00        0.00
     1    18      974.00      249.00        0.00
     1    19     1018.00      233.00        0.00
     1    19     1018.00      237.00        0.00
     1    19     1016.00      240.00        0.00
     1    19     1014.00      243.00        0.00
     1    19     1011.00      245.00        0.00
     1    19     1008.00      247.00        0.00
     1    19     1005.00      248.00        0.00
     1    19     1002.00      249.00        0.00
     1    19      998.00      249.00        0.00
     1    19      993.00      249.00        0.00
     1    19      990.00      247.00        0.00
     1    19      987.00      245.00        0.00
     1    19      985.00      242.00        0.00
     1    19      984.00      239.00        0.00
     1    19      982.00      235.00        0.00
     1    19      982.00      231.00        0.00
     1    19      982.00      227.00        0.00
     1    19      982.00      223.00        0.00
     1    19      984.00      220.00        0.00
     1    19      986.00      217.00        0.00
     1    19      988.00      214.00        0.00
     1    19      991.00      212.00        0.00
     1    19      995.00      210.00        0.00
     1    19      999.00      209.00        0.00
     1    19     1003.00      209.00        0.00
     1    19     1007.00      209.00        0.00
     1    19     1011.00      209.00        0.00
     1    19     1014.00      211.00        0.00
     1    19     1016.00      214.00        0.00
     1    19     1017.00      217.00        0.00
     1    19     1018.00      220.00        0.00
     1    20      488.00      844.00        0.00
     1    20      489.00      847.00        0.00
     1    20      489.00      851.00        0.00
     1    20      488.00      855.00        0.00
     1    20      485.00      857.00        0.00
     1    20      482.00      859.00        0.00
     1    20      478.00      858.00        0.00
     1    20      475.00      856.00        0.00
     1    20      474.00      853.00        0.00
     1    20      473.00      850.00        0.00
     1    20      473.00      846.00        0.00
     1    20      474.00      843.00        0.00
     1    20      475.00      840.00        0.00
     1    20      478.00      838.00        0.00
     1    20      481.00      837.00        0.00
     1    20      485.00      837.00        0.00
     1    21      342.00      630.00        0.00
     1    21      338.00      634.00        0.00
     1    21      332.00      634.00        0.00
     1    21      326.00      632.00        0.00
     1    21      322.00      628.00        0.00
     1    21      318.00      624.00        0.00
     1    21      316.00      618.00        0.00
     1    21      316.00      612.00        0.00
     1    21      318.00      606.00        0.00
     1    21      324.00      602.00        0.00
     1    21      330.00      602.00        0.00
     1    21      336.00      602.00        0.00
     1    21      342.00      602.00        0.00
     1    21      346.00      608.00        0.00
     1    21      346.00      614.00        0.00
     1    21      348.00      620.00        0.00
