     0     0      392.00      553.33        0.00
     0     0      380.00      549.33        0.00
     0     0      374.67      549.33        0.00
     0     0      370.67      548.00        0.00
     0     0      365.33      546.67        0.00
     0     0      361.33      546.67        0.00
     0     0      357.33      545.33        0.00
     0     0      352.00      544.00        0.00
     0     0      348.00      542.67        0.00
     0     0      344.00      541.33        0.00
     0     0      338.67      540.00        0.00
     0     0      334.67      538.67        0.00
     0     0      330.67      536.00        0.00
     0     0      328.00      533.33        0.00
     0     0      321.33      529.33        0.00
     0     0      318.67      526.67        0.00
     0     0      316.00      522.67        0.00
     0     0      313.33      520.00        0.00
     0     0      309.33      516.00        0.00
     0     0      306.67      512.00        0.00
     0     0      304.00      508.00        0.00
     0     0      301.33      505.33        0.00
     0     0      300.00      501.33        0.00
     0     0      298.67      497.33        0.00
     0     0      296.00      494.67        0.00
     0     0      293.33      490.67        0.00
     0     0      290.67      488.00        0.00
     0     0      288.00      484.00        0.00
     0     0      284.00      481.33        0.00
     0     0      281.33      477.33        0.00
     0     0      277.33      474.67        0.00
     0     0      274.67      472.00        0.00
     0     0      270.67      468.00        0.00
     0     0      266.67      465.33        0.00
     0     0      262.67      464.00        0.00
     0     0      260.00      461.33        0.00
     0     0      256.00      458.67        0.00
     0     0      252.00      456.00        0.00
     0     0      249.33      453.33        0.00
     0     0      246.67      450.67        0.00
     0     0      244.00      448.00        0.00
     0     0      241.33      444.00        0.00
     0     0      238.67      440.00        0.00
     0     0      237.33      436.00        0.00
     0     0      236.00      432.00        0.00
     0     0      233.33      428.00        0.00
     0     0      232.00      424.00        0.00
     0     0      230.67      418.67        0.00
     0     0      229.33      413.33        0.00
     0     0      229.33      409.33        0.00
     0     0      228.00      404.00        0.00
     0     0      226.67      398.67        0.00
     0     0      226.67      394.67        0.00
     0     0      226.67      390.67        0.00
     0     0      226.67      385.33        0.00
     0     0      226.67      380.00        0.00
     0     0      228.00      376.00        0.00
     0     0      229.33      370.67        0.00
     0     0      229.33      366.67        0.00
     0     0      232.00      362.67        0.00
     0     0      233.33      358.67        0.00
     0     0      234.67      354.67        0.00
     0     0      236.00      350.67        0.00
     0     0      237.33      345.33        0.00
     0     0      240.00      340.00        0.00
     0     0      241.33      336.00        0.00
     0     0      242.67      332.00        0.00
     0     0      244.00      326.67        0.00
     0     0      245.33      322.67        0.00
     0     0      246.67      318.67        0.00
     0     0      246.67      314.67        0.00
     0     0      248.00      310.67        0.00
     0     0      250.67      306.67        0.00
     0     0      252.00      301.33        0.00
     0     0      254.67      298.67        0.00
     0     0      256.00      294.67        0.00
     0     0      258.67      292.00        0.00
     0     0      261.33      288.00        0.00
     0     0      262.67      284.00        0.00
     0     0      264.00      280.00        0.00
     0     0      266.67      276.00        0.00
     0     0      268.00      272.00        0.00
     0     0      270.67      266.67        0.00
     0     0      273.33      261.33        0.00
     0     0      276.00      256.00        0.00
     0     0      280.00      250.67        0.00
     0     0      282.67      248.00        0.00
     0     0      286.67      245.33        0.00
     0     0      292.00      241.33        0.00
     0     0      296.00      240.00        0.00
     0     0      301.33      236.00        0.00
     0     0      306.67      232.00        0.00
     0     0      310.67      229.33        0.00
     0     0      316.00      226.67        0.00
     0     0      320.00      225.33        0.00
     0     0      325.33      224.00        0.00
     0     0      330.67      221.33        0.00
     0     0      338.67      220.00        0.00
     0     0      346.67      217.33        0.00
     0     0      350.67      214.67        0.00
     0     0      356.00      212.00        0.00
     0     0      361.33      210.67        0.00
     0     0      365.33      209.33        0.00
     0     0      369.33      208.00        0.00
     0     0      374.67      206.67        0.00
     0     0      378.67      206.67        0.00
     0     0      382.67      205.33        0.00
     0     0      388.00      205.33        0.00
     0     0      392.00      204.00        0.00
     0     0      397.33      204.00        0.00
     0     0      402.67      202.67        0.00
     0     0      406.67      202.67        0.00
     0     0      413.33      202.67        0.00
     0     0      420.00      202.67        0.00
     0     0      425.33      202.67        0.00
     0     0      429.33      202.67        0.00
     0     0      437.33      202.67        0.00
     0     0      445.33      204.00        0.00
     0     0      449.33      204.00        0.00
     0     0      457.33      204.00        0.00
     0     0      462.67      205.33        0.00
     0     0      468.00      206.67        0.00
     0     0      473.33      208.00        0.00
     0     0      477.33      209.33        0.00
     0     0      484.00      209.33        0.00
     0     0      488.00      210.67        0.00
     0     0      494.67      212.00        0.00
     0     0      498.67      213.33        0.00
     0     0      502.67      214.67        0.00
     0     0      508.00      216.00        0.00
     0     0      512.00      217.33        0.00
     0     0      516.00      218.67        0.00
     0     0      520.00      220.00        0.00
     0     0      524.00      220.00        0.00
     0     0      529.33      221.33        0.00
     0     0      534.67      224.00        0.00
     0     0      538.67      225.33        0.00
     0     0      544.00      228.00        0.00
     0     0      549.33      229.33        0.00
     0     0      556.00      232.00        0.00
     0     0      564.00      236.00        0.00
     0     0      569.33      237.33        0.00
     0     0      573.33      238.67        0.00
     0     0      577.33      241.33        0.00
     0     0      582.67      242.67        0.00
     0     0      588.00      245.33        0.00
     0     0      592.00      246.67        0.00
     0     0      598.67      248.00        0.00
     0     0      602.67      249.33        0.00
     0     0      606.67      249.33        0.00
     0     0      610.67      250.67        0.00
     0     0      614.67      252.00        0.00
     0     0      618.67      252.00        0.00
     0     0      622.67      252.00        0.00
     0     0      626.67      253.33        0.00
     0     0      633.33      254.67        0.00
     0     0      637.33      256.00        0.00
     0     0      642.67      257.33        0.00
     0     0      648.00      258.67        0.00
     0     0      653.33      260.00        0.00
     0     0      661.33      260.00        0.00
     0     0      669.33      260.00        0.00
     0     0      673.33      261.33        0.00
     0     0      678.67      264.00        0.00
     0     0      684.00      265.33        0.00
     0     0      689.33      266.67        0.00
     0     0      696.00      269.33        0.00
     0     0      701.33      270.67        0.00
     0     0      706.67      270.67        0.00
     0     0      712.00      273.33        0.00
     0     0      716.00      274.67        0.00
     0     0      722.67      277.33        0.00
     0     0      726.67      277.33        0.00
     0     0      732.00      278.67        0.00
     0     0      736.00      280.00        0.00
     0     0      741.33      281.33        0.00
     0     0      748.00      282.67        0.00
     0     0      754.67      285.33        0.00
     0     0      758.67      286.67        0.00
     0     0      762.67      286.67        0.00
     0     0      769.33      286.67        0.00
     0     0      774.67      286.67        0.00
     0     0      781.33      286.67        0.00
     0     0      788.00      286.67        0.00
     0     0      794.67      288.00        0.00
     0     0      800.00      288.00        0.00
     0     0      805.33      288.00        0.00
     0     0      810.67      288.00        0.00
     0     0      814.67      289.33        0.00
     0     0      820.00      289.33        0.00
     0     0      824.00      290.67        0.00
     0     0      828.00      292.00        0.00
     0     0      832.00      294.67        0.00
     0     0      834.67      297.33        0.00
     0     0      837.33      301.33        0.00
     0     0      840.00      305.33        0.00
     0     0      841.33      309.33        0.00
     0     0      842.67      313.33        0.00
     0     0      844.00      317.33        0.00
     0     0      844.00      321.33        0.00
     0     0      842.67      325.33        0.00
     0     0      841.33      329.33        0.00
     0     0      841.33      333.33        0.00
     0     0      840.00      338.67        0.00
     0     0      837.33      342.67        0.00
     0     0      834.67      346.67        0.00
     0     0      832.00      350.67        0.00
     0     0      828.00      353.33        0.00
     0     0      824.00      357.33        0.00
     0     0      821.33      360.00        0.00
     0     0      817.33      364.00        0.00
     0     0      813.33      365.33        0.00
     0     0      810.67      369.33        0.00
     0     0      808.00      372.00        0.00
     0     0      805.33      376.00        0.00
     0     0      804.00      380.00        0.00
     0     0      801.33      385.33        0.00
     0     0      798.67      389.33        0.00
     0     0      796.00      393.33        0.00
     0     0      794.67      397.33        0.00
     0     0      793.33      401.33        0.00
     0     0      790.67      406.67        0.00
     0     0      788.00      409.33        0.00
     0     0      785.33      413.33        0.00
     0     0      781.33      418.67        0.00
     0     0      778.67      422.67        0.00
     0     0      776.00      426.67        0.00
     0     0      773.33      429.33        0.00
     0     0      770.67      432.00        0.00
     0     0      768.00      434.67        0.00
     0     0      765.33      438.67        0.00
     0     0      762.67      441.33        0.00
     0     0      757.33      444.00        0.00
     0     0      753.33      448.00        0.00
     0     0      749.33      449.33        0.00
     0     0      746.67      452.00        0.00
     0     0      741.33      453.33        0.00
     0     0      737.33      454.67        0.00
     0     0      733.33      456.00        0.00
     0     0      729.33      457.33        0.00
     0     0      725.33      458.67        0.00
     0     0      721.33      460.00        0.00
     0     0      717.33      461.33        0.00
     0     0      713.33      462.67        0.00
     0     0      709.33      464.00        0.00
     0     0      704.00      468.00        0.00
     0     0      700.00      469.33        0.00
     0     0      696.00      472.00        0.00
     0     0      692.00      474.67        0.00
     0     0      688.00      476.00        0.00
     0     0      684.00      478.67        0.00
     0     0      680.00      480.00        0.00
     0     0      674.67      481.33        0.00
     0     0      670.67      482.67        0.00
     0     0      666.67      484.00        0.00
     0     0      662.67      484.00        0.00
     0     0      658.67      485.33        0.00
     0     0      654.67      485.33        0.00
     0     0      650.67      485.33        0.00
     0     0      646.67      486.67        0.00
     0     0      642.67      486.67        0.00
     0     0      638.67      486.67        0.00
     0     0      634.67      486.67        0.00
     0     0      630.67      486.67        0.00
     0     0      624.00      486.67        0.00
     0     0      620.00      486.67        0.00
     0     0      616.00      486.67        0.00
     0     0      612.00      486.67        0.00
     0     0      608.00      488.00        0.00
     0     0      604.00      489.33        0.00
     0     0      601.33      492.00        0.00
     0     0      598.67      494.67        0.00
     0     0      594.67      497.33        0.00
     0     0      592.00      500.00        0.00
     0     0      588.00      502.67        0.00
     0     0      582.67      504.00        0.00
     0     0      578.67      505.33        0.00
     0     0      574.67      506.67        0.00
     0     0      569.33      506.67        0.00
     0     0      565.33      508.00        0.00
     0     0      561.33      508.00        0.00
     0     0      556.00      508.00        0.00
     0     0      552.00      508.00        0.00
     0     0      548.00      508.00        0.00
     0     0      544.00      509.33        0.00
     0     0      541.33      512.00        0.00
     0     0      538.67      514.67        0.00
     0     0      534.67      516.00        0.00
     0     0      529.33      516.00        0.00
     0     0      525.33      516.00        0.00
     0     0      520.00      516.00        0.00
     0     0      516.00      516.00        0.00
     0     0      512.00      517.33        0.00
     0     0      508.00      517.33        0.00
     0     0      504.00      518.67        0.00
     0     0      500.00      521.33        0.00
     0     0      496.00      522.67        0.00
     0     0      490.67      525.33        0.00
     0     0      486.67      526.67        0.00
     0     0      482.67      528.00        0.00
     0     0      478.67      529.33        0.00
     0     0      474.67      529.33        0.00
     0     0      470.67      530.67        0.00
     0     0      466.67      532.00        0.00
     0     0      462.67      533.33        0.00
     0     0      458.67      536.00        0.00
     0     0      454.67      537.33        0.00
     0     0      450.67      540.00        0.00
     0     0      445.33      541.33        0.00
     0     0      441.33      542.67        0.00
     0     0      436.00      545.33        0.00
     0     0      432.00      546.67        0.00
     0     0      429.33      549.33        0.00
     0     0      425.33      550.67        0.00
     0     0      421.33      550.67        0.00
     0     1      577.67      826.00        0.00
     0     1      574.33      826.67        0.00
     0     1      570.33      826.67        0.00
     0     1      567.00      826.00        0.00
     0     1      563.67      825.33        0.00
     0     1      559.67      824.00        0.00
     0     1      556.33      823.33        0.00
     0     1      551.67      822.67        0.00
     0     1      548.33      821.33        0.00
     0     1      544.33      820.00        0.00
     0     1      541.00      819.33        0.00
     0     1      536.33      818.00        0.00
     0     1      532.33      818.00        0.00
     0     1      529.00      817.33        0.00
     0     1      525.67      817.33        0.00
     0     1      521.67      816.67        0.00
     0     1      517.67      816.00        0.00
     0     1      513.00      814.67        0.00
     0     1      509.67      814.00        0.00
     0     1      506.33      814.00        0.00
     0     1      502.33      813.33        0.00
     0     1      499.00      812.67        0.00
     0     1      495.67      812.00        0.00
     0     1      491.67      810.00        0.00
     0     1      488.33      808.67        0.00
     0     1      485.00      806.67        0.00
     0     1      481.00      804.67        0.00
     0     1      476.33      803.33        0.00
     0     1      472.33      802.00        0.00
     0     1      469.00      800.67        0.00
     0     1      465.67      799.33        0.00
     0     1      462.33      797.33        0.00
     0     1      459.67      795.33        0.00
     0     1      456.33      793.33        0.00
     0     1      453.00      791.33        0.00
     0     1      449.00      788.67        0.00
     0     1      446.33      786.67        0.00
     0     1      443.67      784.67        0.00
     0     1      441.00      782.67        0.00
     0     1      438.33      780.00        0.00
     0     1      435.67      778.00        0.00
     0     1      432.33      776.67        0.00
     0     1      429.00      775.33        0.00
     0     1      425.67      773.33        0.00
     0     1      422.33      772.00        0.00
     0     1      419.00      770.67        0.00
     0     1      415.00      768.67        0.00
     0     1      412.33      766.00        0.00
     0     1      409.67      764.00        0.00
     0     1      406.33      762.00        0.00
     0     1      403.67      760.00        0.00
     0     1      399.67      758.00        0.00
     0     1      397.00      756.00        0.00
     0     1      394.33      754.00        0.00
     0     1      391.67      751.33        0.00
     0     1      389.00      748.67        0.00
     0     1      385.67      746.00        0.00
     0     1      383.00      743.33        0.00
     0     1      380.33      741.33        0.00
     0     1      377.67      739.33        0.00
     0     1      375.00      736.67        0.00
     0     1      372.33      734.00        0.00
     0     1      369.67      731.33        0.00
     0     1      366.33      730.00        0.00
     0     1      363.67      728.00        0.00
     0     1      361.00      726.00        0.00
     0     1      358.33      723.33        0.00
     0     1      356.33      720.67        0.00
     0     1      354.33      718.00        0.00
     0     1      352.33      714.67        0.00
     0     1      351.00      711.33        0.00
     0     1      350.33      708.00        0.00
     0     1      349.67      704.67        0.00
     0     1      349.00      701.33        0.00
     0     1      349.00      698.00        0.00
     0     1      349.00      694.67        0.00
     0     1      349.00      691.33        0.00
     0     1      349.00      688.00        0.00
     0     1      349.67      684.67        0.00
     0     1      350.33      681.33        0.00
     0     1      351.00      677.33        0.00
     0     1      352.33      673.33        0.00
     0     1      353.67      669.33        0.00
     0     1      355.67      665.33        0.00
     0     1      357.67      662.00        0.00
     0     1      359.67      659.33        0.00
     0     1      361.67      656.67        0.00
     0     1      363.67      654.00        0.00
     0     1      365.67      651.33        0.00
     0     1      367.67      648.00        0.00
     0     1      369.67      643.33        0.00
     0     1      371.67      640.67        0.00
     0     1      373.00      637.33        0.00
     0     1      375.00      634.00        0.00
     0     1      377.67      631.33        0.00
     0     1      380.33      628.67        0.00
     0     1      381.67      625.33        0.00
     0     1      384.33      623.33        0.00
     0     1      387.00      620.67        0.00
     0     1      389.00      618.00        0.00
     0     1      391.67      616.00        0.00
     0     1      395.00      614.00        0.00
     0     1      398.33      612.00        0.00
     0     1      401.67      610.00        0.00
     0     1      405.67      608.00        0.00
     0     1      408.33      606.00        0.00
     0     1      411.67      603.33        0.00
     0     1      415.00      601.33        0.00
     0     1      417.67      599.33        0.00
     0     1      421.00      596.67        0.00
     0     1      424.33      593.33        0.00
     0     1      427.67      592.00        0.00
     0     1      431.00      592.00        0.00
     0     1      434.33      591.33        0.00
     0     1      438.33      591.33        0.00
     0     1      441.67      590.67        0.00
     0     1      444.33      588.67        0.00
     0     1      447.00      586.67        0.00
     0     1      450.33      584.67        0.00
     0     1      453.67      582.67        0.00
     0     1      458.33      580.67        0.00
     0     1      461.67      579.33        0.00
     0     1      465.00      578.00        0.00
     0     1      468.33      576.67        0.00
     0     1      472.33      574.67        0.00
     0     1      475.67      573.33        0.00
     0     1      479.67      571.33        0.00
     0     1      483.00      570.00        0.00
     0     1      486.33      568.67        0.00
     0     1      490.33      566.67        0.00
     0     1      494.33      564.67        0.00
     0     1      498.33      563.33        0.00
     0     1      501.67      561.33        0.00
     0     1      505.00      559.33        0.00
     0     1      508.33      557.33        0.00
     0     1      511.67      556.00        0.00
     0     1      515.00      555.33        0.00
     0     1      519.00      555.33        0.00
     0     1      523.00      554.00        0.00
     0     1      527.00      553.33        0.00
     0     1      530.33      552.67        0.00
     0     1      535.00      551.33        0.00
     0     1      538.33      550.00        0.00
     0     1      542.33      549.33        0.00
     0     1      545.67      549.33        0.00
     0     1      549.00      548.67        0.00
     0     1      552.33      548.00        0.00
     0     1      557.00      546.67        0.00
     0     1      560.33      546.00        0.00
     0     1      563.67      544.67        0.00
     0     1      567.67      544.00        0.00
     0     1      571.00      542.67        0.00
     0     1      575.00      542.00        0.00
     0     1      579.00      541.33        0.00
     0     1      583.00      540.67        0.00
     0     1      587.67      540.67        0.00
     0     1      591.00      540.67        0.00
     0     1      594.33      540.67        0.00
     0     1      598.33      540.00        0.00
     0     1      602.33      539.33        0.00
     0     1      605.67      538.67        0.00
     0     1      609.67      537.33        0.00
     0     1      613.67      536.00        0.00
     0     1      617.67      534.00        0.00
     0     1      621.00      532.00        0.00
     0     1      624.33      530.00        0.00
     0     1      627.67      528.00        0.00
     0     1      631.67      526.67        0.00
     0     1      634.33      524.67        0.00
     0     1      637.67      522.67        0.00
     0     1      641.67      520.67        0.00
     0     1      645.00      518.67        0.00
     0     1      648.33      517.33        0.00
     0     1      651.00      514.67        0.00
     0     1      654.33      513.33        0.00
     0     1      658.33      511.33        0.00
     0     1      662.33      509.33        0.00
     0     1      665.67      508.00        0.00
     0     1      669.00      506.67        0.00
     0     1      672.33      506.00        0.00
     0     1      676.33      505.33        0.00
     0     1      679.67      504.00        0.00
     0     1      684.33      503.33        0.00
     0     1      689.67      502.67        0.00
     0     1      695.00      501.33        0.00
     0     1      699.00      501.33        0.00
     0     1      703.67      500.67        0.00
     0     1      707.00      500.67        0.00
     0     1      711.00      500.67        0.00
     0     1      714.33      500.67        0.00
     0     1      719.00      500.67        0.00
     0     1      723.00      500.00        0.00
     0     1      726.33      500.00        0.00
     0     1      729.67      499.33        0.00
     0     1      733.00      499.33        0.00
     0     1      737.67      499.33        0.00
     0     1      741.00      499.33        0.00
     0     1      744.33      499.33        0.00
     0     1      747.67      499.33        0.00
     0     1      751.00      500.00        0.00
     0     1      754.33      500.00        0.00
     0     1      760.33      500.67        0.00
     0     1      764.33      500.67        0.00
     0     1      767.67      501.33        0.00
     0     1      771.00      502.67        0.00
     0     1      774.33      503.33        0.00
     0     1      777.67      506.00        0.00
     0     1      780.33      508.00        0.00
     0     1      783.67      510.00        0.00
     0     1      787.00      512.00        0.00
     0     1      791.00      513.33        0.00
     0     1      794.33      515.33        0.00
     0     1      799.67      516.67        0.00
     0     1      803.00      518.00        0.00
     0     1      806.33      520.67        0.00
     0     1      809.67      522.67        0.00
     0     1      811.67      526.00        0.00
     0     1      814.33      528.00        0.00
     0     1      817.00      530.67        0.00
     0     1      819.67      533.33        0.00
     0     1      822.33      536.00        0.00
     0     1      823.67      539.33        0.00
     0     1      825.67      542.00        0.00
     0     1      826.33      545.33        0.00
     0     1      827.00      548.67        0.00
     0     1      827.67      552.67        0.00
     0     1      827.67      556.67        0.00
     0     1      828.33      561.33        0.00
     0     1      828.33      564.67        0.00
     0     1      828.33      568.67        0.00
     0     1      828.33      572.00        0.00
     0     1      828.33      576.67        0.00
     0     1      828.33      582.00        0.00
     0     1      828.33      586.00        0.00
     0     1      828.33      589.33        0.00
     0     1      828.33      594.67        0.00
     0     1      828.33      600.67        0.00
     0     1      827.67      607.33        0.00
     0     1      826.33      611.33        0.00
     0     1      825.67      615.33        0.00
     0     1      825.00      618.67        0.00
     0     1      823.67      623.33        0.00
     0     1      823.00      627.33        0.00
     0     1      821.67      630.67        0.00
     0     1      820.33      636.67        0.00
     0     1      818.33      641.33        0.00
     0     1      815.67      646.00        0.00
     0     1      813.67      650.00        0.00
     0     1      811.67      654.67        0.00
     0     1      809.67      658.67        0.00
     0     1      807.00      662.00        0.00
     0     1      805.67      665.33        0.00
     0     1      803.00      668.00        0.00
     0     1      801.00      670.67        0.00
     0     1      797.67      674.00        0.00
     0     1      795.67      676.67        0.00
     0     1      793.67      679.33        0.00
     0     1      791.67      682.67        0.00
     0     1      789.67      685.33        0.00
     0     1      787.67      689.33        0.00
     0     1      785.67      694.00        0.00
     0     1      783.67      698.67        0.00
     0     1      781.67      702.00        0.00
     0     1      780.33      705.33        0.00
     0     1      778.33      708.67        0.00
     0     1      777.67      712.00        0.00
     0     1      776.33      715.33        0.00
     0     1      774.33      718.67        0.00
     0     1      773.00      722.00        0.00
     0     1      771.00      726.00        0.00
     0     1      767.67      730.00        0.00
     0     1      765.00      733.33        0.00
     0     1      762.33      737.33        0.00
     0     1      759.00      741.33        0.00
     0     1      757.00      744.00        0.00
     0     1      754.33      748.00        0.00
     0     1      752.33      750.67        0.00
     0     1      749.67      753.33        0.00
     0     1      747.67      756.00        0.00
     0     1      745.00      759.33        0.00
     0     1      742.33      762.00        0.00
     0     1      739.67      764.00        0.00
     0     1      737.00      766.00        0.00
     0     1      734.33      768.00        0.00
     0     1      731.67      770.00        0.00
     0     1      727.00      772.67        0.00
     0     1      723.00      774.00        0.00
     0     1      719.00      775.33        0.00
     0     1      715.00      776.67        0.00
     0     1      711.00      777.33        0.00
     0     1      707.67      778.67        0.00
     0     1      703.00      780.00        0.00
     0     1      699.00      780.67        0.00
     0     1      695.67      782.67        0.00
     0     1      691.67      784.00        0.00
     0     1      687.00      785.33        0.00
     0     1      683.00      787.33        0.00
     0     1      679.00      789.33        0.00
     0     1      675.67      790.67        0.00
     0     1      671.67      792.67        0.00
     0     1      667.67      794.67        0.00
     0     1      664.33      796.00        0.00
     0     1      659.67      797.33        0.00
     0     1      655.67      798.67        0.00
     0     1      651.00      800.67        0.00
     0     1      647.00      802.00        0.00
     0     1      642.33      804.00        0.00
     0     1      637.67      806.00        0.00
     0     1      635.00      808.00        0.00
     0     1      631.67      810.00        0.00
     0     1      629.00      812.00        0.00
     0     1      625.67      813.33        0.00
     0     1      622.33      814.00        0.00
     0     1      618.33      815.33        0.00
     0     1      615.00      816.67        0.00
     0     1      611.00      818.00        0.00
     0     1      607.67      818.67        0.00
     0     1      603.67      820.00        0.00
     0     1      600.33      820.67        0.00
     0     1      595.00      822.00        0.00
     1     0      387.00      612.67        0.00
     1     0      382.33      613.33        0.00
     1     0      379.00      614.00        0.00
     1     0      375.67      612.67        0.00
     1     0      373.00      608.67        0.00
     1     0      371.00      605.33        0.00
     1     0      370.33      601.33        0.00
     1     0      369.67      597.33        0.00
     1     0      369.00      593.33        0.00
     1     0      369.00      589.33        0.00
     1     0      369.00      585.33        0.00
     1     0      369.67      581.33        0.00
     1     0      371.00      578.00        0.00
     1     0      373.00      574.67        0.00
     1     0      375.67      572.00        0.00
     1     0      379.00      570.00        0.00
     1     0      383.00      568.67        0.00
     1     0      386.33      568.67        0.00
     1     0      389.67      568.67        0.00
     1     0      393.00      568.67        0.00
     1     0      396.33      570.00        0.00
     1     0      399.67      571.33        0.00
     1     0      403.00      574.00        0.00
     1     0      405.00      576.67        0.00
     1     0      406.33      580.00        0.00
     1     0      407.00      583.33        0.00
     1     0      407.67      587.33        0.00
     1     0      407.67      590.67        0.00
     1     0      406.33      594.00        0.00
     1     0      405.67      598.00        0.00
     1     0      403.67      600.67        0.00
     1     0      402.33      604.00        0.00
     1     1      425.67      578.00        0.00
     1     1      421.00      582.67        0.00
     1     1      417.67      583.33        0.00
     1     1      414.33      583.33        0.00
     1     1      411.00      582.00        0.00
     1     1      409.00      579.33        0.00
     1     1      408.33      576.00        0.00
     1     1      408.33      572.00        0.00
     1     1      408.33      568.67        0.00
     1     1      409.67      564.67        0.00
     1     1      411.00      561.33        0.00
     1     1      413.67      559.33        0.00
     1     1      416.33      557.33        0.00
     1     1      419.67      556.67        0.00
     1     1      423.00      556.67        0.00
     1     1      426.33      558.00        0.00
     1     1      428.33      560.67        0.00
     1     1      429.67      564.00        0.00
     1     1      430.33      567.33        0.00
     1     1      430.33      570.67        0.00
     1     1      431.00      574.00        0.00
     1     2      457.67      564.67        0.00
     1     2      455.00      567.33        0.00
     1     2      452.33      570.00        0.00
     1     2      449.00      569.33        0.00
     1     2      446.33      567.33        0.00
     1     2      445.00      563.33        0.00
     1     2      443.67      559.33        0.00
     1     2      443.67      556.00        0.00
     1     2      444.33      552.67        0.00
     1     2      446.33      550.00        0.00
     1     2      449.67      548.67        0.00
     1     2      453.00      547.33        0.00
     1     2      456.33      547.33        0.00
     1     2      459.00      550.00        0.00
     1     2      460.33      553.33        0.00
     1     3      489.00      552.67        0.00
     1     3      487.00      555.33        0.00
     1     3      483.67      556.00        0.00
     1     3      480.33      556.00        0.00
     1     3      477.00      554.00        0.00
     1     3      474.33      552.00        0.00
     1     3      472.33      548.67        0.00
     1     3      472.33      545.33        0.00
     1     3      473.00      542.00        0.00
     1     3      475.67      538.67        0.00
     1     3      478.33      536.67        0.00
     1     3      482.33      535.33        0.00
     1     3      485.67      534.67        0.00
     1     3      489.00      535.33        0.00
     1     3      491.00      538.67        0.00
     1     3      491.00      542.00        0.00
     1     4      529.00      535.33        0.00
     1     4      529.00      539.33        0.00
     1     4      526.33      542.00        0.00
     1     4      523.00      543.33        0.00
     1     4      519.67      544.00        0.00
     1     4      516.33      544.00        0.00
     1     4      513.00      544.00        0.00
     1     4      510.33      542.00        0.00
     1     4      508.33      538.67        0.00
     1     4      508.33      535.33        0.00
     1     4      510.33      531.33        0.00
     1     4      512.33      528.67        0.00
     1     4      515.67      526.67        0.00
     1     4      519.00      526.00        0.00
     1     4      522.33      526.00        0.00
     1     5      567.67      532.67        0.00
     1     5      565.67      535.33        0.00
     1     5      561.67      536.67        0.00
     1     5      558.33      536.67        0.00
     1     5      554.33      536.67        0.00
     1     5      551.00      535.33        0.00
     1     5      549.00      532.67        0.00
     1     5      549.00      528.67        0.00
     1     5      550.33      524.67        0.00
     1     5      552.33      522.00        0.00
     1     5      555.67      520.00        0.00
     1     5      559.00      519.33        0.00
     1     5      562.33      519.33        0.00
     1     5      565.00      521.33        0.00
     1     5      565.67      524.67        0.00
     1     6      716.33      477.33        0.00
     1     6      716.33      480.67        0.00
     1     6      714.33      484.00        0.00
     1     6      711.00      486.00        0.00
     1     6      707.00      486.67        0.00
     1     6      703.67      486.67        0.00
     1     6      700.33      486.67        0.00
     1     6      697.67      484.00        0.00
     1     6      695.67      480.00        0.00
     1     6      695.67      476.00        0.00
     1     6      696.33      472.00        0.00
     1     6      699.00      468.67        0.00
     1     6      701.67      464.67        0.00
     1     6      705.00      462.67        0.00
     1     6      709.00      462.00        0.00
     1     6      712.33      462.00        0.00
     1     6      715.67      462.00        0.00
     1     6      717.67      464.67        0.00
     1     6      719.00      468.00        0.00
     1     7      512.00      186.00        0.00
     1     7      508.67      187.33        0.00
     1     7      505.33      188.00        0.00
     1     7      502.00      188.00        0.00
     1     7      498.67      186.00        0.00
     1     7      496.67      182.00        0.00
     1     7      494.67      178.67        0.00
     1     7      493.33      175.33        0.00
     1     7      492.67      170.67        0.00
     1     7      492.67      167.33        0.00
     1     7      492.67      163.33        0.00
     1     7      493.33      160.00        0.00
     1     7      494.67      156.67        0.00
     1     7      496.67      153.33        0.00
     1     7      500.00      151.33        0.00
     1     7      503.33      151.33        0.00
     1     7      507.33      152.00        0.00
     1     7      510.67      154.00        0.00
     1     7      514.67      156.67        0.00
     1     7      517.33      158.67        0.00
     1     7      520.00      161.33        0.00
     1     7      521.33      164.67        0.00
     1     7      522.00      168.00        0.00
     1     7      522.67      172.00        0.00
     1     7      522.67      175.33        0.00
     1     7      520.67      178.00        0.00
