     0     0       -4.00      976.00        0.00
     0     0        2.00      976.00        0.00
     0     0        8.00      972.00        0.00
     0     0       12.00      968.00        0.00
     0     0       18.00      966.00        0.00
     0     0       22.00      960.00        0.00
     0     0       28.00      956.00        0.00
     0     0       34.00      952.00        0.00
     0     0       40.00      948.00        0.00
     0     0       46.00      944.00        0.00
     0     0       52.00      940.00        0.00
     0     0       56.00      936.00        0.00
     0     0       62.00      932.00        0.00
     0     0       68.00      928.00        0.00
     0     0       74.00      924.00        0.00
     0     0       80.00      922.00        0.00
     0     0       84.00      918.00        0.00
     0     0       90.00      916.00        0.00
     0     0       98.00      912.00        0.00
     0     0      104.00      910.00        0.00
     0     0      110.00      904.00        0.00
     0     0      116.00      902.00        0.00
     0     0      122.00      900.00        0.00
     0     0      126.00      896.00        0.00
     0     0      132.00      892.00        0.00
     0     0      138.00      890.00        0.00
     0     0      142.00      886.00        0.00
     0     0      148.00      882.00        0.00
     0     0      154.00      880.00        0.00
     0     0      158.00      876.00        0.00
     0     0      164.00      874.00        0.00
     0     0      168.00      870.00        0.00
     0     0      174.00      868.00        0.00
     0     0      180.00      866.00        0.00
     0     0      186.00      862.00        0.00
     0     0      194.00      860.00        0.00
     0     0      202.00      858.00        0.00
     0     0      208.00      856.00        0.00
     0     0      216.00      854.00        0.00
     0     0      224.00      852.00        0.00
     0     0      230.00      850.00        0.00
     0     0      238.00      850.00        0.00
     0     0      246.00      848.00        0.00
     0     0      254.00      848.00        0.00
     0     0      260.00      848.00        0.00
     0     0      266.00      848.00        0.00
     0     0      274.00      848.00        0.00
     0     0      284.00      848.00        0.00
     0     0      294.00      850.00        0.00
     0     0      300.00      854.00        0.00
     0     0      308.00      856.00        0.00
     0     0      314.00      860.00        0.00
     0     0      320.00      864.00        0.00
     0     0      328.00      868.00        0.00
     0     0      334.00      870.00        0.00
     0     0      340.00      874.00        0.00
     0     0      346.00      880.00        0.00
     0     0      354.00      884.00        0.00
     0     0      360.00      888.00        0.00
     0     0      364.00      892.00        0.00
     0     0      370.00      896.00        0.00
     0     0      374.00      900.00        0.00
     0     0      380.00      904.00        0.00
     0     0      386.00      910.00        0.00
     0     0      392.00      914.00        0.00
     0     0      402.00      918.00        0.00
     0     0      408.00      924.00        0.00
     0     0      414.00      926.00        0.00
     0     0      420.00      930.00        0.00
     0     0      426.00      932.00        0.00
     0     0      432.00      934.00        0.00
     0     0      438.00      936.00        0.00
     0     0      444.00      938.00        0.00
     0     0      456.00      940.00        0.00
     0     0      462.00      942.00        0.00
     0     0      470.00      944.00        0.00
     0     0      482.00      946.00        0.00
     0     0      488.00      948.00        0.00
     0     0      494.00      950.00        0.00
     0     0      506.00      952.00        0.00
     0     0      512.00      952.00        0.00
     0     0      520.00      954.00        0.00
     0     0      526.00      954.00        0.00
     0     0      534.00      954.00        0.00
     0     0      540.00      954.00        0.00
     0     0      546.00      954.00        0.00
     0     0      554.00      954.00        0.00
     0     0      560.00      954.00        0.00
     0     0      566.00      954.00        0.00
     0     0      572.00      954.00        0.00
     0     0      578.00      954.00        0.00
     0     0      584.00      954.00        0.00
     0     0      590.00      952.00        0.00
     0     0      596.00      950.00        0.00
     0     0      604.00      948.00        0.00
     0     0      610.00      944.00        0.00
     0     0      618.00      942.00        0.00
     0     0      622.00      938.00        0.00
     0     0      630.00      936.00        0.00
     0     0      636.00      932.00        0.00
     0     0      642.00      928.00        0.00
     0     0      648.00      926.00        0.00
     0     0      658.00      920.00        0.00
     0     0      664.00      918.00        0.00
     0     0      670.00      914.00        0.00
     0     0      678.00      910.00        0.00
     0     0      686.00      906.00        0.00
     0     0      692.00      904.00        0.00
     0     0      696.00      900.00        0.00
     0     0      702.00      898.00        0.00
     0     0      708.00      894.00        0.00
     0     0      714.00      892.00        0.00
     0     0      718.00      888.00        0.00
     0     0      724.00      886.00        0.00
     0     0      728.00      882.00        0.00
     0     0      732.00      878.00        0.00
     0     0      738.00      874.00        0.00
     0     0      742.00      870.00        0.00
     0     0      752.00      864.00        0.00
     0     0      758.00      858.00        0.00
     0     0      764.00      854.00        0.00
     0     0      770.00      848.00        0.00
     0     0      776.00      844.00        0.00
     0     0      782.00      840.00        0.00
     0     0      786.00      836.00        0.00
     0     0      792.00      834.00        0.00
     0     0      798.00      828.00        0.00
     0     0      808.00      822.00        0.00
     0     0      812.00      818.00        0.00
     0     0      820.00      812.00        0.00
     0     0      824.00      808.00        0.00
     0     0      828.00      804.00        0.00
     0     0      832.00      800.00        0.00
     0     0      838.00      796.00        0.00
     0     0      842.00      792.00        0.00
     0     0      846.00      788.00        0.00
     0     0      854.00      780.00        0.00
     0     0      860.00      774.00        0.00
     0     0      866.00      770.00        0.00
     0     0      872.00      764.00        0.00
     0     0      878.00      760.00        0.00
     0     0      882.00      756.00        0.00
     0     0      886.00      752.00        0.00
     0     0      888.00      746.00        0.00
     0     0      892.00      740.00        0.00
     0     0      892.00      734.00        0.00
     0     0      894.00      726.00        0.00
     0     0      898.00      720.00        0.00
     0     0      902.00      714.00        0.00
     0     0      904.00      708.00        0.00
     0     0      908.00      702.00        0.00
     0     0      912.00      694.00        0.00
     0     0      916.00      688.00        0.00
     0     0      916.00      682.00        0.00
     0     0      916.00      676.00        0.00
     0     0      916.00      670.00        0.00
     0     0      916.00      664.00        0.00
     0     0      916.00      658.00        0.00
     0     0      916.00      652.00        0.00
     0     0      912.00      646.00        0.00
     0     0      910.00      640.00        0.00
     0     0      906.00      636.00        0.00
     0     0      902.00      632.00        0.00
     0     0      898.00      628.00        0.00
     0     0      894.00      624.00        0.00
     0     0      890.00      620.00        0.00
     0     0      886.00      616.00        0.00
     0     0      882.00      612.00        0.00
     0     0      878.00      608.00        0.00
     0     0      872.00      606.00        0.00
     0     0      868.00      602.00        0.00
     0     0      862.00      600.00        0.00
     0     0      858.00      596.00        0.00
     0     0      852.00      592.00        0.00
     0     0      846.00      590.00        0.00
     0     0      840.00      586.00        0.00
     0     0      834.00      584.00        0.00
     0     0      828.00      584.00        0.00
     0     0      822.00      582.00        0.00
     0     0      816.00      580.00        0.00
     0     0      810.00      578.00        0.00
     0     0      802.00      576.00        0.00
     0     0      796.00      574.00        0.00
     0     0      790.00      572.00        0.00
     0     0      784.00      570.00        0.00
     0     0      778.00      566.00        0.00
     0     0      772.00      564.00        0.00
     0     0      766.00      562.00        0.00
     0     0      760.00      560.00        0.00
     0     0      754.00      560.00        0.00
     0     0      748.00      558.00        0.00
     0     0      742.00      558.00        0.00
     0     0      734.00      560.00        0.00
     0     0      730.00      564.00        0.00
     0     0      726.00      568.00        0.00
     0     0      722.00      572.00        0.00
     0     0      718.00      576.00        0.00
     0     0      714.00      580.00        0.00
     0     0      708.00      584.00        0.00
     0     0      702.00      588.00        0.00
     0     0      696.00      592.00        0.00
     0     0      692.00      598.00        0.00
     0     0      686.00      602.00        0.00
     0     0      680.00      606.00        0.00
     0     0      674.00      610.00        0.00
     0     0      670.00      614.00        0.00
     0     0      664.00      616.00        0.00
     0     0      658.00      620.00        0.00
     0     0      652.00      622.00        0.00
     0     0      646.00      624.00        0.00
     0     0      640.00      628.00        0.00
     0     0      634.00      630.00        0.00
     0     0      628.00      634.00        0.00
     0     0      624.00      638.00        0.00
     0     0      618.00      642.00        0.00
     0     0      612.00      646.00        0.00
     0     0      606.00      650.00        0.00
     0     0      602.00      654.00        0.00
     0     0      598.00      658.00        0.00
     0     0      594.00      664.00        0.00
     0     0      590.00      668.00        0.00
     0     0      586.00      674.00        0.00
     0     0      582.00      680.00        0.00
     0     0      578.00      684.00        0.00
     0     0      576.00      690.00        0.00
     0     0      570.00      694.00        0.00
     0     0      566.00      700.00        0.00
     0     0      562.00      704.00        0.00
     0     0      558.00      708.00        0.00
     0     0      554.00      712.00        0.00
     0     0      550.00      716.00        0.00
     0     0      544.00      720.00        0.00
     0     0      540.00      724.00        0.00
     0     0      534.00      728.00        0.00
     0     0      528.00      732.00        0.00
     0     0      522.00      736.00        0.00
     0     0      516.00      738.00        0.00
     0     0      510.00      742.00        0.00
     0     0      504.00      744.00        0.00
     0     0      498.00      748.00        0.00
     0     0      492.00      748.00        0.00
     0     0      486.00      750.00        0.00
     0     0      480.00      750.00        0.00
     0     0      474.00      750.00        0.00
     0     0      468.00      750.00        0.00
     0     0      462.00      750.00        0.00
     0     0      456.00      750.00        0.00
     0     0      450.00      750.00        0.00
     0     0      444.00      748.00        0.00
     0     0      438.00      746.00        0.00
     0     0      432.00      744.00        0.00
     0     0      428.00      740.00        0.00
     0     0      422.00      736.00        0.00
     0     0      416.00      732.00        0.00
     0     0      412.00      726.00        0.00
     0     0      408.00      722.00        0.00
     0     0      402.00      718.00        0.00
     0     0      398.00      712.00        0.00
     0     0      396.00      706.00        0.00
     0     0      394.00      700.00        0.00
     0     0      390.00      696.00        0.00
     0     0      390.00      690.00        0.00
     0     0      386.00      684.00        0.00
     0     0      382.00      680.00        0.00
     0     0      378.00      674.00        0.00
     0     0      374.00      670.00        0.00
     0     0      370.00      666.00        0.00
     0     0      366.00      662.00        0.00
     0     0      360.00      660.00        0.00
     0     0      354.00      658.00        0.00
     0     0      348.00      656.00        0.00
     0     0      342.00      656.00        0.00
     0     0      336.00      656.00        0.00
     0     0      330.00      654.00        0.00
     0     0      324.00      652.00        0.00
     0     0      318.00      650.00        0.00
     0     0      312.00      650.00        0.00
     0     0      304.00      650.00        0.00
     0     0      296.00      650.00        0.00
     0     0      290.00      650.00        0.00
     0     0      284.00      652.00        0.00
     0     0      278.00      652.00        0.00
     0     0      270.00      654.00        0.00
     0     0      264.00      656.00        0.00
     0     0      258.00      658.00        0.00
     0     0      252.00      658.00        0.00
     0     0      246.00      658.00        0.00
     0     0      240.00      660.00        0.00
     0     0      234.00      660.00        0.00
     0     0      228.00      662.00        0.00
     0     0      222.00      664.00        0.00
     0     0      218.00      668.00        0.00
     0     0      212.00      670.00        0.00
     0     0      206.00      674.00        0.00
     0     0      200.00      676.00        0.00
     0     0      194.00      678.00        0.00
     0     0      186.00      678.00        0.00
     0     0      180.00      682.00        0.00
     0     0      174.00      684.00        0.00
     0     0      168.00      686.00        0.00
     0     0      162.00      688.00        0.00
     0     0      156.00      690.00        0.00
     0     0      150.00      692.00        0.00
     0     0      144.00      694.00        0.00
     0     0      136.00      698.00        0.00
     0     0      130.00      700.00        0.00
     0     0      124.00      700.00        0.00
     0     0      116.00      702.00        0.00
     0     0      108.00      704.00        0.00
     0     0      102.00      706.00        0.00
     0     0       96.00      706.00        0.00
     0     0       90.00      708.00        0.00
     0     0       82.00      710.00        0.00
     0     0       76.00      712.00        0.00
     0     0       70.00      712.00        0.00
     0     0       64.00      714.00        0.00
     0     0       58.00      716.00        0.00
     0     0       50.00      720.00        0.00
     0     0       44.00      724.00        0.00
     0     0       38.00      728.00        0.00
     0     0       34.00      732.00        0.00
     0     0       28.00      734.00        0.00
     0     0       22.00      738.00        0.00
     0     0       18.00      742.00        0.00
     0     0       12.00      746.00        0.00
     0     0        8.00      750.00        0.00
     0     0        2.00      754.00        0.00
     0     1      229.00      629.00        0.00
     0     1      223.00      627.00        0.00
     0     1      220.00      626.00        0.00
     0     1      217.00      625.00        0.00
     0     1      214.00      624.00        0.00
     0     1      211.00      623.00        0.00
     0     1      208.00      622.00        0.00
     0     1      204.00      621.00        0.00
     0     1      199.00      620.00        0.00
     0     1      195.00      619.00        0.00
     0     1      191.00      618.00        0.00
     0     1      186.00      617.00        0.00
     0     1      182.00      616.00        0.00
     0     1      177.00      614.00        0.00
     0     1      173.00      611.00        0.00
     0     1      168.00      609.00        0.00
     0     1      165.00      607.00        0.00
     0     1      161.00      605.00        0.00
     0     1      157.00      603.00        0.00
     0     1      154.00      600.00        0.00
     0     1      151.00      598.00        0.00
     0     1      146.00      594.00        0.00
     0     1      143.00      591.00        0.00
     0     1      140.00      588.00        0.00
     0     1      137.00      586.00        0.00
     0     1      135.00      583.00        0.00
     0     1      133.00      580.00        0.00
     0     1      131.00      577.00        0.00
     0     1      129.00      573.00        0.00
     0     1      126.00      569.00        0.00
     0     1      125.00      566.00        0.00
     0     1      125.00      561.00        0.00
     0     1      124.00      556.00        0.00
     0     1      123.00      550.00        0.00
     0     1      123.00      545.00        0.00
     0     1      123.00      541.00        0.00
     0     1      123.00      536.00        0.00
     0     1      124.00      532.00        0.00
     0     1      127.00      528.00        0.00
     0     1      128.00      525.00        0.00
     0     1      131.00      522.00        0.00
     0     1      133.00      519.00        0.00
     0     1      135.00      516.00        0.00
     0     1      138.00      513.00        0.00
     0     1      142.00      510.00        0.00
     0     1      145.00      507.00        0.00
     0     1      148.00      505.00        0.00
     0     1      151.00      502.00        0.00
     0     1      154.00      500.00        0.00
     0     1      157.00      497.00        0.00
     0     1      161.00      492.00        0.00
     0     1      165.00      489.00        0.00
     0     1      169.00      486.00        0.00
     0     1      172.00      483.00        0.00
     0     1      176.00      481.00        0.00
     0     1      179.00      479.00        0.00
     0     1      182.00      478.00        0.00
     0     1      185.00      476.00        0.00
     0     1      190.00      475.00        0.00
     0     1      193.00      474.00        0.00
     0     1      196.00      472.00        0.00
     0     1      199.00      471.00        0.00
     0     1      202.00      469.00        0.00
     0     1      206.00      467.00        0.00
     0     1      209.00      465.00        0.00
     0     1      212.00      462.00        0.00
     0     1      215.00      461.00        0.00
     0     1      218.00      459.00        0.00
     0     1      222.00      456.00        0.00
     0     1      226.00      454.00        0.00
     0     1      231.00      452.00        0.00
     0     1      235.00      451.00        0.00
     0     1      239.00      449.00        0.00
     0     1      243.00      448.00        0.00
     0     1      246.00      446.00        0.00
     0     1      249.00      445.00        0.00
     0     1      253.00      445.00        0.00
     0     1      257.00      443.00        0.00
     0     1      262.00      442.00        0.00
     0     1      266.00      441.00        0.00
     0     1      269.00      440.00        0.00
     0     1      273.00      438.00        0.00
     0     1      276.00      435.00        0.00
     0     1      279.00      433.00        0.00
     0     1      282.00      432.00        0.00
     0     1      286.00      431.00        0.00
     0     1      290.00      431.00        0.00
     0     1      294.00      432.00        0.00
     0     1      297.00      433.00        0.00
     0     1      301.00      434.00        0.00
     0     1      304.00      436.00        0.00
     0     1      307.00      437.00        0.00
     0     1      312.00      440.00        0.00
     0     1      315.00      442.00        0.00
     0     1      318.00      444.00        0.00
     0     1      321.00      446.00        0.00
     0     1      324.00      449.00        0.00
     0     1      327.00      453.00        0.00
     0     1      332.00      456.00        0.00
     0     1      335.00      458.00        0.00
     0     1      339.00      460.00        0.00
     0     1      342.00      461.00        0.00
     0     1      345.00      463.00        0.00
     0     1      349.00      465.00        0.00
     0     1      352.00      467.00        0.00
     0     1      356.00      469.00        0.00
     0     1      360.00      472.00        0.00
     0     1      363.00      473.00        0.00
     0     1      366.00      475.00        0.00
     0     1      369.00      478.00        0.00
     0     1      372.00      480.00        0.00
     0     1      375.00      484.00        0.00
     0     1      378.00      486.00        0.00
     0     1      381.00      489.00        0.00
     0     1      386.00      491.00        0.00
     0     1      389.00      493.00        0.00
     0     1      392.00      495.00        0.00
     0     1      395.00      497.00        0.00
     0     1      399.00      500.00        0.00
     0     1      404.00      501.00        0.00
     0     1      408.00      502.00        0.00
     0     1      411.00      503.00        0.00
     0     1      414.00      505.00        0.00
     0     1      417.00      507.00        0.00
     0     1      420.00      508.00        0.00
     0     1      423.00      510.00        0.00
     0     1      426.00      511.00        0.00
     0     1      429.00      512.00        0.00
     0     1      432.00      514.00        0.00
     0     1      435.00      515.00        0.00
     0     1      438.00      518.00        0.00
     0     1      441.00      519.00        0.00
     0     1      444.00      522.00        0.00
     0     1      447.00      524.00        0.00
     0     1      449.00      527.00        0.00
     0     1      451.00      530.00        0.00
     0     1      453.00      533.00        0.00
     0     1      455.00      536.00        0.00
     0     1      456.00      539.00        0.00
     0     1      458.00      543.00        0.00
     0     1      459.00      546.00        0.00
     0     1      460.00      549.00        0.00
     0     1      460.00      553.00        0.00
     0     1      461.00      557.00        0.00
     0     1      461.00      561.00        0.00
     0     1      461.00      565.00        0.00
     0     1      460.00      568.00        0.00
     0     1      460.00      572.00        0.00
     0     1      460.00      576.00        0.00
     0     1      459.00      579.00        0.00
     0     1      458.00      582.00        0.00
     0     1      456.00      586.00        0.00
     0     1      453.00      588.00        0.00
     0     1      450.00      590.00        0.00
     0     1      446.00      593.00        0.00
     0     1      442.00      595.00        0.00
     0     1      439.00      597.00        0.00
     0     1      436.00      598.00        0.00
     0     1      433.00      599.00        0.00
     0     1      430.00      601.00        0.00
     0     1      427.00      602.00        0.00
     0     1      423.00      603.00        0.00
     0     1      420.00      604.00        0.00
     0     1      416.00      605.00        0.00
     0     1      413.00      606.00        0.00
     0     1      410.00      607.00        0.00
     0     1      407.00      609.00        0.00
     0     1      404.00      611.00        0.00
     0     1      401.00      612.00        0.00
     0     1      398.00      614.00        0.00
     0     1      395.00      615.00        0.00
     0     1      392.00      616.00        0.00
     0     1      389.00      617.00        0.00
     0     1      385.00      620.00        0.00
     0     1      382.00      621.00        0.00
     0     1      377.00      622.00        0.00
     0     1      374.00      623.00        0.00
     0     1      371.00      624.00        0.00
     0     1      367.00      624.00        0.00
     0     1      364.00      625.00        0.00
     0     1      360.00      625.00        0.00
     0     1      356.00      625.00        0.00
     0     1      352.00      625.00        0.00
     0     1      347.00      625.00        0.00
     0     1      342.00      625.00        0.00
     0     1      338.00      626.00        0.00
     0     1      334.00      626.00        0.00
     0     1      330.00      626.00        0.00
     0     1      326.00      627.00        0.00
     0     1      322.00      628.00        0.00
     0     1      318.00      629.00        0.00
     0     1      314.00      629.00        0.00
     0     1      310.00      629.00        0.00
     0     1      306.00      629.00        0.00
     0     1      302.00      629.00        0.00
     0     1      298.00      629.00        0.00
     0     1      294.00      629.00        0.00
     0     1      291.00      628.00        0.00
     0     1      287.00      628.00        0.00
     0     1      283.00      628.00        0.00
     0     1      279.00      628.00        0.00
     0     1      276.00      629.00        0.00
     0     1      272.00      629.00        0.00
     0     1      268.00      629.00        0.00
     0     1      264.00      629.00        0.00
     0     1      260.00      629.00        0.00
     0     1      256.00      628.00        0.00
     0     1      252.00      628.00        0.00
     0     1      249.00      627.00        0.00
     0     1      246.00      628.00        0.00
     0     2      574.00      461.00        0.00
     0     2      567.00      462.00        0.00
     0     2      563.00      462.00        0.00
     0     2      560.00      463.00        0.00
     0     2      557.00      464.00        0.00
     0     2      553.00      465.00        0.00
     0     2      550.00      466.00        0.00
     0     2      545.00      467.00        0.00
     0     2      541.00      468.00        0.00
     0     2      537.00      469.00        0.00
     0     2      533.00      469.00        0.00
     0     2      529.00      469.00        0.00
     0     2      524.00      469.00        0.00
     0     2      520.00      470.00        0.00
     0     2      515.00      470.00        0.00
     0     2      511.00      470.00        0.00
     0     2      506.00      470.00        0.00
     0     2      502.00      470.00        0.00
     0     2      497.00      470.00        0.00
     0     2      492.00      470.00        0.00
     0     2      488.00      470.00        0.00
     0     2      484.00      471.00        0.00
     0     2      480.00      471.00        0.00
     0     2      477.00      472.00        0.00
     0     2      473.00      472.00        0.00
     0     2      470.00      473.00        0.00
     0     2      466.00      473.00        0.00
     0     2      462.00      473.00        0.00
     0     2      457.00      473.00        0.00
     0     2      453.00      472.00        0.00
     0     2      450.00      470.00        0.00
     0     2      447.00      469.00        0.00
     0     2      444.00      467.00        0.00
     0     2      441.00      465.00        0.00
     0     2      437.00      463.00        0.00
     0     2      434.00      462.00        0.00
     0     2      431.00      460.00        0.00
     0     2      427.00      458.00        0.00
     0     2      423.00      456.00        0.00
     0     2      420.00      454.00        0.00
     0     2      417.00      453.00        0.00
     0     2      414.00      451.00        0.00
     0     2      411.00      449.00        0.00
     0     2      408.00      447.00        0.00
     0     2      405.00      445.00        0.00
     0     2      402.00      442.00        0.00
     0     2      399.00      439.00        0.00
     0     2      396.00      436.00        0.00
     0     2      393.00      433.00        0.00
     0     2      391.00      430.00        0.00
     0     2      389.00      427.00        0.00
     0     2      387.00      424.00        0.00
     0     2      385.00      421.00        0.00
     0     2      383.00      417.00        0.00
     0     2      382.00      414.00        0.00
     0     2      381.00      411.00        0.00
     0     2      380.00      408.00        0.00
     0     2      379.00      404.00        0.00
     0     2      378.00      401.00        0.00
     0     2      377.00      398.00        0.00
     0     2      376.00      395.00        0.00
     0     2      375.00      392.00        0.00
     0     2      375.00      388.00        0.00
     0     2      374.00      385.00        0.00
     0     2      374.00      381.00        0.00
     0     2      375.00      378.00        0.00
     0     2      376.00      374.00        0.00
     0     2      377.00      371.00        0.00
     0     2      378.00      368.00        0.00
     0     2      379.00      365.00        0.00
     0     2      381.00      362.00        0.00
     0     2      384.00      359.00        0.00
     0     2      386.00      356.00        0.00
     0     2      390.00      353.00        0.00
     0     2      393.00      350.00        0.00
     0     2      396.00      348.00        0.00
     0     2      400.00      347.00        0.00
     0     2      403.00      345.00        0.00
     0     2      406.00      344.00        0.00
     0     2      409.00      342.00        0.00
     0     2      413.00      341.00        0.00
     0     2      417.00      340.00        0.00
     0     2      422.00      340.00        0.00
     0     2      426.00      339.00        0.00
     0     2      430.00      339.00        0.00
     0     2      433.00      338.00        0.00
     0     2      437.00      338.00        0.00
     0     2      441.00      338.00        0.00
     0     2      445.00      338.00        0.00
     0     2      448.00      337.00        0.00
     0     2      452.00      337.00        0.00
     0     2      455.00      335.00        0.00
     0     2      458.00      334.00        0.00
     0     2      462.00      333.00        0.00
     0     2      465.00      332.00        0.00
     0     2      468.00      331.00        0.00
     0     2      471.00      330.00        0.00
     0     2      475.00      328.00        0.00
     0     2      480.00      327.00        0.00
     0     2      484.00      326.00        0.00
     0     2      487.00      324.00        0.00
     0     2      491.00      323.00        0.00
     0     2      494.00      322.00        0.00
     0     2      497.00      321.00        0.00
     0     2      501.00      320.00        0.00
     0     2      504.00      319.00        0.00
     0     2      508.00      319.00        0.00
     0     2      511.00      318.00        0.00
     0     2      515.00      317.00        0.00
     0     2      518.00      316.00        0.00
     0     2      522.00      315.00        0.00
     0     2      525.00      314.00        0.00
     0     2      529.00      313.00        0.00
     0     2      535.00      313.00        0.00
     0     2      539.00      312.00        0.00
     0     2      543.00      312.00        0.00
     0     2      546.00      311.00        0.00
     0     2      549.00      310.00        0.00
     0     2      552.00      309.00        0.00
     0     2      557.00      308.00        0.00
     0     2      560.00      307.00        0.00
     0     2      563.00      306.00        0.00
     0     2      566.00      305.00        0.00
     0     2      570.00      304.00        0.00
     0     2      573.00      303.00        0.00
     0     2      576.00      302.00        0.00
     0     2      580.00      301.00        0.00
     0     2      584.00      299.00        0.00
     0     2      587.00      298.00        0.00
     0     2      590.00      297.00        0.00
     0     2      593.00      296.00        0.00
     0     2      596.00      294.00        0.00
     0     2      599.00      293.00        0.00
     0     2      620.00      277.00        0.00
     0     2      624.00      276.00        0.00
     0     2      627.00      274.00        0.00
     0     2      630.00      271.00        0.00
     0     2      633.00      268.00        0.00
     0     2      636.00      265.00        0.00
     0     2      639.00      263.00        0.00
     0     2      643.00      261.00        0.00
     0     2      647.00      260.00        0.00
     0     2      650.00      258.00        0.00
     0     2      655.00      257.00        0.00
     0     2      658.00      256.00        0.00
     0     2      663.00      255.00        0.00
     0     2      668.00      253.00        0.00
     0     2      671.00      251.00        0.00
     0     2      674.00      250.00        0.00
     0     2      678.00      249.00        0.00
     0     2      681.00      247.00        0.00
     0     2      684.00      246.00        0.00
     0     2      687.00      244.00        0.00
     0     2      691.00      243.00        0.00
     0     2      694.00      242.00        0.00
     0     2      697.00      240.00        0.00
     0     2      700.00      238.00        0.00
     0     2      703.00      237.00        0.00
     0     2      706.00      234.00        0.00
     0     2      709.00      232.00        0.00
     0     2      712.00      231.00        0.00
     0     2      715.00      229.00        0.00
     0     2      718.00      227.00        0.00
     0     2      722.00      225.00        0.00
     0     2      725.00      223.00        0.00
     0     2      729.00      221.00        0.00
     0     2      732.00      219.00        0.00
     0     2      735.00      215.00        0.00
     0     2      737.00      211.00        0.00
     0     2      740.00      208.00        0.00
     0     2      743.00      205.00        0.00
     0     2      746.00      202.00        0.00
     0     2      749.00      200.00        0.00
     0     2      751.00      197.00        0.00
     0     2      754.00      196.00        0.00
     0     2      758.00      194.00        0.00
     0     2      761.00      192.00        0.00
     0     2      764.00      190.00        0.00
     0     2      767.00      189.00        0.00
     0     2      771.00      187.00        0.00
     0     2      774.00      185.00        0.00
     0     2      777.00      183.00        0.00
     0     2      781.00      181.00        0.00
     0     2      785.00      179.00        0.00
     0     2      788.00      178.00        0.00
     0     2      791.00      176.00        0.00
     0     2      794.00      175.00        0.00
     0     2      798.00      172.00        0.00
     0     2      801.00      171.00        0.00
     0     2      804.00      169.00        0.00
     0     2      809.00      167.00        0.00
     0     2      812.00      164.00        0.00
     0     2      815.00      162.00        0.00
     0     2      818.00      161.00        0.00
     0     2      821.00      159.00        0.00
     0     2      824.00      158.00        0.00
     0     2      827.00      157.00        0.00
     0     2      830.00      155.00        0.00
     0     2      834.00      153.00        0.00
     0     2      837.00      151.00        0.00
     0     2      841.00      149.00        0.00
     0     2      844.00      147.00        0.00
     0     2      847.00      145.00        0.00
     0     2      851.00      143.00        0.00
     0     2      854.00      141.00        0.00
     0     2      857.00      139.00        0.00
     0     2      860.00      137.00        0.00
     0     2      863.00      135.00        0.00
     0     2      866.00      133.00        0.00
     0     2      871.00      130.00        0.00
     0     2      877.00      126.00        0.00
     0     2      882.00      122.00        0.00
     0     2      886.00      120.00        0.00
     0     2      888.00      117.00        0.00
     0     2      891.00      115.00        0.00
     0     2      892.00      112.00        0.00
     0     2      895.00      109.00        0.00
     0     2      898.00      106.00        0.00
     0     2      902.00      102.00        0.00
     0     2      905.00      100.00        0.00
     0     2      908.00       97.00        0.00
     0     2      910.00       94.00        0.00
     0     2      912.00       91.00        0.00
     0     2      913.00       87.00        0.00
     0     2      914.00       84.00        0.00
     0     2      915.00       80.00        0.00
     0     2      917.00       77.00        0.00
     0     2      919.00       74.00        0.00
     0     2      922.00       71.00        0.00
     0     2      924.00       68.00        0.00
     0     2      927.00       65.00        0.00
     0     2      929.00       61.00        0.00
     0     2      932.00       59.00        0.00
     0     2      935.00       58.00        0.00
     0     2      938.00       56.00        0.00
     0     2      941.00       55.00        0.00
     0     2      945.00       55.00        0.00
     0     2      948.00       54.00        0.00
     0     2      953.00       54.00        0.00
     0     2      958.00       54.00        0.00
     0     2      963.00       54.00        0.00
     0     2      968.00       55.00        0.00
     0     2      971.00       58.00        0.00
     0     2      974.00       59.00        0.00
     0     2      977.00       60.00        0.00
     0     2      982.00       62.00        0.00
     0     2      986.00       62.00        0.00
     0     2      989.00       64.00        0.00
     0     2      992.00       66.00        0.00
     0     2      995.00       68.00        0.00
     0     2      998.00       70.00        0.00
     0     2     1001.00       71.00        0.00
     0     2     1005.00       72.00        0.00
     0     2     1009.00       73.00        0.00
     0     2     1013.00       74.00        0.00
     0     2     1016.00       75.00        0.00
     0     2     1019.00       76.00        0.00
     0     2     1022.00       77.00        0.00
     0     2     1025.00       80.00        0.00
     0     2     1026.00       83.00        0.00
     0     2     1027.00       86.00        0.00
     0     2     1028.00       89.00        0.00
     0     2     1028.00       93.00        0.00
     0     2     1028.00       97.00        0.00
     0     2     1028.00      101.00        0.00
     0     2     1028.00      105.00        0.00
     0     2     1028.00      109.00        0.00
     0     2     1028.00      113.00        0.00
     0     2     1028.00      117.00        0.00
     0     2     1029.00      121.00        0.00
     0     2     1029.00      125.00        0.00
     0     2     1029.00      129.00        0.00
     0     2     1029.00      134.00        0.00
     0     2     1029.00      138.00        0.00
     0     2     1029.00      144.00        0.00
     0     2     1029.00      148.00        0.00
     0     2     1028.00      151.00        0.00
     0     2     1028.00      155.00        0.00
     0     2     1028.00      159.00        0.00
     0     2     1027.00      162.00        0.00
     0     2     1027.00      167.00        0.00
     0     2     1026.00      171.00        0.00
     0     2     1025.00      174.00        0.00
     0     2     1024.00      177.00        0.00
     0     2     1023.00      182.00        0.00
     0     2     1022.00      186.00        0.00
     0     2     1020.00      189.00        0.00
     0     2     1019.00      192.00        0.00
     0     2     1017.00      195.00        0.00
     0     2     1015.00      199.00        0.00
     0     2     1014.00      202.00        0.00
     0     2     1014.00      206.00        0.00
     0     2     1013.00      209.00        0.00
     0     2     1012.00      214.00        0.00
     0     2     1011.00      217.00        0.00
     0     2     1009.00      221.00        0.00
     0     2     1008.00      224.00        0.00
     0     2     1006.00      227.00        0.00
     0     2     1004.00      230.00        0.00
     0     2     1002.00      234.00        0.00
     0     2     1000.00      238.00        0.00
     0     2      999.00      241.00        0.00
     0     2      996.00      244.00        0.00
     0     2      995.00      247.00        0.00
     0     2      992.00      250.00        0.00
     0     2      988.00      254.00        0.00
     0     2      984.00      257.00        0.00
     0     2      982.00      260.00        0.00
     0     2      980.00      263.00        0.00
     0     2      978.00      267.00        0.00
     0     2      975.00      270.00        0.00
     0     2      973.00      273.00        0.00
     0     2      970.00      276.00        0.00
     0     2      968.00      280.00        0.00
     0     2      965.00      283.00        0.00
     0     2      962.00      286.00        0.00
     0     2      961.00      289.00        0.00
     0     2      958.00      291.00        0.00
     0     2      956.00      294.00        0.00
     0     2      954.00      297.00        0.00
     0     2      951.00      300.00        0.00
     0     2      948.00      303.00        0.00
     0     2      946.00      306.00        0.00
     0     2      943.00      308.00        0.00
     0     2      941.00      311.00        0.00
     0     2      937.00      313.00        0.00
     0     2      934.00      316.00        0.00
     0     2      931.00      318.00        0.00
     0     2      928.00      320.00        0.00
     0     2      925.00      322.00        0.00
     0     2      922.00      323.00        0.00
     0     2      911.00      336.00        0.00
     0     2      907.00      336.00        0.00
     0     2      904.00      338.00        0.00
     0     2      901.00      341.00        0.00
     0     2      898.00      342.00        0.00
     0     2      895.00      343.00        0.00
     0     2      892.00      345.00        0.00
     0     2      889.00      347.00        0.00
     0     2      886.00      349.00        0.00
     0     2      883.00      351.00        0.00
     0     2      880.00      354.00        0.00
     0     2      877.00      356.00        0.00
     0     2      874.00      357.00        0.00
     0     2      871.00      360.00        0.00
     0     2      868.00      362.00        0.00
     0     2      865.00      363.00        0.00
     0     2      862.00      364.00        0.00
     0     2      858.00      366.00        0.00
     0     2      854.00      368.00        0.00
     0     2      851.00      369.00        0.00
     0     2      848.00      371.00        0.00
     0     2      845.00      373.00        0.00
     0     2      841.00      375.00        0.00
     0     2      838.00      377.00        0.00
     0     2      835.00      379.00        0.00
     0     2      832.00      382.00        0.00
     0     2      829.00      383.00        0.00
     0     2      826.00      384.00        0.00
     0     2      823.00      385.00        0.00
     0     2      819.00      386.00        0.00
     0     2      816.00      388.00        0.00
     0     2      812.00      391.00        0.00
     0     2      809.00      392.00        0.00
     0     2      806.00      393.00        0.00
     0     2      802.00      395.00        0.00
     0     2      798.00      395.00        0.00
     0     2      795.00      396.00        0.00
     0     2      792.00      397.00        0.00
     0     2      789.00      398.00        0.00
     0     2      785.00      398.00        0.00
     0     2      780.00      400.00        0.00
     0     2      777.00      401.00        0.00
     0     2      774.00      402.00        0.00
     0     2      771.00      403.00        0.00
     0     2      767.00      403.00        0.00
     0     2      764.00      404.00        0.00
     0     2      760.00      404.00        0.00
     0     2      756.00      404.00        0.00
     0     2      753.00      405.00        0.00
     0     2      750.00      406.00        0.00
     0     2      747.00      407.00        0.00
     0     2      744.00      408.00        0.00
     0     2      741.00      409.00        0.00
     0     2      738.00      410.00        0.00
     0     2      735.00      412.00        0.00
     0     2      731.00      412.00        0.00
     0     2      727.00      413.00        0.00
     0     2      724.00      414.00        0.00
     0     2      720.00      415.00        0.00
     0     2      715.00      415.00        0.00
     0     2      711.00      416.00        0.00
     0     2      708.00      417.00        0.00
     0     2      703.00      417.00        0.00
     0     2      700.00      416.00        0.00
     0     2      697.00      415.00        0.00
     0     2      693.00      415.00        0.00
     0     2      689.00      415.00        0.00
     0     2      686.00      416.00        0.00
     0     2      683.00      418.00        0.00
     0     2      679.00      421.00        0.00
     0     2      676.00      423.00        0.00
     0     2      673.00      424.00        0.00
     0     2      670.00      426.00        0.00
     0     2      667.00      427.00        0.00
     0     2      663.00      428.00        0.00
     0     2      660.00      429.00        0.00
     0     2      657.00      430.00        0.00
     0     2      654.00      431.00        0.00
     0     2      650.00      431.00        0.00
     0     2      647.00      432.00        0.00
     0     2      644.00      434.00        0.00
     0     2      640.00      434.00        0.00
     0     2      637.00      435.00        0.00
     0     2      633.00      435.00        0.00
     0     2      630.00      436.00        0.00
     0     2      626.00      437.00        0.00
     0     2      622.00      437.00        0.00
     0     2      619.00      438.00        0.00
     0     2      616.00      440.00        0.00
     0     2      613.00      442.00        0.00
     0     2      610.00      443.00        0.00
     0     2      608.00      446.00        0.00
     0     2      608.00      450.00        0.00
     0     2      605.00      451.00        0.00
     0     2      602.00      453.00        0.00
     0     2      599.00      454.00        0.00
     0     2      595.00      455.00        0.00
     0     2      592.00      456.00        0.00
     0     2      589.00      455.00        0.00
     1     0      139.50      944.50        0.00
     1     0      137.00      944.00        0.00
     1     0      135.00      942.00        0.00
     1     0      134.50      939.50        0.00
     1     0      134.50      937.00        0.00
     1     0      134.50      934.50        0.00
     1     0      135.50      931.50        0.00
     1     0      136.50      929.00        0.00
     1     0      138.00      927.00        0.00
     1     0      140.50      925.50        0.00
     1     0      142.50      924.00        0.00
     1     0      145.50      922.50        0.00
     1     0      148.00      921.50        0.00
     1     0      151.00      921.50        0.00
     1     0      153.50      921.00        0.00
     1     0      156.00      920.50        0.00
     1     0      158.00      922.00        0.00
     1     0      160.00      923.50        0.00
     1     0      160.50      926.00        0.00
     1     0      161.00      928.50        0.00
     1     0      160.50      931.00        0.00
     1     0      159.50      933.50        0.00
     1     0      158.00      935.50        0.00
     1     0      157.00      938.00        0.00
     1     0      155.50      940.00        0.00
     1     0      153.00      940.50        0.00
     1     0      150.50      941.00        0.00
     1     0      147.50      941.00        0.00
     1     1      255.50      886.00        0.00
     1     1      253.00      886.50        0.00
     1     1      250.50      885.50        0.00
     1     1      249.00      883.50        0.00
     1     1      248.00      881.00        0.00
     1     1      248.00      878.50        0.00
     1     1      248.50      876.00        0.00
     1     1      250.00      874.00        0.00
     1     1      251.50      872.00        0.00
     1     1      253.50      870.00        0.00
     1     1      255.00      868.00        0.00
     1     1      256.50      866.00        0.00
     1     1      260.00      865.50        0.00
     1     1      262.50      866.50        0.00
     1     1      264.50      868.00        0.00
     1     1      266.50      870.00        0.00
     1     1      267.50      872.50        0.00
     1     1      266.50      875.50        0.00
     1     1      265.00      878.00        0.00
     1     1      263.50      880.50        0.00
     1     1      261.50      882.00        0.00
     1     2      268.50      861.50        0.00
     1     2      265.00      861.50        0.00
     1     2      262.50      860.00        0.00
     1     2      260.50      858.50        0.00
     1     2      258.50      856.50        0.00
     1     2      257.00      854.00        0.00
     1     2      256.50      851.50        0.00
     1     2      256.50      849.00        0.00
     1     2      258.00      846.50        0.00
     1     2      259.50      844.00        0.00
     1     2      261.50      842.00        0.00
     1     2      264.00      841.00        0.00
     1     2      266.50      840.50        0.00
     1     2      269.00      840.00        0.00
     1     2      271.50      840.00        0.00
     1     2      274.50      840.50        0.00
     1     2      277.50      841.50        0.00
     1     2      279.50      843.00        0.00
     1     2      281.50      844.50        0.00
     1     2      283.00      847.00        0.00
     1     2      283.00      849.50        0.00
     1     2      282.50      852.00        0.00
     1     2      281.00      854.00        0.00
     1     2      275.00      860.50        0.00
     1     3      324.00      935.00        0.00
     1     3      320.50      935.00        0.00
     1     3      318.00      935.00        0.00
     1     3      315.50      934.50        0.00
     1     3      313.00      933.00        0.00
     1     3      311.50      930.00        0.00
     1     3      311.50      927.50        0.00
     1     3      312.50      924.50        0.00
     1     3      314.50      922.50        0.00
     1     3      316.50      921.00        0.00
     1     3      319.00      920.00        0.00
     1     3      321.50      919.50        0.00
     1     3      324.00      919.00        0.00
     1     3      326.50      919.00        0.00
     1     3      329.00      919.50        0.00
     1     3      331.50      920.50        0.00
     1     3      332.50      923.00        0.00
     1     3      333.00      925.50        0.00
     1     3      333.00      928.00        0.00
     1     3      331.50      930.50        0.00
     1     4      347.00      995.50        0.00
     1     4      344.50      996.00        0.00
     1     4      341.50      996.00        0.00
     1     4      339.00      995.50        0.00
     1     4      336.00      995.00        0.00
     1     4      333.00      994.00        0.00
     1     4      330.50      992.50        0.00
     1     4      327.50      991.50        0.00
     1     4      325.00      990.00        0.00
     1     4      323.50      988.00        0.00
     1     4      322.50      985.00        0.00
     1     4      322.50      982.00        0.00
     1     4      322.50      979.00        0.00
     1     4      322.50      976.50        0.00
     1     4      322.50      974.00        0.00
     1     4      322.50      971.50        0.00
     1     4      322.50      969.00        0.00
     1     4      323.00      966.50        0.00
     1     4      324.50      964.00        0.00
     1     4      326.00      961.50        0.00
     1     4      328.00      960.00        0.00
     1     4      331.00      958.50        0.00
     1     4      334.00      957.00        0.00
     1     4      336.50      956.00        0.00
     1     4      338.50      954.50        0.00
     1     4      341.00      953.50        0.00
     1     4      344.00      953.00        0.00
     1     4      346.50      953.00        0.00
     1     4      349.50      953.50        0.00
     1     4      351.50      955.00        0.00
     1     4      353.50      957.00        0.00
     1     4      355.00      959.00        0.00
     1     4      357.00      960.50        0.00
     1     4      358.50      962.50        0.00
     1     4      360.00      965.00        0.00
     1     4      362.00      967.50        0.00
     1     4      363.00      970.00        0.00
     1     4      363.50      973.00        0.00
     1     4      364.00      975.50        0.00
     1     4      364.00      978.00        0.00
     1     4      364.00      980.50        0.00
     1     4      363.00      983.00        0.00
     1     4      362.50      985.50        0.00
     1     4      361.00      988.00        0.00
     1     4      359.50      990.00        0.00
     1     4      357.50      991.50        0.00
     1     5      802.50      521.00        0.00
     1     5      800.00      521.50        0.00
     1     5      797.50      522.00        0.00
     1     5      794.50      522.00        0.00
     1     5      792.00      521.50        0.00
     1     5      789.50      520.50        0.00
     1     5      788.50      518.00        0.00
     1     5      787.50      515.50        0.00
     1     5      787.00      513.00        0.00
     1     5      787.50      510.50        0.00
     1     5      788.00      508.00        0.00
     1     5      789.50      505.00        0.00
     1     5      791.50      503.00        0.00
     1     5      794.00      501.50        0.00
     1     5      796.50      501.00        0.00
     1     5      799.00      501.00        0.00
     1     5      801.50      501.00        0.00
     1     5      804.00      501.00        0.00
     1     5      806.50      502.00        0.00
     1     5      809.00      502.50        0.00
     1     5      811.50      502.50        0.00
     1     5      814.00      501.50        0.00
     1     5      816.50      501.50        0.00
     1     5      819.00      501.50        0.00
     1     5      821.00      503.50        0.00
     1     5      822.50      505.50        0.00
     1     5      824.50      507.50        0.00
     1     5      825.50      510.00        0.00
     1     5      826.50      512.50        0.00
     1     5      827.50      515.00        0.00
     1     5      827.50      517.50        0.00
     1     5      826.50      520.00        0.00
     1     5      825.00      522.00        0.00
     1     5      823.00      524.00        0.00
     1     5      820.50      524.50        0.00
     1     5      818.00      524.50        0.00
     1     5      815.50      523.50        0.00
     1     5      813.00      523.00        0.00
     1     5      810.50      522.50        0.00
     1     6      683.00      554.00        0.00
     1     6      680.50      554.50        0.00
     1     6      679.00      552.50        0.00
     1     6      678.00      550.00        0.00
     1     6      676.50      548.00        0.00
     1     6      676.00      545.50        0.00
     1     6      676.50      543.00        0.00
     1     6      677.00      540.50        0.00
     1     6      678.50      538.50        0.00
     1     6      680.50      536.50        0.00
     1     6      682.50      535.00        0.00
     1     6      685.00      534.00        0.00
     1     6      687.50      534.50        0.00
     1     6      689.50      536.00        0.00
     1     6      690.50      538.50        0.00
     1     6      691.00      541.00        0.00
     1     6      690.50      543.50        0.00
     1     6      689.50      546.00        0.00
     1     6      688.50      548.50        0.00
     1     6      687.50      551.00        0.00
     1     7      642.50      557.50        0.00
     1     7      639.00      556.50        0.00
     1     7      637.00      555.00        0.00
     1     7      635.50      552.50        0.00
     1     7      635.50      550.00        0.00
     1     7      635.50      547.50        0.00
     1     7      636.00      545.00        0.00
     1     7      637.50      542.50        0.00
     1     7      639.50      541.00        0.00
     1     7      642.00      540.00        0.00
     1     7      644.50      539.00        0.00
     1     7      647.50      539.00        0.00
     1     7      650.00      539.00        0.00
     1     7      653.00      540.00        0.00
     1     7      655.50      541.00        0.00
     1     7      657.00      543.00        0.00
     1     7      658.00      545.50        0.00
     1     7      658.50      548.00        0.00
     1     7      658.00      550.50        0.00
     1     7      656.50      552.50        0.00
     1     7      654.50      554.50        0.00
     1     7      652.50      556.00        0.00
     1     8      561.00      591.00        0.00
     1     8      557.00      591.50        0.00
     1     8      554.50      591.00        0.00
     1     8      552.00      591.00        0.00
     1     8      549.50      590.50        0.00
     1     8      546.50      589.50        0.00
     1     8      545.00      587.50        0.00
     1     8      543.50      585.00        0.00
     1     8      543.00      582.50        0.00
     1     8      542.50      580.00        0.00
     1     8      542.00      577.00        0.00
     1     8      543.00      574.00        0.00
     1     8      544.50      572.00        0.00
     1     8      546.50      569.50        0.00
     1     8      549.00      568.00        0.00
     1     8      551.50      567.00        0.00
     1     8      554.00      566.50        0.00
     1     8      556.50      566.00        0.00
     1     8      559.50      566.00        0.00
     1     8      562.00      566.00        0.00
     1     8      564.50      567.00        0.00
     1     8      567.00      567.50        0.00
     1     8      569.50      568.50        0.00
     1     8      571.50      570.00        0.00
     1     8      572.00      572.50        0.00
     1     8      572.00      575.00        0.00
     1     8      572.50      577.50        0.00
     1     8      572.50      580.00        0.00
     1     8      572.00      583.00        0.00
     1     8      570.50      586.00        0.00
     1     9      610.00      513.00        0.00
     1     9      606.50      513.50        0.00
     1     9      603.50      513.50        0.00
     1     9      601.00      512.50        0.00
     1     9      598.50      511.00        0.00
     1     9      596.00      510.00        0.00
     1     9      595.00      507.50        0.00
     1     9      595.00      505.00        0.00
     1     9      596.00      502.50        0.00
     1     9      598.00      501.00        0.00
     1     9      599.50      499.00        0.00
     1     9      602.00      497.50        0.00
     1     9      604.00      496.00        0.00
     1     9      606.00      494.50        0.00
     1     9      609.00      493.50        0.00
     1     9      611.50      493.50        0.00
     1     9      614.00      494.00        0.00
     1     9      616.50      494.00        0.00
     1     9      619.00      495.00        0.00
     1     9      621.00      496.50        0.00
     1     9      622.50      498.50        0.00
     1     9      623.00      501.00        0.00
     1     9      622.50      503.50        0.00
     1     9      621.00      506.00        0.00
     1     9      619.50      508.00        0.00
     1     9      617.00      509.00        0.00
     1    10      628.00      489.50        0.00
     1    10      625.50      491.50        0.00
     1    10      622.50      491.50        0.00
     1    10      619.50      492.00        0.00
     1    10      616.50      492.00        0.00
     1    10      614.00      492.00        0.00
     1    10      611.50      491.50        0.00
     1    10      609.00      491.00        0.00
     1    10      607.00      489.50        0.00
     1    10      606.50      486.50        0.00
     1    10      606.50      484.00        0.00
     1    10      607.50      481.00        0.00
     1    10      609.00      479.00        0.00
     1    10      611.00      476.50        0.00
     1    10      613.50      474.50        0.00
     1    10      616.00      474.00        0.00
     1    10      619.00      473.00        0.00
     1    10      621.50      472.00        0.00
     1    10      624.50      471.00        0.00
     1    10      627.50      470.50        0.00
     1    10      630.50      471.00        0.00
     1    10      632.50      472.50        0.00
     1    10      634.00      474.50        0.00
     1    10      635.00      477.00        0.00
     1    10      635.00      479.50        0.00
     1    10      634.50      482.00        0.00
     1    11      663.00      503.00        0.00
     1    11      659.50      503.00        0.00
     1    11      657.00      503.00        0.00
     1    11      654.50      503.00        0.00
     1    11      652.00      503.00        0.00
     1    11      650.00      501.50        0.00
     1    11      648.00      499.50        0.00
     1    11      647.00      497.00        0.00
     1    11      646.50      494.00        0.00
     1    11      646.50      491.50        0.00
     1    11      646.50      489.00        0.00
     1    11      647.00      486.50        0.00
     1    11      649.50      484.50        0.00
     1    11      652.50      483.00        0.00
     1    11      655.00      482.00        0.00
     1    11      657.50      481.50        0.00
     1    11      660.50      481.00        0.00
     1    11      663.00      481.00        0.00
     1    11      665.50      481.00        0.00
     1    11      668.00      482.00        0.00
     1    11      670.50      484.00        0.00
     1    11      672.50      485.50        0.00
     1    11      674.00      487.50        0.00
     1    11      675.00      490.00        0.00
     1    11      675.00      492.50        0.00
     1    11      674.00      495.00        0.00
     1    11      672.00      497.00        0.00
     1    12      705.50      486.50        0.00
     1    12      702.50      487.00        0.00
     1    12      699.50      487.50        0.00
     1    12      697.00      487.00        0.00
     1    12      695.00      485.50        0.00
     1    12      693.50      483.00        0.00
     1    12      693.50      480.50        0.00
     1    12      694.00      478.00        0.00
     1    12      695.50      475.50        0.00
     1    12      697.50      473.50        0.00
     1    12      700.50      472.00        0.00
     1    12      703.00      471.50        0.00
     1    12      705.50      471.50        0.00
     1    12      708.50      472.50        0.00
     1    12      710.50      474.00        0.00
     1    12      712.50      475.50        0.00
     1    12      713.00      478.00        0.00
     1    12      713.00      480.50        0.00
     1    12      711.50      483.00        0.00
     1    13      722.00      511.00        0.00
     1    13      720.00      513.00        0.00
     1    13      717.50      513.50        0.00
     1    13      714.50      514.00        0.00
     1    13      712.00      513.00        0.00
     1    13      711.00      510.50        0.00
     1    13      711.00      508.00        0.00
     1    13      711.00      505.50        0.00
     1    13      712.00      502.50        0.00
     1    13      713.50      500.00        0.00
     1    13      715.00      498.00        0.00
     1    13      716.50      496.00        0.00
     1    13      718.50      494.50        0.00
     1    13      721.00      494.50        0.00
     1    13      722.00      497.00        0.00
     1    13      722.50      499.50        0.00
     1    13      723.50      502.00        0.00
     1    14      750.00      526.00        0.00
     1    14      747.50      527.00        0.00
     1    14      744.50      527.00        0.00
     1    14      742.00      526.50        0.00
     1    14      739.50      526.00        0.00
     1    14      737.00      525.00        0.00
     1    14      734.50      523.50        0.00
     1    14      733.00      521.50        0.00
     1    14      732.00      519.00        0.00
     1    14      732.00      516.00        0.00
     1    14      733.00      513.50        0.00
     1    14      735.00      511.00        0.00
     1    14      737.00      509.50        0.00
     1    14      740.00      509.00        0.00
     1    14      742.50      508.50        0.00
     1    14      745.50      508.00        0.00
     1    14      748.50      508.00        0.00
     1    14      751.00      507.50        0.00
     1    14      753.50      507.50        0.00
     1    14      756.00      507.50        0.00
     1    14      757.50      510.00        0.00
     1    14      758.50      512.50        0.00
     1    14      759.00      515.00        0.00
     1    14      759.00      517.50        0.00
     1    14      758.00      520.00        0.00
     1    14      756.00      521.50        0.00
     1    15      717.00      442.50        0.00
     1    15      712.00      443.00        0.00
     1    15      709.50      443.00        0.00
     1    15      707.00      443.00        0.00
     1    15      704.50      441.50        0.00
     1    15      702.50      440.00        0.00
     1    15      700.50      438.00        0.00
     1    15      700.00      435.50        0.00
     1    15      700.00      433.00        0.00
     1    15      700.50      430.00        0.00
     1    15      702.00      428.00        0.00
     1    15      704.00      426.50        0.00
     1    15      706.00      425.00        0.00
     1    15      708.50      424.50        0.00
     1    15      711.50      423.50        0.00
     1    15      714.00      423.00        0.00
     1    15      717.00      422.50        0.00
     1    15      719.50      422.50        0.00
     1    15      722.50      423.00        0.00
     1    15      725.00      424.50        0.00
     1    15      727.50      426.00        0.00
     1    15      729.50      427.50        0.00
     1    15      730.00      430.00        0.00
     1    15      730.00      432.50        0.00
     1    15      730.00      435.00        0.00
     1    15      729.00      437.50        0.00
     1    15      727.50      439.50        0.00
     1    16      678.50      454.00        0.00
     1    16      676.00      454.00        0.00
     1    16      673.50      454.50        0.00
     1    16      670.50      454.50        0.00
     1    16      668.00      454.50        0.00
     1    16      665.50      454.00        0.00
     1    16      662.50      453.00        0.00
     1    16      661.00      451.00        0.00
     1    16      659.50      449.00        0.00
     1    16      658.00      446.50        0.00
     1    16      658.00      443.50        0.00
     1    16      660.00      441.00        0.00
     1    16      662.00      439.00        0.00
     1    16      664.50      438.00        0.00
     1    16      667.00      436.50        0.00
     1    16      669.50      436.00        0.00
     1    16      672.00      435.50        0.00
     1    16      674.50      435.50        0.00
     1    16      677.00      436.00        0.00
     1    16      679.50      437.50        0.00
     1    16      682.00      439.00        0.00
     1    16      684.50      440.00        0.00
     1    16      687.00      441.50        0.00
     1    16      688.00      444.00        0.00
     1    16      688.00      446.50        0.00
     1    16      688.00      449.00        0.00
     1    16      686.50      451.00        0.00
     1    17      625.50      463.50        0.00
     1    17      622.50      465.00        0.00
     1    17      620.00      465.50        0.00
     1    17      617.50      465.50        0.00
     1    17      615.00      465.00        0.00
     1    17      612.50      463.50        0.00
     1    17      610.00      462.00        0.00
     1    17      609.00      459.00        0.00
     1    17      609.00      456.50        0.00
     1    17      610.50      454.00        0.00
     1    17      612.00      452.00        0.00
     1    17      614.50      450.50        0.00
     1    17      617.50      449.50        0.00
     1    17      620.00      449.00        0.00
     1    17      622.50      448.50        0.00
     1    17      625.50      448.00        0.00
     1    17      628.00      447.00        0.00
     1    17      630.50      446.00        0.00
     1    17      633.00      446.00        0.00
     1    17      635.50      446.50        0.00
     1    17      637.00      448.50        0.00
     1    17      637.50      451.00        0.00
     1    17      637.50      453.50        0.00
     1    17      636.50      456.00        0.00
     1    17      635.00      458.00        0.00
     1    17      633.00      459.50        0.00
     1    18      497.50      562.50        0.00
     1    18      494.50      563.00        0.00
     1    18      491.50      563.00        0.00
     1    18      489.00      563.00        0.00
     1    18      488.00      560.50        0.00
     1    18      487.50      558.00        0.00
     1    18      487.00      555.50        0.00
     1    18      488.00      552.50        0.00
     1    18      489.00      550.00        0.00
     1    18      491.00      548.00        0.00
     1    18      493.00      546.00        0.00
     1    18      496.00      544.50        0.00
     1    18      498.50      544.00        0.00
     1    18      501.00      543.50        0.00
     1    18      504.00      543.50        0.00
     1    18      506.50      543.50        0.00
     1    18      508.50      545.00        0.00
     1    18      510.50      546.50        0.00
     1    18      512.00      549.00        0.00
     1    18      512.50      551.50        0.00
     1    18      512.50      554.00        0.00
     1    18      512.50      556.50        0.00
     1    18      511.00      558.50        0.00
     1    18      509.50      561.00        0.00
     1    18      507.50      563.00        0.00
     1    18      505.00      563.50        0.00
     1    19      428.00      721.50        0.00
     1    19      425.00      722.50        0.00
     1    19      422.50      723.00        0.00
     1    19      420.00      723.50        0.00
     1    19      417.50      723.50        0.00
     1    19      415.00      722.50        0.00
     1    19      412.50      721.00        0.00
     1    19      410.50      719.50        0.00
     1    19      408.50      718.00        0.00
     1    19      407.50      715.00        0.00
     1    19      407.50      712.00        0.00
     1    19      408.50      709.50        0.00
     1    19      410.00      707.00        0.00
     1    19      412.00      704.50        0.00
     1    19      415.00      703.00        0.00
     1    19      417.50      702.50        0.00
     1    19      420.00      702.00        0.00
     1    19      423.00      702.00        0.00
     1    19      426.00      702.00        0.00
     1    19      429.00      702.50        0.00
     1    19      431.50      703.50        0.00
     1    19      434.00      704.50        0.00
     1    19      436.00      706.50        0.00
     1    19      438.00      708.00        0.00
     1    19      439.50      710.50        0.00
     1    19      441.00      713.00        0.00
     1    19      441.50      715.50        0.00
     1    19      442.50      718.00        0.00
     1    19      442.50      720.50        0.00
     1    19      442.00      723.00        0.00
     1    19      439.50      724.00        0.00
     1    19      437.00      724.00        0.00
     1    19      434.50      724.50        0.00
     1    20      411.50      690.00        0.00
     1    20      409.00      689.50        0.00
     1    20      406.50      688.50        0.00
     1    20      405.00      686.50        0.00
     1    20      404.00      684.00        0.00
     1    20      403.50      681.50        0.00
     1    20      403.00      679.00        0.00
     1    20      403.00      676.50        0.00
     1    20      403.50      674.00        0.00
     1    20      404.00      671.50        0.00
     1    20      405.50      669.50        0.00
     1    20      408.00      668.50        0.00
     1    20      410.50      668.50        0.00
     1    20      413.00      668.50        0.00
     1    20      415.50      669.50        0.00
     1    20      418.00      670.50        0.00
     1    20      420.00      672.00        0.00
     1    20      421.50      674.00        0.00
     1    20      422.50      677.00        0.00
     1    20      423.00      679.50        0.00
     1    20      423.00      682.00        0.00
     1    20      423.00      684.50        0.00
     1    20      422.50      687.00        0.00
     1    20      420.00      687.50        0.00
     1    20      417.50      687.50        0.00
     1    21      157.00      634.50        0.00
     1    21      154.50      635.50        0.00
     1    21      152.00      636.50        0.00
     1    21      149.50      637.50        0.00
     1    21      147.00      638.50        0.00
     1    21      144.50      638.50        0.00
     1    21      142.00      639.00        0.00
     1    21      139.00      639.00        0.00
     1    21      136.50      638.00        0.00
     1    21      134.50      636.00        0.00
     1    21      133.50      633.00        0.00
     1    21      133.50      630.00        0.00
     1    21      134.50      627.50        0.00
     1    21      136.00      625.50        0.00
     1    21      138.00      623.50        0.00
     1    21      139.50      621.50        0.00
     1    21      141.50      620.00        0.00
     1    21      144.00      619.00        0.00
     1    21      146.50      618.00        0.00
     1    21      149.00      618.00        0.00
     1    21      152.00      618.00        0.00
     1    21      155.00      618.50        0.00
     1    21      157.00      620.00        0.00
     1    21      158.00      622.50        0.00
     1    21      159.00      625.00        0.00
     1    21      159.00      627.50        0.00
     1    22      135.50      486.50        0.00
     1    22      133.00      487.00        0.00
     1    22      130.50      487.00        0.00
     1    22      128.00      487.00        0.00
     1    22      125.50      486.50        0.00
     1    22      123.50      485.00        0.00
     1    22      122.00      483.00        0.00
     1    22      120.50      480.00        0.00
     1    22      120.50      477.50        0.00
     1    22      121.50      475.00        0.00
     1    22      123.00      473.00        0.00
     1    22      124.50      471.00        0.00
     1    22      126.50      469.50        0.00
     1    22      128.50      468.00        0.00
     1    22      131.00      467.00        0.00
     1    22      133.50      466.50        0.00
     1    22      136.00      466.50        0.00
     1    22      138.50      466.50        0.00
     1    22      141.00      466.50        0.00
     1    22      143.50      467.50        0.00
     1    22      145.50      469.50        0.00
     1    22      147.00      472.00        0.00
     1    22      147.50      474.50        0.00
     1    22      147.50      477.00        0.00
     1    22      147.00      479.50        0.00
     1    22      145.00      481.50        0.00
     1    23      125.50      448.00        0.00
     1    23      123.00      448.00        0.00
     1    23      120.50      447.50        0.00
     1    23      118.50      445.50        0.00
     1    23      117.50      443.00        0.00
     1    23      116.50      440.50        0.00
     1    23      115.50      438.00        0.00
     1    23      115.00      435.50        0.00
     1    23      115.50      433.00        0.00
     1    23      117.00      431.00        0.00
     1    23      120.00      429.50        0.00
     1    23      122.50      429.00        0.00
     1    23      125.00      428.50        0.00
     1    23      127.50      428.50        0.00
     1    23      130.00      428.50        0.00
     1    23      132.50      430.00        0.00
     1    23      134.50      431.50        0.00
     1    23      135.50      434.00        0.00
     1    23      136.00      436.50        0.00
     1    23      136.00      439.00        0.00
     1    23      135.00      441.50        0.00
     1    23      133.50      443.50        0.00
     1    24      361.50      434.00        0.00
     1    24      358.50      433.50        0.00
     1    24      356.00      432.50        0.00
     1    24      353.50      431.50        0.00
     1    24      351.50      430.00        0.00
     1    24      349.50      428.50        0.00
     1    24      349.50      426.00        0.00
     1    24      351.00      423.50        0.00
     1    24      353.00      422.00        0.00
     1    24      355.00      420.50        0.00
     1    24      357.00      418.50        0.00
     1    24      359.50      417.00        0.00
     1    24      361.50      415.50        0.00
     1    24      364.00      414.50        0.00
     1    24      366.50      414.00        0.00
     1    24      369.50      414.50        0.00
     1    24      372.00      415.50        0.00
     1    24      374.00      417.00        0.00
     1    24      376.00      418.50        0.00
     1    24      378.00      420.00        0.00
     1    24      378.50      422.50        0.00
     1    24      378.50      425.00        0.00
     1    24      378.50      427.50        0.00
     1    24      377.00      429.50        0.00
     1    24      375.00      431.50        0.00
     1    24      372.50      433.00        0.00
     1    24      370.00      434.00        0.00
     1    25      376.00      457.00        0.00
     1    25      372.50      457.00        0.00
     1    25      370.00      456.50        0.00
     1    25      368.00      454.50        0.00
     1    25      367.50      451.50        0.00
     1    25      367.00      449.00        0.00
     1    25      367.00      446.50        0.00
     1    25      368.50      444.50        0.00
     1    25      370.50      442.50        0.00
     1    25      372.50      441.00        0.00
     1    25      375.00      440.50        0.00
     1    25      378.00      440.50        0.00
     1    25      380.50      441.00        0.00
     1    25      383.00      442.00        0.00
     1    25      385.00      443.50        0.00
     1    25      386.50      445.50        0.00
     1    25      387.00      448.00        0.00
     1    25      387.00      450.50        0.00
     1    25      385.50      453.00        0.00
     1    26      439.00      499.00        0.00
     1    26      435.00      500.00        0.00
     1    26      432.50      500.00        0.00
     1    26      430.00      499.50        0.00
     1    26      428.00      497.50        0.00
     1    26      426.50      495.00        0.00
     1    26      425.50      492.50        0.00
     1    26      425.00      490.00        0.00
     1    26      425.00      487.50        0.00
     1    26      426.00      484.50        0.00
     1    26      428.50      482.50        0.00
     1    26      431.00      481.00        0.00
     1    26      433.50      481.00        0.00
     1    26      436.00      480.50        0.00
     1    26      438.50      480.00        0.00
     1    26      441.00      480.00        0.00
     1    26      443.50      480.00        0.00
     1    26      446.00      480.00        0.00
     1    26      448.50      481.00        0.00
     1    26      449.50      483.50        0.00
     1    26      450.50      486.00        0.00
     1    26      450.50      488.50        0.00
     1    26      451.00      491.00        0.00
     1    26      449.50      493.00        0.00
     1    26      447.00      494.00        0.00
     1    27      423.00      467.50        0.00
     1    27      419.00      468.00        0.00
     1    27      416.50      467.50        0.00
     1    27      414.50      465.50        0.00
     1    27      413.50      462.50        0.00
     1    27      413.00      460.00        0.00
     1    27      413.00      457.50        0.00
     1    27      414.00      455.00        0.00
     1    27      415.50      453.00        0.00
     1    27      417.50      451.50        0.00
     1    27      420.00      450.00        0.00
     1    27      422.50      450.00        0.00
     1    27      425.00      450.00        0.00
     1    27      427.50      450.50        0.00
     1    27      429.50      452.00        0.00
     1    27      431.50      454.50        0.00
     1    27      432.50      457.00        0.00
     1    27      433.50      460.00        0.00
     1    27      434.50      462.50        0.00
     1    27      434.00      465.00        0.00
     1    27      431.50      465.50        0.00
     1    27      429.00      466.00        0.00
     1    28      387.00      484.50        0.00
     1    28      383.50      485.00        0.00
     1    28      380.50      484.00        0.00
     1    28      378.50      482.50        0.00
     1    28      376.50      481.00        0.00
     1    28      375.00      479.00        0.00
     1    28      374.00      476.50        0.00
     1    28      373.50      474.00        0.00
     1    28      373.00      471.50        0.00
     1    28      374.50      469.00        0.00
     1    28      376.00      467.00        0.00
     1    28      378.00      465.50        0.00
     1    28      380.00      464.00        0.00
     1    28      383.00      462.50        0.00
     1    28      385.50      461.00        0.00
     1    28      388.00      459.50        0.00
     1    28      391.00      458.50        0.00
     1    28      394.50      458.00        0.00
     1    28      397.50      458.00        0.00
     1    28      399.50      459.50        0.00
     1    28      401.50      461.50        0.00
     1    28      402.50      464.00        0.00
     1    28      403.50      466.50        0.00
     1    28      404.50      469.00        0.00
     1    28      404.50      471.50        0.00
     1    28      404.00      474.00        0.00
     1    28      403.00      476.50        0.00
     1    28      401.50      478.50        0.00
     1    28      399.50      480.00        0.00
     1    28      397.00      481.00        0.00
     1    28      394.50      482.00        0.00
     1    29      450.00      328.50        0.00
     1    29      445.50      328.50        0.00
     1    29      442.00      328.50        0.00
     1    29      438.50      328.50        0.00
     1    29      436.00      328.00        0.00
     1    29      433.00      326.50        0.00
     1    29      430.50      325.50        0.00
     1    29      427.50      324.00        0.00
     1    29      426.00      322.00        0.00
     1    29      425.00      319.00        0.00
     1    29      425.00      316.50        0.00
     1    29      425.00      314.00        0.00
     1    29      427.00      311.50        0.00
     1    29      429.00      310.00        0.00
     1    29      431.00      308.50        0.00
     1    29      433.00      307.00        0.00
     1    29      435.50      306.00        0.00
     1    29      438.50      305.00        0.00
     1    29      441.00      303.50        0.00
     1    29      443.50      302.50        0.00
     1    29      446.00      302.00        0.00
     1    29      449.00      301.50        0.00
     1    29      451.50      301.50        0.00
     1    29      454.50      302.00        0.00
     1    29      457.00      303.00        0.00
     1    29      459.50      304.00        0.00
     1    29      461.50      305.50        0.00
     1    29      463.50      307.00        0.00
     1    29      464.50      309.50        0.00
     1    29      465.50      312.00        0.00
     1    29      466.00      314.50        0.00
     1    29      466.00      317.50        0.00
     1    29      465.00      320.00        0.00
     1    29      463.00      322.00        0.00
     1    29      461.00      324.00        0.00
     1    29      458.50      325.50        0.00
     1    30      471.00      277.50        0.00
     1    30      467.00      277.50        0.00
     1    30      464.50      277.50        0.00
     1    30      462.00      277.00        0.00
     1    30      459.50      276.00        0.00
     1    30      458.50      273.50        0.00
     1    30      458.00      271.00        0.00
     1    30      459.50      269.00        0.00
     1    30      461.00      267.00        0.00
     1    30      462.50      265.00        0.00
     1    30      464.50      263.00        0.00
     1    30      467.00      260.50        0.00
     1    30      469.00      259.00        0.00
     1    30      471.50      257.50        0.00
     1    30      475.00      257.00        0.00
     1    30      478.50      256.50        0.00
     1    30      481.50      257.00        0.00
     1    30      483.50      258.50        0.00
     1    30      484.50      261.00        0.00
     1    30      485.50      263.50        0.00
     1    30      485.50      266.00        0.00
     1    30      484.00      269.00        0.00
     1    30      482.50      271.50        0.00
     1    30      480.50      273.50        0.00
     1    30      478.50      275.00        0.00
     1    31     1052.00      120.00        0.00
     1    31     1049.50      120.50        0.00
     1    31     1047.00      121.00        0.00
     1    31     1044.50      121.00        0.00
     1    31     1042.50      119.50        0.00
     1    31     1040.50      117.50        0.00
     1    31     1040.00      115.00        0.00
     1    31     1040.00      112.50        0.00
     1    31     1041.00      110.00        0.00
     1    31     1042.50      108.00        0.00
     1    31     1044.50      106.00        0.00
     1    31     1046.50      104.50        0.00
     1    31     1049.00      103.50        0.00
     1    31     1051.50      103.50        0.00
     1    31     1054.50      103.50        0.00
     1    31     1057.00      103.50        0.00
     1    31     1059.50      104.50        0.00
     1    31     1062.00      106.00        0.00
     1    31     1063.50      108.00        0.00
     1    31     1064.00      110.50        0.00
     1    31     1062.50      113.00        0.00
     1    31     1060.50      114.50        0.00
     1    32      937.00      343.50        0.00
     1    32      935.00      345.00        0.00
     1    32      932.50      345.00        0.00
     1    32      930.00      344.50        0.00
     1    32      928.50      342.50        0.00
     1    32      927.50      340.00        0.00
     1    32      927.00      337.00        0.00
     1    32      927.00      334.50        0.00
     1    32      927.00      332.00        0.00
     1    32      927.50      329.50        0.00
     1    32      929.00      327.50        0.00
     1    32      930.50      325.50        0.00
     1    32      933.50      324.00        0.00
     1    32      936.00      323.00        0.00
     1    32      938.50      322.50        0.00
     1    32      941.00      322.00        0.00
     1    32      943.50      322.00        0.00
     1    32      946.00      322.00        0.00
     1    32      948.50      323.00        0.00
     1    32      950.50      324.50        0.00
     1    32      952.00      327.00        0.00
     1    32      953.00      330.00        0.00
     1    32      953.50      332.50        0.00
     1    32      953.50      335.00        0.00
     1    32      953.50      337.50        0.00
     1    32      952.00      339.50        0.00
     1    32      950.50      341.50        0.00
     1    32      948.50      343.00        0.00
     1    32      946.00      344.00        0.00
     1    32      943.50      343.50        0.00
     1    33      829.00      404.00        0.00
     1    33      826.50      404.00        0.00
     1    33      824.00      404.00        0.00
     1    33      821.50      404.00        0.00
     1    33      819.00      402.50        0.00
     1    33      817.50      400.50        0.00
     1    33      817.50      398.00        0.00
     1    33      818.00      395.50        0.00
     1    33      819.50      393.00        0.00
     1    33      821.50      391.50        0.00
     1    33      823.50      389.50        0.00
     1    33      826.00      388.00        0.00
     1    33      828.50      387.00        0.00
     1    33      831.00      386.00        0.00
     1    33      833.50      386.00        0.00
     1    33      836.50      386.00        0.00
     1    33      839.00      386.50        0.00
     1    33      840.00      389.00        0.00
     1    33      841.00      391.50        0.00
     1    33      841.00      394.00        0.00
     1    33      840.00      396.50        0.00
     1    33      838.00      398.00        0.00
     1    34      877.00      383.00        0.00
     1    34      874.50      383.00        0.00
     1    34      872.00      383.00        0.00
     1    34      869.50      382.50        0.00
     1    34      867.50      380.50        0.00
     1    34      867.00      378.00        0.00
     1    34      867.00      375.50        0.00
     1    34      867.00      373.00        0.00
     1    34      867.50      370.50        0.00
     1    34      868.00      368.00        0.00
     1    34      869.50      366.00        0.00
     1    34      871.50      364.00        0.00
     1    34      874.00      363.00        0.00
     1    34      876.50      363.00        0.00
     1    34      879.00      362.50        0.00
     1    34      881.50      362.50        0.00
     1    34      884.00      362.50        0.00
     1    34      886.50      363.00        0.00
     1    34      889.00      364.00        0.00
     1    34      891.00      365.50        0.00
     1    34      892.00      368.00        0.00
     1    34      892.00      370.50        0.00
     1    34      892.00      373.00        0.00
     1    34      891.00      375.50        0.00
     1    34      890.00      378.00        0.00
     1    34      888.50      380.00        0.00
     1    34      886.50      382.00        0.00
     1    34      883.50      382.50        0.00
     1    35      973.00      733.50        0.00
     1    35      970.50      733.50        0.00
     1    35      968.00      732.50        0.00
     1    35      966.00      731.00        0.00
     1    35      964.00      729.50        0.00
     1    35      961.50      727.50        0.00
     1    35      959.50      725.50        0.00
     1    35      958.50      723.00        0.00
     1    35      959.50      716.00        0.00
     1    35      959.50      713.50        0.00
     1    35      961.50      711.00        0.00
     1    35      963.00      709.00        0.00
     1    35      965.00      707.50        0.00
     1    35      967.50      706.00        0.00
     1    35      970.00      706.00        0.00
     1    35      972.50      706.00        0.00
     1    35      975.50      706.50        0.00
     1    35      978.00      707.50        0.00
     1    35      980.00      709.00        0.00
     1    35      981.50      711.00        0.00
     1    35      982.50      713.50        0.00
     1    35      983.00      716.00        0.00
     1    35      983.50      718.50        0.00
     1    35      984.50      721.00        0.00
     1    35      984.50      723.50        0.00
     1    35      984.00      726.00        0.00
     1    35      983.00      728.50        0.00
     1    35      981.50      731.00        0.00
     1    36      956.50      715.50        0.00
     1    36      954.00      715.50        0.00
     1    36      951.50      715.50        0.00
     1    36      949.00      715.00        0.00
     1    36      947.00      713.50        0.00
     1    36      945.00      711.50        0.00
     1    36      944.50      709.00        0.00
     1    36      946.50      707.00        0.00
     1    36      948.00      705.00        0.00
     1    36      950.50      704.50        0.00
     1    36      953.00      704.00        0.00
     1    36      955.50      703.50        0.00
     1    36      958.00      703.00        0.00
     1    36      960.50      703.00        0.00
     1    36      962.00      705.00        0.00
     1    36      963.00      707.50        0.00
     1    36      963.00      710.00        0.00
     1    36      961.00      711.50        0.00
