     0     0      244.00      448.00        0.00
     0     0      241.33      450.67        0.00
     0     0      238.67      454.67        0.00
     0     0      238.67      458.67        0.00
     0     0      237.33      462.67        0.00
     0     0      236.00      466.67        0.00
     0     0      236.00      470.67        0.00
     0     0      233.33      473.33        0.00
     0     0      233.33      477.33        0.00
     0     0      230.67      480.00        0.00
     0     0      228.00      484.00        0.00
     0     0      226.67      488.00        0.00
     0     0      224.00      492.00        0.00
     0     0      222.67      496.00        0.00
     0     0      220.00      500.00        0.00
     0     0      217.33      504.00        0.00
     0     0      214.67      506.67        0.00
     0     0      213.33      510.67        0.00
     0     0      210.67      513.33        0.00
     0     0      209.33      517.33        0.00
     0     0      206.67      520.00        0.00
     0     0      204.00      522.67        0.00
     0     0      200.00      526.67        0.00
     0     0      197.33      530.67        0.00
     0     0      194.67      534.67        0.00
     0     0      190.67      540.00        0.00
     0     0      188.00      544.00        0.00
     0     0      185.33      546.67        0.00
     0     0      182.67      549.33        0.00
     0     0      181.33      553.33        0.00
     0     0      178.67      557.33        0.00
     0     0      176.00      562.67        0.00
     0     0      173.33      566.67        0.00
     0     0      173.33      570.67        0.00
     0     0      170.67      576.00        0.00
     0     0      170.67      580.00        0.00
     0     0      169.33      585.33        0.00
     0     0      169.33      590.67        0.00
     0     0      169.33      596.00        0.00
     0     0      169.33      601.33        0.00
     0     0      169.33      605.33        0.00
     0     0      169.33      609.33        0.00
     0     0      168.00      616.00        0.00
     0     0      168.00      621.33        0.00
     0     0      169.33      626.67        0.00
     0     0      169.33      632.00        0.00
     0     0      170.67      636.00        0.00
     0     0      173.33      641.33        0.00
     0     0      176.00      645.33        0.00
     0     0      180.00      650.67        0.00
     0     0      182.67      653.33        0.00
     0     0      185.33      656.00        0.00
     0     0      188.00      658.67        0.00
     0     0      192.00      661.33        0.00
     0     0      196.00      662.67        0.00
     0     0      200.00      665.33        0.00
     0     0      204.00      666.67        0.00
     0     0      208.00      666.67        0.00
     0     0      212.00      666.67        0.00
     0     0      217.33      665.33        0.00
     0     0      221.33      665.33        0.00
     0     0      226.67      664.00        0.00
     0     0      230.67      662.67        0.00
     0     0      236.00      661.33        0.00
     0     0      241.33      660.00        0.00
     0     0      245.33      658.67        0.00
     0     0      249.33      658.67        0.00
     0     0      253.33      656.00        0.00
     0     0      257.33      654.67        0.00
     0     0      261.33      652.00        0.00
     0     0      265.33      650.67        0.00
     0     0      268.00      648.00        0.00
     0     0      272.00      646.67        0.00
     0     0      276.00      644.00        0.00
     0     0      281.33      641.33        0.00
     0     0      285.33      640.00        0.00
     0     0      289.33      637.33        0.00
     0     0      293.33      634.67        0.00
     0     0      298.67      632.00        0.00
     0     0      302.67      629.33        0.00
     0     0      306.67      626.67        0.00
     0     0      312.00      624.00        0.00
     0     0      318.67      620.00        0.00
     0     0      324.00      617.33        0.00
     0     0      328.00      616.00        0.00
     0     0      332.00      613.33        0.00
     0     0      337.33      612.00        0.00
     0     0      341.33      609.33        0.00
     0     0      345.33      608.00        0.00
     0     0      349.33      606.67        0.00
     0     0      353.33      605.33        0.00
     0     0      357.33      602.67        0.00
     0     0      361.33      601.33        0.00
     0     0      364.00      598.67        0.00
     0     0      368.00      597.33        0.00
     0     0      370.67      594.67        0.00
     0     0      373.33      592.00        0.00
     0     0      376.00      589.33        0.00
     0     0      378.67      586.67        0.00
     0     0      381.33      584.00        0.00
     0     0      384.00      581.33        0.00
     0     0      386.67      578.67        0.00
     0     0      389.33      576.00        0.00
     0     0      392.00      573.33        0.00
     0     0      394.67      570.67        0.00
     0     0      398.67      568.00        0.00
     0     0      401.33      564.00        0.00
     0     0      404.00      561.33        0.00
     0     0      406.67      558.67        0.00
     0     0      409.33      556.00        0.00
     0     0      412.00      552.00        0.00
     0     0      414.67      549.33        0.00
     0     0      417.33      546.67        0.00
     0     0      420.00      544.00        0.00
     0     0      424.00      541.33        0.00
     0     0      428.00      538.67        0.00
     0     0      430.67      536.00        0.00
     0     0      434.67      533.33        0.00
     0     0      438.67      530.67        0.00
     0     0      442.67      528.00        0.00
     0     0      446.67      526.67        0.00
     0     0      452.00      524.00        0.00
     0     0      456.00      522.67        0.00
     0     0      460.00      520.00        0.00
     0     0      465.33      518.67        0.00
     0     0      469.33      516.00        0.00
     0     0      474.67      513.33        0.00
     0     0      478.67      510.67        0.00
     0     0      481.33      508.00        0.00
     0     0      484.00      505.33        0.00
     0     0      486.67      502.67        0.00
     0     0      490.67      500.00        0.00
     0     0      494.67      497.33        0.00
     0     0      498.67      494.67        0.00
     0     0      502.67      493.33        0.00
     0     0      505.33      490.67        0.00
     0     0      509.33      488.00        0.00
     0     0      513.33      485.33        0.00
     0     0      517.33      484.00        0.00
     0     0      521.33      481.33        0.00
     0     0      525.33      478.67        0.00
     0     0      529.33      476.00        0.00
     0     0      533.33      474.67        0.00
     0     0      537.33      473.33        0.00
     0     0      540.00      470.67        0.00
     0     0      544.00      469.33        0.00
     0     0      548.00      466.67        0.00
     0     0      552.00      465.33        0.00
     0     0      554.67      462.67        0.00
     0     0      558.67      461.33        0.00
     0     0      564.00      458.67        0.00
     0     0      568.00      457.33        0.00
     0     0      572.00      456.00        0.00
     0     0      576.00      453.33        0.00
     0     0      582.67      452.00        0.00
     0     0      585.33      449.33        0.00
     0     0      590.67      446.67        0.00
     0     0      594.67      444.00        0.00
     0     0      598.67      441.33        0.00
     0     0      602.67      440.00        0.00
     0     0      605.33      437.33        0.00
     0     0      608.00      434.67        0.00
     0     0      628.00      418.67        0.00
     0     0      633.33      417.33        0.00
     0     0      637.33      414.67        0.00
     0     0      641.33      413.33        0.00
     0     0      644.00      410.67        0.00
     0     0      648.00      409.33        0.00
     0     0      652.00      405.33        0.00
     0     0      654.67      402.67        0.00
     0     0      657.33      398.67        0.00
     0     0      661.33      396.00        0.00
     0     0      665.33      393.33        0.00
     0     0      668.00      389.33        0.00
     0     0      670.67      386.67        0.00
     0     0      673.33      384.00        0.00
     0     0      677.33      381.33        0.00
     0     0      681.33      378.67        0.00
     0     0      684.00      376.00        0.00
     0     0      686.67      373.33        0.00
     0     0      689.33      370.67        0.00
     0     0      692.00      368.00        0.00
     0     0      694.67      364.00        0.00
     0     0      697.33      361.33        0.00
     0     0      700.00      358.67        0.00
     0     0      705.33      354.67        0.00
     0     0      709.33      352.00        0.00
     0     0      712.00      349.33        0.00
     0     0      716.00      346.67        0.00
     0     0      720.00      342.67        0.00
     0     0      724.00      340.00        0.00
     0     0      726.67      337.33        0.00
     0     0      730.67      336.00        0.00
     0     0      736.00      333.33        0.00
     0     0      740.00      332.00        0.00
     0     0      745.33      329.33        0.00
     0     0      749.33      326.67        0.00
     0     0      753.33      325.33        0.00
     0     0      758.67      321.33        0.00
     0     0      764.00      318.67        0.00
     0     0      768.00      317.33        0.00
     0     0      776.00      314.67        0.00
     0     0      778.67      312.00        0.00
     0     0      785.33      310.67        0.00
     0     0      789.33      308.00        0.00
     0     0      794.67      305.33        0.00
     0     0      801.33      302.67        0.00
     0     0      805.33      300.00        0.00
     0     0      809.33      297.33        0.00
     0     0      813.33      294.67        0.00
     0     0      820.00      292.00        0.00
     0     0      824.00      289.33        0.00
     0     0      828.00      286.67        0.00
     0     0      830.67      284.00        0.00
     0     0      834.67      281.33        0.00
     0     0      837.33      278.67        0.00
     0     0      846.67      270.67        0.00
     0     0      856.00      264.00        0.00
     0     0      861.33      258.67        0.00
     0     0      866.67      254.67        0.00
     0     0      872.00      250.67        0.00
     0     0      876.00      246.67        0.00
     0     0      878.67      244.00        0.00
     0     0      881.33      241.33        0.00
     0     0      884.00      238.67        0.00
     0     0      888.00      233.33        0.00
     0     0      889.33      229.33        0.00
     0     0      892.00      225.33        0.00
     0     0      894.67      221.33        0.00
     0     0      896.00      217.33        0.00
     0     0      897.33      212.00        0.00
     0     0      898.67      208.00        0.00
     0     0      901.33      204.00        0.00
     0     0      904.00      198.67        0.00
     0     0      904.00      194.67        0.00
     0     0      905.33      189.33        0.00
     0     0      906.67      185.33        0.00
     0     0      908.00      181.33        0.00
     0     0      909.33      177.33        0.00
     0     0      912.00      174.67        0.00
     0     0      914.67      170.67        0.00
     0     0      918.67      168.00        0.00
     0     0      921.33      164.00        0.00
     0     0      925.33      158.67        0.00
     0     0      928.00      156.00        0.00
     0     0      930.67      152.00        0.00
     0     0      934.67      148.00        0.00
     0     0      940.00      144.00        0.00
     0     0      944.00      140.00        0.00
     0     0      949.33      137.33        0.00
     0     0      953.33      133.33        0.00
     0     0      957.33      130.67        0.00
     0     0      961.33      126.67        0.00
     0     0      965.33      122.67        0.00
     0     0      969.33      120.00        0.00
     0     0      972.00      116.00        0.00
     0     0      976.00      114.67        0.00
     0     0      980.00      112.00        0.00
     0     0      984.00      110.67        0.00
     0     0      986.67      108.00        0.00
     0     0      992.00      105.33        0.00
     0     0      996.00      102.67        0.00
     0     0     1000.00      100.00        0.00
     0     0     1004.00       97.33        0.00
     0     0     1008.00       94.67        0.00
     0     0     1012.00       90.67        0.00
     0     0     1016.00       89.33        0.00
     0     0     1020.00       86.67        0.00
     0     0     1026.67       82.67        0.00
     0     0     1032.00       80.00        0.00
     0     0     1037.33       76.00        0.00
     0     0     1042.67       73.33        0.00
     0     0     1046.67       69.33        0.00
     0     0     1049.33       66.67        0.00
     0     0     1054.67       64.00        0.00
     0     0     1060.00       60.00        0.00
     0     0     1065.33       56.00        0.00
     0     0     1072.00       53.33        0.00
     0     0     1074.67       50.67        0.00
     0     0     1078.67       46.67        0.00
     0     0     1082.67       45.33        0.00
     0     0     1085.33       42.67        0.00
     0     0     1093.33       37.33        0.00
     0     0     1098.67       34.67        0.00
     0     0     1104.00       32.00        0.00
     0     0     1109.33       29.33        0.00
     0     0     1113.33       26.67        0.00
     0     0     1118.67       24.00        0.00
     0     0     1124.00       20.00        0.00
     0     0     1130.67       17.33        0.00
     0     0     1134.67       14.67        0.00
     0     0     1140.00       12.00        0.00
     0     0     1144.00       12.00        0.00
     0     0     1148.00        9.33        0.00
     0     0     1153.33        9.33        0.00
     0     0     1158.67        6.67        0.00
     0     0     1162.67        5.33        0.00
     0     0     1166.67        4.00        0.00
     0     0     1166.67        0.00        0.00
     0     0      813.33        2.67        0.00
     0     0      810.67        5.33        0.00
     0     0      806.67        8.00        0.00
     0     0      802.67       10.67        0.00
     0     0      798.67       13.33        0.00
     0     0      794.67       16.00        0.00
     0     0      790.67       17.33        0.00
     0     0      786.67       21.33        0.00
     0     0      784.00       24.00        0.00
     0     0      780.00       30.67        0.00
     0     0      777.33       33.33        0.00
     0     0      776.00       37.33        0.00
     0     0      773.33       40.00        0.00
     0     0      770.67       44.00        0.00
     0     0      769.33       48.00        0.00
     0     0      766.67       52.00        0.00
     0     0      765.33       56.00        0.00
     0     0      761.33       60.00        0.00
     0     0      758.67       65.33        0.00
     0     0      754.67       68.00        0.00
     0     0      752.00       70.67        0.00
     0     0      749.33       73.33        0.00
     0     0      746.67       76.00        0.00
     0     0      744.00       78.67        0.00
     0     0      741.33       81.33        0.00
     0     0      738.67       85.33        0.00
     0     0      736.00       88.00        0.00
     0     0      733.33       90.67        0.00
     0     0      730.67       93.33        0.00
     0     0      726.67       97.33        0.00
     0     0      722.67      101.33        0.00
     0     0      718.67      104.00        0.00
     0     0      716.00      106.67        0.00
     0     0      712.00      109.33        0.00
     0     0      709.33      112.00        0.00
     0     0      705.33      113.33        0.00
     0     0      702.67      116.00        0.00
     0     0      700.00      118.67        0.00
     0     0      697.33      121.33        0.00
     0     0      693.33      124.00        0.00
     0     0      689.33      126.67        0.00
     0     0      686.67      130.67        0.00
     0     0      682.67      133.33        0.00
     0     0      680.00      137.33        0.00
     0     0      677.33      140.00        0.00
     0     0      674.67      142.67        0.00
     0     0      672.00      145.33        0.00
     0     0      668.00      148.00        0.00
     0     0      665.33      150.67        0.00
     0     0      660.00      154.67        0.00
     0     0      657.33      157.33        0.00
     0     0      653.33      162.67        0.00
     0     0      650.67      166.67        0.00
     0     0      648.00      169.33        0.00
     0     0      644.00      173.33        0.00
     0     0      637.33      177.33        0.00
     0     0      632.00      181.33        0.00
     0     0      626.67      184.00        0.00
     0     0      622.67      186.67        0.00
     0     0      617.33      190.67        0.00
     0     0      613.33      193.33        0.00
     0     0      609.33      194.67        0.00
     0     0      605.33      197.33        0.00
     0     0      600.00      200.00        0.00
     0     0      596.00      201.33        0.00
     0     0      590.67      202.67        0.00
     0     0      586.67      204.00        0.00
     0     0      582.67      205.33        0.00
     0     0      578.67      206.67        0.00
     0     0      572.00      208.00        0.00
     0     0      566.67      209.33        0.00
     0     0      562.67      210.67        0.00
     0     0      557.33      213.33        0.00
     0     0      553.33      214.67        0.00
     0     0      549.33      217.33        0.00
     0     0      546.67      220.00        0.00
     0     0      544.00      222.67        0.00
     0     0      540.00      225.33        0.00
     0     0      537.33      228.00        0.00
     0     0      534.67      230.67        0.00
     0     0      532.00      233.33        0.00
     0     0      529.33      236.00        0.00
     0     0      526.67      238.67        0.00
     0     0      522.67      244.00        0.00
     0     0      518.67      245.33        0.00
     0     0      516.00      248.00        0.00
     0     0      513.33      250.67        0.00
     0     0      508.00      253.33        0.00
     0     0      505.33      257.33        0.00
     0     0      501.33      260.00        0.00
     0     0      498.67      262.67        0.00
     0     0      496.00      265.33        0.00
     0     0      492.00      266.67        0.00
     0     0      489.33      269.33        0.00
     0     0      482.67      274.67        0.00
     0     0      478.67      278.67        0.00
     0     0      474.67      281.33        0.00
     0     0      466.67      285.33        0.00
     0     0      461.33      288.00        0.00
     0     0      457.33      289.33        0.00
     0     0      453.33      290.67        0.00
     0     0      449.33      292.00        0.00
     0     0      418.67      310.67        0.00
     0     0      414.67      310.67        0.00
     0     0      409.33      312.00        0.00
     0     0      405.33      316.00        0.00
     0     0      401.33      318.67        0.00
     0     0      398.67      322.67        0.00
     0     0      393.33      328.00        0.00
     0     0      389.33      332.00        0.00
     0     0      384.00      336.00        0.00
     0     0      380.00      338.67        0.00
     0     0      376.00      341.33        0.00
     0     0      370.67      344.00        0.00
     0     0      366.67      346.67        0.00
     0     0      362.67      349.33        0.00
     0     0      358.67      352.00        0.00
     0     0      353.33      354.67        0.00
     0     0      350.67      357.33        0.00
     0     0      345.33      360.00        0.00
     0     0      341.33      362.67        0.00
     0     0      337.33      365.33        0.00
     0     0      334.67      368.00        0.00
     0     0      330.67      372.00        0.00
     0     0      326.67      374.67        0.00
     0     0      321.33      378.67        0.00
     0     0      316.00      381.33        0.00
     0     0      310.67      385.33        0.00
     0     0      305.33      389.33        0.00
     0     0      301.33      390.67        0.00
     0     0      297.33      393.33        0.00
     0     0      293.33      396.00        0.00
     0     0      289.33      400.00        0.00
     0     0      285.33      402.67        0.00
     0     0      281.33      406.67        0.00
     0     0      278.67      409.33        0.00
     0     0      276.00      413.33        0.00
     0     0      273.33      416.00        0.00
     0     0      269.33      418.67        0.00
     0     0      266.67      421.33        0.00
     0     0      262.67      424.00        0.00
     0     0      260.00      426.67        0.00
     0     1      249.33      923.67        0.00
     0     1      238.67      930.33        0.00
     0     1      233.33      933.00        0.00
     0     1      226.67      935.67        0.00
     0     1      221.33      938.33        0.00
     0     1      216.00      941.00        0.00
     0     1      212.00      945.00        0.00
     0     1      208.00      947.67        0.00
     0     1      202.67      950.33        0.00
     0     1      197.33      953.00        0.00
     0     1      194.67      955.67        0.00
     0     1      190.67      958.33        0.00
     0     1      185.33      959.67        0.00
     0     1      182.67      962.33        0.00
     0     1      178.67      962.33        0.00
     0     1      174.67      965.00        0.00
     0     1      169.33      967.67        0.00
     0     1      165.33      969.00        0.00
     0     1      161.33      970.33        0.00
     0     1      156.00      970.33        0.00
     0     1      150.67      971.67        0.00
     0     1      145.33      973.00        0.00
     0     1      141.33      973.00        0.00
     0     1      134.67      974.33        0.00
     0     1      129.33      974.33        0.00
     0     1      124.00      974.33        0.00
     0     1      118.67      974.33        0.00
     0     1      110.67      974.33        0.00
     0     1      105.33      973.00        0.00
     0     1       98.67      971.67        0.00
     0     1       94.67      970.33        0.00
     0     1       90.67      969.00        0.00
     0     1       85.33      967.67        0.00
     0     1       80.00      965.00        0.00
     0     1       76.00      962.33        0.00
     0     1       72.00      959.67        0.00
     0     1       69.33      957.00        0.00
     0     1       65.33      951.67        0.00
     0     1       61.33      947.67        0.00
     0     1       60.00      942.33        0.00
     0     1       58.67      938.33        0.00
     0     1       57.33      933.00        0.00
     0     1       54.67      927.67        0.00
     0     1       53.33      923.67        0.00
     0     1       50.67      917.00        0.00
     0     1       50.67      913.00        0.00
     0     1       49.33      909.00        0.00
     0     1       49.33      905.00        0.00
     0     1       48.00      898.33        0.00
     0     1       48.00      893.00        0.00
     0     1       48.00      887.67        0.00
     0     1       48.00      882.33        0.00
     0     1       48.00      874.33        0.00
     0     1       49.33      870.33        0.00
     0     1       50.67      865.00        0.00
     0     1       53.33      859.67        0.00
     0     1       54.67      855.67        0.00
     0     1       57.33      851.67        0.00
     0     1       58.67      847.67        0.00
     0     1       61.33      845.00        0.00
     0     1       65.33      841.00        0.00
     0     1       68.00      837.00        0.00
     0     1       70.67      834.33        0.00
     0     1       73.33      829.00        0.00
     0     1       76.00      826.33        0.00
     0     1       78.67      823.67        0.00
     0     1       81.33      821.00        0.00
     0     1       85.33      817.00        0.00
     0     1       89.33      813.00        0.00
     0     1       93.33      809.00        0.00
     0     1       96.00      806.33        0.00
     0     1       98.67      803.67        0.00
     0     1      101.33      801.00        0.00
     0     1      105.33      797.00        0.00
     0     1      110.67      793.00        0.00
     0     1      114.67      787.67        0.00
     0     1      120.00      782.33        0.00
     0     1      124.00      778.33        0.00
     0     1      128.00      774.33        0.00
     0     1      132.00      770.33        0.00
     0     1      137.33      765.00        0.00
     0     1      142.67      761.00        0.00
     0     1      145.33      758.33        0.00
     0     1      149.33      755.67        0.00
     0     1      153.33      754.33        0.00
     0     1      160.00      750.33        0.00
     0     1      165.33      749.00        0.00
     0     1      170.67      746.33        0.00
     0     1      177.33      743.67        0.00
     0     1      181.33      742.33        0.00
     0     1      185.33      741.00        0.00
     0     1      194.67      737.00        0.00
     0     1      200.00      734.33        0.00
     0     1      205.33      731.67        0.00
     0     1      209.33      730.33        0.00
     0     1      213.33      727.67        0.00
     0     1      218.67      725.00        0.00
     0     1      224.00      722.33        0.00
     0     1      229.33      719.67        0.00
     0     1      233.33      718.33        0.00
     0     1      238.67      714.33        0.00
     0     1      244.00      711.67        0.00
     0     1      248.00      709.00        0.00
     0     1      252.00      706.33        0.00
     0     1      254.67      703.67        0.00
     0     1      258.67      699.67        0.00
     0     1      261.33      697.00        0.00
     0     1      264.00      694.33        0.00
     0     1      266.67      690.33        0.00
     0     1      269.33      687.67        0.00
     0     1      273.33      685.00        0.00
     0     1      276.00      682.33        0.00
     0     1      280.00      679.67        0.00
     0     1      282.67      677.00        0.00
     0     1      286.67      675.67        0.00
     0     1      289.33      673.00        0.00
     0     1      292.00      670.33        0.00
     0     1      297.33      667.67        0.00
     0     1      302.67      665.00        0.00
     0     1      308.00      662.33        0.00
     0     1      313.33      659.67        0.00
     0     1      317.33      658.33        0.00
     0     1      322.67      657.00        0.00
     0     1      326.67      654.33        0.00
     0     1      330.67      653.00        0.00
     0     1      334.67      651.67        0.00
     0     1      338.67      649.00        0.00
     0     1      344.00      646.33        0.00
     0     1      348.00      645.00        0.00
     0     1      353.33      643.67        0.00
     0     1      357.33      641.00        0.00
     0     1      364.00      638.33        0.00
     0     1      368.00      637.00        0.00
     0     1      372.00      634.33        0.00
     0     1      374.67      631.67        0.00
     0     1      378.67      627.67        0.00
     0     1      380.00      623.67        0.00
     0     1      382.67      621.00        0.00
     0     1      386.67      618.33        0.00
     0     1      389.33      615.67        0.00
     0     1      393.33      613.00        0.00
     0     1      397.33      611.67        0.00
     0     1      401.33      609.00        0.00
     0     1      406.67      606.33        0.00
     0     1      412.00      602.33        0.00
     0     1      417.33      599.67        0.00
     0     1      420.00      597.00        0.00
     0     1      422.67      594.33        0.00
     0     1      425.33      591.67        0.00
     0     1      428.00      587.67        0.00
     0     1      430.67      585.00        0.00
     0     1      433.33      582.33        0.00
     0     1      436.00      579.67        0.00
     0     1      438.67      577.00        0.00
     0     1      441.33      574.33        0.00
     0     1      442.67      570.33        0.00
     0     1      446.67      567.67        0.00
     0     1      450.67      563.67        0.00
     0     1      456.00      559.67        0.00
     0     1      464.00      555.67        0.00
     0     1      474.67      551.67        0.00
     0     1      478.67      549.00        0.00
     0     1      482.67      546.33        0.00
     0     1      486.67      543.67        0.00
     0     1      490.67      541.00        0.00
     0     1      494.67      539.67        0.00
     0     1      498.67      538.33        0.00
     0     1      504.00      537.00        0.00
     0     1      508.00      534.33        0.00
     0     1      512.00      531.67        0.00
     0     1      517.33      529.00        0.00
     0     1      521.33      527.67        0.00
     0     1      525.33      525.00        0.00
     0     1      529.33      523.67        0.00
     0     1      533.33      522.33        0.00
     0     1      537.33      521.00        0.00
     0     1      544.00      518.33        0.00
     0     1      550.67      515.67        0.00
     0     1      557.33      514.33        0.00
     0     1      564.00      511.67        0.00
     0     1      570.67      509.00        0.00
     0     1      577.33      506.33        0.00
     0     1      581.33      503.67        0.00
     0     1      585.33      502.33        0.00
     0     1      590.67      501.00        0.00
     0     1      593.33      498.33        0.00
     0     1      598.67      495.67        0.00
     0     1      605.33      493.00        0.00
     0     1      612.00      490.33        0.00
     0     1      620.00      486.33        0.00
     0     1      625.33      485.00        0.00
     0     1      638.67      466.33        0.00
     0     1      641.33      463.67        0.00
     0     1      646.67      458.33        0.00
     0     1      650.67      453.00        0.00
     0     1      654.67      449.00        0.00
     0     1      661.33      443.67        0.00
     0     1      668.00      438.33        0.00
     0     1      673.33      434.33        0.00
     0     1      681.33      429.00        0.00
     0     1      685.33      425.00        0.00
     0     1      692.00      421.00        0.00
     0     1      698.67      415.67        0.00
     0     1      704.00      411.67        0.00
     0     1      709.33      407.67        0.00
     0     1      716.00      405.00        0.00
     0     1      722.67      399.67        0.00
     0     1      728.00      397.00        0.00
     0     1      734.67      393.00        0.00
     0     1      738.67      390.33        0.00
     0     1      742.67      386.33        0.00
     0     1      748.00      382.33        0.00
     0     1      753.33      379.67        0.00
     0     1      760.00      375.67        0.00
     0     1      765.33      371.67        0.00
     0     1      769.33      369.00        0.00
     0     1      773.33      367.67        0.00
     0     1      778.67      365.00        0.00
     0     1      782.67      363.67        0.00
     0     1      786.67      362.33        0.00
     0     1      793.33      362.33        0.00
     0     1      797.33      362.33        0.00
     0     1      804.00      362.33        0.00
     0     1      808.00      362.33        0.00
     0     1      813.33      363.67        0.00
     0     1      818.67      363.67        0.00
     0     1      822.67      363.67        0.00
     0     1      826.67      365.00        0.00
     0     1      832.00      366.33        0.00
     0     1      836.00      369.00        0.00
     0     1      840.00      371.67        0.00
     0     1      844.00      373.00        0.00
     0     1      846.67      375.67        0.00
     0     1      849.33      379.67        0.00
     0     1      852.00      386.33        0.00
     0     1      853.33      391.67        0.00
     0     1      854.67      397.00        0.00
     0     1      854.67      401.00        0.00
     0     1      856.00      406.33        0.00
     0     1      856.00      411.67        0.00
     0     1      856.00      415.67        0.00
     0     1      856.00      421.00        0.00
     0     1      856.00      427.67        0.00
     0     1      856.00      433.00        0.00
     0     1      854.67      439.67        0.00
     0     1      853.33      446.33        0.00
     0     1      852.00      451.67        0.00
     0     1      848.00      459.67        0.00
     0     1      846.67      466.33        0.00
     0     1      842.67      473.00        0.00
     0     1      837.33      477.00        0.00
     0     1      832.00      482.33        0.00
     0     1      828.00      486.33        0.00
     0     1      822.67      491.67        0.00
     0     1      817.33      495.67        0.00
     0     1      812.00      498.33        0.00
     0     1      806.67      502.33        0.00
     0     1      801.33      506.33        0.00
     0     1      792.00      510.33        0.00
     0     1      788.00      515.67        0.00
     0     1      782.67      521.00        0.00
     0     1      780.00      525.00        0.00
     0     1      777.33      527.67        0.00
     0     1      774.67      533.00        0.00
     0     1      770.67      535.67        0.00
     0     1      766.67      541.00        0.00
     0     1      762.67      546.33        0.00
     0     1      760.00      550.33        0.00
     0     1      756.00      553.00        0.00
     0     1      750.67      558.33        0.00
     0     1      746.67      562.33        0.00
     0     1      741.33      567.67        0.00
     0     1      734.67      571.67        0.00
     0     1      730.67      575.67        0.00
     0     1      725.33      582.33        0.00
     0     1      718.67      586.33        0.00
     0     1      713.33      591.67        0.00
     0     1      709.33      594.33        0.00
     0     1      704.00      598.33        0.00
     0     1      700.00      601.00        0.00
     0     1      694.67      603.67        0.00
     0     1      689.33      606.33        0.00
     0     1      684.00      609.00        0.00
     0     1      678.67      613.00        0.00
     0     1      673.33      615.67        0.00
     0     1      668.00      621.00        0.00
     0     1      664.00      626.33        0.00
     0     1      657.33      631.67        0.00
     0     1      653.33      634.33        0.00
     0     1      650.67      637.00        0.00
     0     1      648.00      639.67        0.00
     0     1      645.33      643.67        0.00
     0     1      642.67      646.33        0.00
     0     1      640.00      649.00        0.00
     0     1      637.33      651.67        0.00
     0     1      633.33      654.33        0.00
     0     1      630.67      657.00        0.00
     0     1      628.00      659.67        0.00
     0     1      622.67      662.33        0.00
     0     1      618.67      665.00        0.00
     0     1      612.00      669.00        0.00
     0     1      604.00      671.67        0.00
     0     1      596.00      677.00        0.00
     0     1      592.00      679.67        0.00
     0     1      585.33      682.33        0.00
     0     1      581.33      685.00        0.00
     0     1      577.33      686.33        0.00
     0     1      574.67      689.00        0.00
     0     1      568.00      691.67        0.00
     0     1      562.67      694.33        0.00
     0     1      558.67      697.00        0.00
     0     1      554.67      699.67        0.00
     0     1      552.00      702.33        0.00
     0     1      548.00      705.00        0.00
     0     1      544.00      706.33        0.00
     0     1      541.33      709.00        0.00
     0     1      538.67      711.67        0.00
     0     1      534.67      714.33        0.00
     0     1      532.00      717.00        0.00
     0     1      529.33      719.67        0.00
     0     1      526.67      723.67        0.00
     0     1      525.33      727.67        0.00
     0     1      524.00      731.67        0.00
     0     1      521.33      734.33        0.00
     0     1      518.67      737.00        0.00
     0     1      516.00      739.67        0.00
     0     1      514.67      743.67        0.00
     0     1      512.00      746.33        0.00
     0     1      508.00      749.00        0.00
     0     1      505.33      751.67        0.00
     0     1      501.33      753.00        0.00
     0     1      496.00      754.33        0.00
     0     1      464.00      793.00        0.00
     0     1      461.33      795.67        0.00
     0     1      458.67      798.33        0.00
     0     1      454.67      801.00        0.00
     0     1      450.67      802.33        0.00
     0     1      448.00      805.00        0.00
     0     1      444.00      809.00        0.00
     0     1      440.00      811.67        0.00
     0     1      437.33      814.33        0.00
     0     1      434.67      817.00        0.00
     0     1      432.00      819.67        0.00
     0     1      428.00      822.33        0.00
     0     1      425.33      825.00        0.00
     0     1      421.33      827.67        0.00
     0     1      417.33      830.33        0.00
     0     1      414.67      833.00        0.00
     0     1      410.67      835.67        0.00
     0     1      406.67      838.33        0.00
     0     1      402.67      841.00        0.00
     0     1      400.00      843.67        0.00
     0     1      396.00      846.33        0.00
     0     1      393.33      849.00        0.00
     0     1      390.67      851.67        0.00
     0     1      388.00      854.33        0.00
     0     1      382.67      857.00        0.00
     0     1      380.00      859.67        0.00
     0     1      374.67      861.00        0.00
     0     1      370.67      863.67        0.00
     0     1      366.67      866.33        0.00
     0     1      361.33      869.00        0.00
     0     1      356.00      870.33        0.00
     0     1      352.00      873.00        0.00
     0     1      345.33      875.67        0.00
     0     1      340.00      878.33        0.00
     0     1      336.00      879.67        0.00
     0     1      330.67      882.33        0.00
     0     1      326.67      883.67        0.00
     0     1      321.33      886.33        0.00
     0     1      317.33      887.67        0.00
     0     1      312.00      891.67        0.00
     0     1      306.67      893.00        0.00
     0     1      302.67      895.67        0.00
     0     1      296.00      898.33        0.00
     0     1      292.00      899.67        0.00
     0     1      288.00      901.00        0.00
     0     1      284.00      903.67        0.00
     0     1      280.00      905.00        0.00
     0     1      276.00      907.67        0.00
     0     1      273.33      910.33        0.00
     0     1      268.00      913.00        0.00
     0     2     1126.67      987.67        0.00
     0     2     1124.00      991.67        0.00
     0     2     1122.67      995.67        0.00
     0     2     1120.00      999.67        0.00
     0     2     1118.67     1005.00        0.00
     0     2     1116.00     1007.67        0.00
     0     2     1114.67     1011.67        0.00
     0     2     1112.00     1014.33        0.00
     0     2     1110.67     1018.33        0.00
     0     2     1108.00     1021.00        0.00
     0     2     1105.33     1023.67        0.00
     0     2     1102.67     1026.33        0.00
     0     2      930.67     1022.33        0.00
     0     2      928.00     1019.67        0.00
     0     2      926.67     1015.67        0.00
     0     2      924.00     1009.00        0.00
     0     2      922.67     1002.33        0.00
     0     2      922.67      995.67        0.00
     0     2      922.67      990.33        0.00
     0     2      922.67      983.67        0.00
     0     2      922.67      977.00        0.00
     0     2      921.33      969.00        0.00
     0     2      921.33      961.00        0.00
     0     2      921.33      957.00        0.00
     0     2      921.33      950.33        0.00
     0     2      921.33      942.33        0.00
     0     2      921.33      937.00        0.00
     0     2      921.33      931.67        0.00
     0     2      921.33      927.67        0.00
     0     2      921.33      923.67        0.00
     0     2      921.33      918.33        0.00
     0     2      921.33      913.00        0.00
     0     2      921.33      907.67        0.00
     0     2      921.33      902.33        0.00
     0     2      921.33      897.00        0.00
     0     2      922.67      891.67        0.00
     0     2      922.67      885.00        0.00
     0     2      922.67      881.00        0.00
     0     2      922.67      877.00        0.00
     0     2      922.67      871.67        0.00
     0     2      922.67      866.33        0.00
     0     2      922.67      862.33        0.00
     0     2      924.00      857.00        0.00
     0     2      925.33      853.00        0.00
     0     2      925.33      849.00        0.00
     0     2      925.33      845.00        0.00
     0     2      924.00      841.00        0.00
     0     2      922.67      837.00        0.00
     0     2      922.67      831.67        0.00
     0     2      922.67      825.00        0.00
     0     2      925.33      818.33        0.00
     0     2      926.67      810.33        0.00
     0     2      928.00      806.33        0.00
     0     2      928.00      802.33        0.00
     0     2      928.00      797.00        0.00
     0     2      928.00      790.33        0.00
     0     2      928.00      785.00        0.00
     0     2      928.00      781.00        0.00
     0     2      928.00      777.00        0.00
     0     2      928.00      773.00        0.00
     0     2      928.00      767.67        0.00
     0     2      929.33      762.33        0.00
     0     2      929.33      758.33        0.00
     0     2      930.67      753.00        0.00
     0     2      932.00      749.00        0.00
     0     2      933.33      745.00        0.00
     0     2      934.67      741.00        0.00
     0     2      936.00      735.67        0.00
     0     2      938.67      731.67        0.00
     0     2      940.00      727.67        0.00
     0     2      941.33      721.00        0.00
     0     2      945.33      714.33        0.00
     0     2      948.00      709.00        0.00
     0     2      950.67      703.67        0.00
     0     2      952.00      698.33        0.00
     0     2      953.33      693.00        0.00
     0     2      956.00      689.00        0.00
     0     2      957.33      682.33        0.00
     0     2      958.67      677.00        0.00
     0     2      962.67      671.67        0.00
     0     2      965.33      666.33        0.00
     0     2      968.00      661.00        0.00
     0     2      972.00      655.67        0.00
     0     2      974.67      651.67        0.00
     0     2      978.67      647.67        0.00
     0     2      981.33      642.33        0.00
     0     2      984.00      638.33        0.00
     0     2      988.00      634.33        0.00
     0     2      990.67      630.33        0.00
     0     2      993.33      627.67        0.00
     0     2      996.00      623.67        0.00
     0     2      998.67      619.67        0.00
     0     2     1001.33      617.00        0.00
     0     2     1002.67      613.00        0.00
     0     2     1004.00      609.00        0.00
     0     2     1006.67      603.67        0.00
     0     2     1009.33      598.33        0.00
     0     2     1012.00      594.33        0.00
     0     2     1016.00      587.67        0.00
     0     2     1018.67      582.33        0.00
     0     2     1022.67      575.67        0.00
     0     2     1026.67      571.67        0.00
     0     2     1030.67      566.33        0.00
     0     2     1037.33      561.00        0.00
     0     2     1041.33      557.00        0.00
     0     2     1046.67      553.00        0.00
     0     2     1050.67      549.00        0.00
     0     2     1057.33      545.00        0.00
     0     2     1060.00      541.00        0.00
     0     2     1065.33      537.00        0.00
     0     2     1070.67      534.33        0.00
     0     2     1073.33      531.67        0.00
     0     2     1078.67      529.00        0.00
     0     2     1082.67      526.33        0.00
     0     2     1088.00      523.67        0.00
     0     2     1092.00      521.00        0.00
     0     2     1097.33      518.33        0.00
     0     2     1101.33      517.00        0.00
     0     2     1106.67      515.67        0.00
     0     2     1110.67      513.00        0.00
     0     2     1113.33      510.33        0.00
     0     2     1117.33      509.00        0.00
     0     2     1120.00      506.33        0.00
     0     2     1124.00      503.67        0.00
     0     2     1128.00      501.00        0.00
     0     2     1132.00      498.33        0.00
     0     2     1134.67      495.67        0.00
     0     2     1137.33      493.00        0.00
     0     2     1141.33      490.33        0.00
     0     2     1144.00      487.67        0.00
     0     2     1146.67      485.00        0.00
     0     2     1149.33      482.33        0.00
     0     2     1152.00      479.67        0.00
     0     2     1161.33      469.00        0.00
     0     2     1164.00      465.00        0.00
     0     2     1166.67      462.33        0.00
     0     2     1170.67      457.00        0.00
     0     2     1174.67      454.33        0.00
     0     2     1180.00      451.67        0.00
     0     2     1184.00      450.33        0.00
     0     2     1188.00      447.67        0.00
     0     2     1193.33      443.67        0.00
     0     2     1201.33      439.67        0.00
     0     2     1205.33      437.00        0.00
     0     2     1212.00      433.00        0.00
     0     2     1217.33      430.33        0.00
     0     2     1221.33      427.67        0.00
     0     2     1228.00      425.00        0.00
     0     2     1232.00      422.33        0.00
     0     2     1237.33      419.67        0.00
     0     2     1240.00      417.00        0.00
     0     2     1245.33      415.67        0.00
     0     2     1249.33      414.33        0.00
     0     2     1254.67      411.67        0.00
     0     2     1260.00      409.00        0.00
     0     2     1264.00      407.67        0.00
     0     2     1269.33      406.33        0.00
     0     2     1273.33      405.00        0.00
     0     2     1277.33      403.67        0.00
     0     2     1284.00      401.00        0.00
     0     2     1286.67      398.33        0.00
     0     2     1290.67      395.67        0.00
     0     2     1296.00      394.33        0.00
     0     2     1300.00      393.00        0.00
     0     2     1304.00      393.00        0.00
     0     2     1308.00      391.67        0.00
     0     2     1312.00      390.33        0.00
     0     2     1317.33      389.00        0.00
     0     2     1322.67      389.00        0.00
     0     2     1326.67      389.00        0.00
     0     2     1330.67      389.00        0.00
     0     2     1334.67      391.67        0.00
     0     2     1338.67      394.33        0.00
     0     2     1341.33      398.33        0.00
     0     2     1342.67      403.67        0.00
     0     2     1344.00      409.00        0.00
     0     2     1345.33      413.00        0.00
     0     2     1345.33      417.00        0.00
     0     2     1345.33      425.00        0.00
     0     2     1345.33      430.33        0.00
     0     2     1342.67      437.00        0.00
     0     2     1342.67      442.33        0.00
     0     2     1341.33      451.67        0.00
     0     2     1338.67      461.00        0.00
     0     2     1337.33      470.33        0.00
     0     2     1336.00      477.00        0.00
     0     2     1334.67      486.33        0.00
     0     2     1332.00      494.33        0.00
     0     2     1330.67      501.00        0.00
     0     2     1329.33      510.33        0.00
     0     2     1328.00      518.33        0.00
     0     2     1326.67      526.33        0.00
     0     2     1325.33      531.67        0.00
     0     2     1324.00      537.00        0.00
     0     2     1322.67      542.33        0.00
     0     2     1322.67      547.67        0.00
     0     2     1321.33      553.00        0.00
     0     2     1321.33      557.00        0.00
     0     2     1320.00      563.67        0.00
     0     2     1320.00      570.33        0.00
     0     2     1318.67      577.00        0.00
     0     2     1317.33      582.33        0.00
     0     2     1317.33      590.33        0.00
     0     2     1317.33      597.00        0.00
     0     2     1316.00      601.00        0.00
     0     2     1316.00      606.33        0.00
     0     2     1314.67      611.67        0.00
     0     2     1313.33      619.67        0.00
     0     2     1312.00      625.00        0.00
     0     2     1310.67      629.00        0.00
     0     2     1309.33      634.33        0.00
     0     2     1306.67      639.67        0.00
     0     2     1305.33      643.67        0.00
     0     2     1302.67      647.67        0.00
     0     2     1301.33      653.00        0.00
     0     2     1297.33      658.33        0.00
     0     2     1294.67      662.33        0.00
     0     2     1292.00      666.33        0.00
     0     2     1289.33      670.33        0.00
     0     2     1284.00      677.00        0.00
     0     2     1278.67      681.00        0.00
     0     2     1273.33      687.67        0.00
     0     2     1269.33      691.67        0.00
     0     2     1265.33      697.00        0.00
     0     2     1260.00      702.33        0.00
     0     2     1256.00      707.67        0.00
     0     2     1250.67      714.33        0.00
     0     2     1246.67      719.67        0.00
     0     2     1242.67      727.67        0.00
     0     2     1238.67      733.00        0.00
     0     2     1236.00      741.00        0.00
     0     2     1233.33      746.33        0.00
     0     2     1230.67      751.67        0.00
     0     2     1226.67      757.00        0.00
     0     2     1224.00      762.33        0.00
     0     2     1221.33      767.67        0.00
     0     2     1218.67      773.00        0.00
     0     2     1216.00      777.00        0.00
     0     2     1213.33      783.67        0.00
     0     2     1209.33      789.00        0.00
     0     2     1208.00      794.33        0.00
     0     2     1204.00      802.33        0.00
     0     2     1201.33      810.33        0.00
     0     2     1198.67      818.33        0.00
     0     2     1196.00      825.00        0.00
     0     2     1194.67      833.00        0.00
     0     2     1192.00      841.00        0.00
     0     2     1190.67      846.33        0.00
     0     2     1189.33      850.33        0.00
     0     2     1188.00      854.33        0.00
     0     2     1186.67      862.33        0.00
     0     2     1185.33      869.00        0.00
     0     2     1182.67      873.00        0.00
     0     2     1181.33      879.67        0.00
     0     2     1181.33      885.00        0.00
     0     2     1181.33      889.00        0.00
     0     2     1181.33      894.33        0.00
     0     2     1180.00      899.67        0.00
     0     2     1180.00      906.33        0.00
     0     2     1180.00      910.33        0.00
     0     2     1180.00      915.67        0.00
     0     2     1178.67      919.67        0.00
     0     2     1177.33      926.33        0.00
     0     2     1176.00      930.33        0.00
     0     2     1174.67      934.33        0.00
     0     2     1174.67      938.33        0.00
     0     2     1173.33      942.33        0.00
     0     2     1172.00      946.33        0.00
     0     2     1169.33      950.33        0.00
     0     2     1168.00      954.33        0.00
     0     2     1166.67      958.33        0.00
     0     2     1164.00      961.00        0.00
     0     2     1161.33      963.67        0.00
     0     2     1158.67      969.00        0.00
     0     2     1156.00      971.67        0.00
     1     0     1225.00      816.33        0.00
     1     0     1222.33      818.33        0.00
     1     0     1219.00      818.33        0.00
     1     0     1215.67      818.33        0.00
     1     0     1212.33      817.67        0.00
     1     0     1210.33      815.00        0.00
     1     0     1209.67      811.67        0.00
     1     0     1209.00      807.67        0.00
     1     0     1209.67      804.33        0.00
     1     0     1211.67      801.00        0.00
     1     0     1213.67      798.33        0.00
     1     0     1215.67      795.67        0.00
     1     0     1218.33      793.67        0.00
     1     0     1221.67      792.33        0.00
     1     0     1225.67      791.67        0.00
     1     0     1229.00      791.67        0.00
     1     0     1232.33      791.67        0.00
     1     0     1235.67      793.00        0.00
     1     0     1237.00      796.33        0.00
     1     0     1237.00      799.67        0.00
     1     0     1237.00      803.00        0.00
     1     0     1235.00      805.67        0.00
     1     0     1233.00      808.33        0.00
     1     1      235.33      700.33        0.00
     1     1      232.00      700.33        0.00
     1     1      228.67      701.00        0.00
     1     1      226.67      698.33        0.00
     1     1      224.67      695.67        0.00
     1     1      223.33      692.33        0.00
     1     1      223.33      688.33        0.00
     1     1      223.33      685.00        0.00
     1     1      224.67      681.67        0.00
     1     1      227.33      679.00        0.00
     1     1      230.00      676.33        0.00
     1     1      232.67      674.33        0.00
     1     1      236.00      673.00        0.00
     1     1      239.33      671.67        0.00
     1     1      242.67      672.33        0.00
     1     1      244.67      675.00        0.00
     1     1      246.00      678.33        0.00
     1     1      246.67      681.67        0.00
     1     1      246.67      685.67        0.00
     1     1      246.67      689.00        0.00
     1     1      246.00      692.33        0.00
     1     1      244.00      695.67        0.00
     1     2      270.00      676.33        0.00
     1     2      265.33      677.00        0.00
     1     2      262.00      677.00        0.00
     1     2      258.67      675.00        0.00
     1     2      258.00      671.67        0.00
     1     2      258.00      667.67        0.00
     1     2      259.33      664.33        0.00
     1     2      261.33      661.67        0.00
     1     2      262.67      658.33        0.00
     1     2      265.33      655.00        0.00
     1     2      268.00      653.00        0.00
     1     2      272.00      651.67        0.00
     1     2      276.00      651.67        0.00
     1     2      279.33      651.00        0.00
     1     2      282.67      651.00        0.00
     1     2      285.33      653.00        0.00
     1     2      286.00      656.33        0.00
     1     2      286.67      660.33        0.00
     1     2      287.33      664.33        0.00
     1     2      287.33      667.67        0.00
     1     2      287.33      671.00        0.00
     1     2      285.33      673.67        0.00
     1     2      282.00      675.00        0.00
     1     3      428.67      575.33        0.00
     1     3      425.33      576.67        0.00
     1     3      422.00      576.67        0.00
     1     3      419.33      574.67        0.00
     1     3      418.00      570.67        0.00
     1     3      418.00      567.33        0.00
     1     3      419.33      564.00        0.00
     1     3      421.33      560.67        0.00
     1     3      424.00      558.00        0.00
     1     3      426.67      555.33        0.00
     1     3      430.00      554.00        0.00
     1     3      433.33      553.33        0.00
     1     3      436.67      552.67        0.00
     1     3      440.00      552.67        0.00
     1     3      442.67      554.67        0.00
     1     3      442.00      558.00        0.00
     1     3      440.67      561.33        0.00
     1     3      438.67      564.00        0.00
     1     4      466.00      544.67        0.00
     1     4      463.33      546.67        0.00
     1     4      460.00      548.67        0.00
     1     4      456.67      548.67        0.00
     1     4      454.00      546.67        0.00
     1     4      452.67      543.33        0.00
     1     4      452.00      540.00        0.00
     1     4      452.00      536.67        0.00
     1     4      453.33      533.33        0.00
     1     4      455.33      530.67        0.00
     1     4      458.67      528.67        0.00
     1     4      462.00      527.33        0.00
     1     4      465.33      526.67        0.00
     1     4      468.67      526.00        0.00
     1     4      472.00      526.00        0.00
     1     4      475.33      526.00        0.00
     1     4      478.00      528.00        0.00
     1     4      478.67      531.33        0.00
     1     4      476.67      534.67        0.00
     1     4      474.00      537.33        0.00
     1     5      506.67      527.33        0.00
     1     5      501.33      530.00        0.00
     1     5      497.33      530.67        0.00
     1     5      494.00      530.67        0.00
     1     5      491.33      528.67        0.00
     1     5      490.67      525.33        0.00
     1     5      490.00      522.00        0.00
     1     5      491.33      518.67        0.00
     1     5      493.33      515.33        0.00
     1     5      496.00      513.33        0.00
     1     5      499.33      511.33        0.00
     1     5      502.67      510.00        0.00
     1     5      506.00      508.67        0.00
     1     5      509.33      508.00        0.00
     1     5      512.67      507.33        0.00
     1     5      516.00      508.00        0.00
     1     5      518.00      510.67        0.00
     1     5      518.67      514.00        0.00
     1     5      518.67      517.33        0.00
     1     5      517.33      520.67        0.00
     1     5      514.00      521.33        0.00
     1     6      535.33      510.00        0.00
     1     6      531.33      512.00        0.00
     1     6      528.00      512.00        0.00
     1     6      525.33      509.33        0.00
     1     6      524.00      506.00        0.00
     1     6      524.00      502.67        0.00
     1     6      524.00      499.33        0.00
     1     6      525.33      496.00        0.00
     1     6      528.00      494.00        0.00
     1     6      530.67      492.00        0.00
     1     6      534.67      490.67        0.00
     1     6      538.00      490.00        0.00
     1     6      541.33      490.00        0.00
     1     6      544.00      492.00        0.00
     1     6      544.00      495.33        0.00
     1     6      544.00      498.67        0.00
     1     7      595.33      478.00        0.00
     1     7      592.67      480.00        0.00
     1     7      589.33      480.67        0.00
     1     7      586.67      478.67        0.00
     1     7      584.67      476.00        0.00
     1     7      584.00      472.00        0.00
     1     7      584.00      468.67        0.00
     1     7      584.00      465.33        0.00
     1     7      586.00      462.67        0.00
     1     7      588.67      460.00        0.00
     1     7      592.67      458.67        0.00
     1     7      596.00      458.00        0.00
     1     7      599.33      458.67        0.00
     1     7      602.00      460.67        0.00
     1     7      604.00      464.00        0.00
     1     7      604.00      467.33        0.00
     1     7      604.00      470.67        0.00
     1     8      629.33      453.33        0.00
     1     8      625.33      456.67        0.00
     1     8      621.33      458.00        0.00
     1     8      617.33      458.67        0.00
     1     8      614.00      458.67        0.00
     1     8      610.67      458.00        0.00
     1     8      608.67      455.33        0.00
     1     8      608.00      451.33        0.00
     1     8      610.00      448.67        0.00
     1     8      612.67      446.00        0.00
     1     8      615.33      444.00        0.00
     1     8      618.00      442.00        0.00
     1     8      621.33      440.00        0.00
     1     8      624.67      438.00        0.00
     1     8      628.00      436.00        0.00
     1     8      630.67      434.00        0.00
     1     8      634.00      434.00        0.00
     1     8      636.67      436.00        0.00
     1     8      640.00      438.00        0.00
     1     8      640.67      441.33        0.00
     1     8      640.00      444.67        0.00
     1     8      637.33      448.00        0.00
     1     9      717.33      395.67        0.00
     1     9      714.00      397.00        0.00
     1     9      710.00      398.33        0.00
     1     9      706.67      399.00        0.00
     1     9      703.33      399.00        0.00
     1     9      700.00      399.00        0.00
     1     9      696.67      397.00        0.00
     1     9      694.00      394.33        0.00
     1     9      693.33      389.67        0.00
     1     9      693.33      386.33        0.00
     1     9      695.33      383.00        0.00
     1     9      696.67      379.67        0.00
     1     9      698.67      376.33        0.00
     1     9      702.00      374.33        0.00
     1     9      705.33      373.67        0.00
     1     9      708.67      372.33        0.00
     1     9      712.00      372.33        0.00
     1     9      716.00      372.33        0.00
     1     9      719.33      373.67        0.00
     1     9      722.00      375.67        0.00
     1     9      723.33      379.67        0.00
     1     9      724.67      383.00        0.00
     1     9      724.67      386.33        0.00
     1    10      858.67      487.67        0.00
     1    10      855.33      487.00        0.00
     1    10      852.00      485.00        0.00
     1    10      850.00      481.00        0.00
     1    10      849.33      477.00        0.00
     1    10      849.33      473.00        0.00
     1    10      850.00      469.67        0.00
     1    10      850.67      466.33        0.00
     1    10      852.00      463.00        0.00
     1    10      854.00      460.33        0.00
     1    10      857.33      459.67        0.00
     1    10      860.00      461.67        0.00
     1    10      862.00      465.67        0.00
     1    10      863.33      469.67        0.00
     1    10      863.33      473.00        0.00
     1    10      864.00      477.00        0.00
     1    11      640.33      151.33        0.00
     1    11      637.00      152.00        0.00
     1    11      633.67      152.00        0.00
     1    11      629.67      150.00        0.00
     1    11      626.33      148.67        0.00
     1    11      622.33      146.67        0.00
     1    11      619.00      144.00        0.00
     1    11      616.33      141.33        0.00
     1    11      613.67      139.33        0.00
     1    11      610.33      136.67        0.00
     1    11      607.67      134.00        0.00
     1    11      605.00      130.67        0.00
     1    11      604.33      127.33        0.00
     1    11      603.00      123.33        0.00
     1    11      603.00      119.33        0.00
     1    11      603.00      114.67        0.00
     1    11      603.00      111.33        0.00
     1    11      605.67      108.00        0.00
     1    11      609.00      105.33        0.00
     1    11      613.67      102.67        0.00
     1    11      617.67      102.00        0.00
     1    11      621.00      101.33        0.00
     1    11      625.00      101.33        0.00
     1    11      629.00      101.33        0.00
     1    11      633.00      100.67        0.00
     1    11      636.33      100.67        0.00
     1    11      640.33      101.33        0.00
     1    11      644.33      102.67        0.00
     1    11      647.00      104.67        0.00
     1    11      649.67      106.67        0.00
     1    11      653.00      109.33        0.00
     1    11      655.00      112.00        0.00
     1    11      656.33      115.33        0.00
     1    11      656.33      118.67        0.00
     1    11      657.67      122.67        0.00
     1    11      657.67      126.00        0.00
     1    11      658.33      129.33        0.00
     1    11      658.33      132.67        0.00
     1    11      658.33      136.00        0.00
     1    11      657.67      139.33        0.00
     1    11      656.33      142.67        0.00
     1    11      654.33      145.33        0.00
     1    11      651.00      146.00        0.00
     1    12      937.33      199.67        0.00
     1    12      930.00      199.00        0.00
     1    12      927.33      197.00        0.00
     1    12      924.00      193.67        0.00
     1    12      922.00      191.00        0.00
     1    12      920.67      187.67        0.00
     1    12      921.33      184.33        0.00
     1    12      923.33      181.67        0.00
     1    12      925.33      179.00        0.00
     1    12      928.00      177.00        0.00
     1    12      930.67      174.33        0.00
     1    12      934.00      173.00        0.00
     1    12      937.33      171.67        0.00
     1    12      940.67      171.67        0.00
     1    12      944.00      173.00        0.00
     1    12      946.67      175.00        0.00
     1    12      948.67      178.33        0.00
     1    12      949.33      181.67        0.00
     1    12      949.33      185.00        0.00
     1    12      949.33      188.33        0.00
     1    12      948.00      191.67        0.00
     1    12      946.67      195.00        0.00
     1    12      944.67      198.33        0.00
     1    12      941.33      198.33        0.00
     1    13      898.67      258.33        0.00
     1    13      895.33      258.33        0.00
     1    13      892.00      259.67        0.00
     1    13      888.67      259.00        0.00
     1    13      885.33      258.33        0.00
     1    13      882.00      257.67        0.00
     1    13      878.67      256.33        0.00
     1    13      876.00      253.00        0.00
     1    13      876.00      249.67        0.00
     1    13      877.33      246.33        0.00
     1    13      880.67      244.33        0.00
     1    13      883.33      241.67        0.00
     1    13      886.67      241.00        0.00
     1    13      890.00      239.00        0.00
     1    13      893.33      239.00        0.00
     1    13      896.67      239.00        0.00
     1    13      900.00      239.67        0.00
     1    13      902.67      241.67        0.00
     1    13      904.67      245.00        0.00
     1    13      905.33      248.33        0.00
     1    13      906.00      251.67        0.00
