     0     0      736.00      892.33        0.00
     0     0      722.67      881.67        0.00
     0     0      720.00      879.00        0.00
     0     0      717.33      876.33        0.00
     0     0      714.67      873.67        0.00
     0     0      710.67      872.33        0.00
     0     0      706.67      869.67        0.00
     0     0      702.67      868.33        0.00
     0     0      698.67      865.67        0.00
     0     0      694.67      863.00        0.00
     0     0      692.00      860.33        0.00
     0     0      688.00      856.33        0.00
     0     0      685.33      852.33        0.00
     0     0      682.67      849.67        0.00
     0     0      680.00      847.00        0.00
     0     0      677.33      843.00        0.00
     0     0      674.67      840.33        0.00
     0     0      673.33      836.33        0.00
     0     0      672.00      832.33        0.00
     0     0      669.33      828.33        0.00
     0     0      669.33      824.33        0.00
     0     0      668.00      820.33        0.00
     0     0      668.00      815.00        0.00
     0     0      666.67      809.67        0.00
     0     0      666.67      805.67        0.00
     0     0      666.67      800.33        0.00
     0     0      665.33      796.33        0.00
     0     0      664.00      792.33        0.00
     0     0      664.00      788.33        0.00
     0     0      662.67      784.33        0.00
     0     0      661.33      780.33        0.00
     0     0      661.33      776.33        0.00
     0     0      661.33      772.33        0.00
     0     0      661.33      768.33        0.00
     0     0      661.33      764.33        0.00
     0     0      664.00      761.67        0.00
     0     0      665.33      757.67        0.00
     0     0      668.00      753.67        0.00
     0     0      670.67      751.00        0.00
     0     0      673.33      748.33        0.00
     0     0      676.00      745.67        0.00
     0     0      680.00      743.00        0.00
     0     0      682.67      740.33        0.00
     0     0      688.00      739.00        0.00
     0     0      692.00      736.33        0.00
     0     0      696.00      735.00        0.00
     0     0      700.00      733.67        0.00
     0     0      705.33      732.33        0.00
     0     0      709.33      729.67        0.00
     0     0      712.00      727.00        0.00
     0     0      716.00      725.67        0.00
     0     0      718.67      723.00        0.00
     0     0      722.67      721.67        0.00
     0     0      726.67      720.33        0.00
     0     0      730.67      719.00        0.00
     0     0      734.67      717.67        0.00
     0     0      738.67      717.67        0.00
     0     0      742.67      716.33        0.00
     0     0      746.67      715.00        0.00
     0     0      752.00      713.67        0.00
     0     0      756.00      713.67        0.00
     0     0      760.00      713.67        0.00
     0     0      764.00      713.67        0.00
     0     0      770.67      713.67        0.00
     0     0      776.00      713.67        0.00
     0     0      780.00      713.67        0.00
     0     0      784.00      713.67        0.00
     0     0      788.00      713.67        0.00
     0     0      792.00      713.67        0.00
     0     0      796.00      715.00        0.00
     0     0      800.00      715.00        0.00
     0     0      805.33      715.00        0.00
     0     0      809.33      716.33        0.00
     0     0      813.33      716.33        0.00
     0     0      818.67      717.67        0.00
     0     0      822.67      719.00        0.00
     0     0      826.67      719.00        0.00
     0     0      829.33      721.67        0.00
     0     0      833.33      723.00        0.00
     0     0      837.33      724.33        0.00
     0     0      840.00      727.00        0.00
     0     0      844.00      728.33        0.00
     0     0      846.67      731.00        0.00
     0     0      850.67      733.67        0.00
     0     0      853.33      736.33        0.00
     0     0      857.33      739.00        0.00
     0     0      860.00      741.67        0.00
     0     0      862.67      744.33        0.00
     0     0      865.33      747.00        0.00
     0     0      868.00      749.67        0.00
     0     0      870.67      753.67        0.00
     0     0      873.33      757.67        0.00
     0     0      876.00      760.33        0.00
     0     0      877.33      764.33        0.00
     0     0      880.00      767.00        0.00
     0     0      881.33      771.00        0.00
     0     0      882.67      775.00        0.00
     0     0      882.67      779.00        0.00
     0     0      885.33      783.00        0.00
     0     0      885.33      787.00        0.00
     0     0      886.67      792.33        0.00
     0     0      886.67      796.33        0.00
     0     0      888.00      800.33        0.00
     0     0      888.00      804.33        0.00
     0     0      888.00      808.33        0.00
     0     0      888.00      812.33        0.00
     0     0      886.67      816.33        0.00
     0     0      885.33      820.33        0.00
     0     0      884.00      824.33        0.00
     0     0      882.67      828.33        0.00
     0     0      882.67      832.33        0.00
     0     0      882.67      836.33        0.00
     0     0      881.33      840.33        0.00
     0     0      878.67      843.00        0.00
     0     0      876.00      845.67        0.00
     0     0      874.67      849.67        0.00
     0     0      872.00      853.67        0.00
     0     0      870.67      857.67        0.00
     0     0      869.33      861.67        0.00
     0     0      866.67      865.67        0.00
     0     0      864.00      868.33        0.00
     0     0      862.67      872.33        0.00
     0     0      860.00      876.33        0.00
     0     0      858.67      880.33        0.00
     0     0      856.00      883.00        0.00
     0     0      852.00      885.67        0.00
     0     0      849.33      888.33        0.00
     0     0      846.67      891.00        0.00
     0     0      842.67      892.33        0.00
     0     0      838.67      895.00        0.00
     0     0      834.67      896.33        0.00
     0     0      830.67      899.00        0.00
     0     0      826.67      900.33        0.00
     0     0      822.67      901.67        0.00
     0     0      818.67      901.67        0.00
     0     0      814.67      903.00        0.00
     0     0      810.67      903.00        0.00
     0     0      806.67      903.00        0.00
     0     0      802.67      903.00        0.00
     0     0      798.67      904.33        0.00
     0     0      794.67      905.67        0.00
     0     0      789.33      905.67        0.00
     0     0      785.33      905.67        0.00
     0     0      781.33      904.33        0.00
     0     0      777.33      904.33        0.00
     0     0      773.33      903.00        0.00
     0     0      769.33      901.67        0.00
     0     0      765.33      901.67        0.00
     0     0      761.33      901.67        0.00
     0     0      757.33      901.67        0.00
     0     0      754.67      899.00        0.00
     0     1      573.33      767.00        0.00
     0     1      569.33      767.00        0.00
     0     1      565.33      765.67        0.00
     0     1      562.67      763.00        0.00
     0     1      558.67      761.67        0.00
     0     1      553.33      760.33        0.00
     0     1      549.33      759.00        0.00
     0     1      545.33      757.67        0.00
     0     1      541.33      755.00        0.00
     0     1      537.33      753.67        0.00
     0     1      533.33      752.33        0.00
     0     1      529.33      751.00        0.00
     0     1      525.33      749.67        0.00
     0     1      521.33      748.33        0.00
     0     1      517.33      747.00        0.00
     0     1      513.33      745.67        0.00
     0     1      510.67      743.00        0.00
     0     1      508.00      740.33        0.00
     0     1      505.33      737.67        0.00
     0     1      502.67      735.00        0.00
     0     1      498.67      733.67        0.00
     0     1      496.00      729.67        0.00
     0     1      493.33      727.00        0.00
     0     1      490.67      723.00        0.00
     0     1      488.00      720.33        0.00
     0     1      485.33      716.33        0.00
     0     1      482.67      713.67        0.00
     0     1      480.00      709.67        0.00
     0     1      478.67      705.67        0.00
     0     1      477.33      701.67        0.00
     0     1      477.33      697.67        0.00
     0     1      476.00      693.67        0.00
     0     1      474.67      689.67        0.00
     0     1      474.67      685.67        0.00
     0     1      473.33      680.33        0.00
     0     1      472.00      676.33        0.00
     0     1      472.00      672.33        0.00
     0     1      472.00      668.33        0.00
     0     1      472.00      664.33        0.00
     0     1      472.00      660.33        0.00
     0     1      472.00      656.33        0.00
     0     1      473.33      652.33        0.00
     0     1      474.67      648.33        0.00
     0     1      474.67      644.33        0.00
     0     1      476.00      640.33        0.00
     0     1      476.00      636.33        0.00
     0     1      476.00      632.33        0.00
     0     1      474.67      628.33        0.00
     0     1      474.67      624.33        0.00
     0     1      474.67      620.33        0.00
     0     1      474.67      615.00        0.00
     0     1      474.67      611.00        0.00
     0     1      473.33      607.00        0.00
     0     1      472.00      603.00        0.00
     0     1      470.67      599.00        0.00
     0     1      469.33      595.00        0.00
     0     1      468.00      591.00        0.00
     0     1      468.00      587.00        0.00
     0     1      466.67      583.00        0.00
     0     1      466.67      579.00        0.00
     0     1      465.33      575.00        0.00
     0     1      465.33      571.00        0.00
     0     1      464.00      567.00        0.00
     0     1      464.00      563.00        0.00
     0     1      462.67      559.00        0.00
     0     1      461.33      555.00        0.00
     0     1      460.00      551.00        0.00
     0     1      458.67      547.00        0.00
     0     1      457.33      543.00        0.00
     0     1      456.00      539.00        0.00
     0     1      454.67      535.00        0.00
     0     1      453.33      531.00        0.00
     0     1      453.33      527.00        0.00
     0     1      450.67      521.67        0.00
     0     1      449.33      517.67        0.00
     0     1      448.00      513.67        0.00
     0     1      445.33      508.33        0.00
     0     1      444.00      504.33        0.00
     0     1      442.67      500.33        0.00
     0     1      441.33      496.33        0.00
     0     1      440.00      492.33        0.00
     0     1      438.67      488.33        0.00
     0     1      437.33      484.33        0.00
     0     1      436.00      480.33        0.00
     0     1      434.67      476.33        0.00
     0     1      433.33      472.33        0.00
     0     1      432.00      467.00        0.00
     0     1      430.67      463.00        0.00
     0     1      429.33      457.67        0.00
     0     1      429.33      453.67        0.00
     0     1      429.33      449.67        0.00
     0     1      429.33      445.67        0.00
     0     1      429.33      441.67        0.00
     0     1      429.33      437.67        0.00
     0     1      430.67      433.67        0.00
     0     1      430.67      429.67        0.00
     0     1      432.00      425.67        0.00
     0     1      432.00      421.67        0.00
     0     1      433.33      417.67        0.00
     0     1      434.67      412.33        0.00
     0     1      436.00      407.00        0.00
     0     1      437.33      403.00        0.00
     0     1      448.00      379.00        0.00
     0     1      450.67      373.67        0.00
     0     1      454.67      372.33        0.00
     0     1      457.33      368.33        0.00
     0     1      461.33      364.33        0.00
     0     1      465.33      360.33        0.00
     0     1      469.33      359.00        0.00
     0     1      472.00      356.33        0.00
     0     1      476.00      353.67        0.00
     0     1      478.67      351.00        0.00
     0     1      482.67      348.33        0.00
     0     1      486.67      345.67        0.00
     0     1      489.33      343.00        0.00
     0     1      493.33      341.67        0.00
     0     1      497.33      340.33        0.00
     0     1      501.33      337.67        0.00
     0     1      505.33      336.33        0.00
     0     1      509.33      335.00        0.00
     0     1      513.33      333.67        0.00
     0     1      518.67      333.67        0.00
     0     1      522.67      333.67        0.00
     0     1      528.00      333.67        0.00
     0     1      532.00      333.67        0.00
     0     1      536.00      333.67        0.00
     0     1      541.33      333.67        0.00
     0     1      545.33      333.67        0.00
     0     1      550.67      333.67        0.00
     0     1      554.67      333.67        0.00
     0     1      558.67      333.67        0.00
     0     1      562.67      333.67        0.00
     0     1      566.67      333.67        0.00
     0     1      573.33      332.33        0.00
     0     1      577.33      332.33        0.00
     0     1      581.33      331.00        0.00
     0     1      588.00      331.00        0.00
     0     1      592.00      329.67        0.00
     0     1      596.00      329.67        0.00
     0     1      600.00      329.67        0.00
     0     1      605.33      329.67        0.00
     0     1      609.33      329.67        0.00
     0     1      613.33      329.67        0.00
     0     1      617.33      328.33        0.00
     0     1      621.33      328.33        0.00
     0     1      625.33      328.33        0.00
     0     1      629.33      328.33        0.00
     0     1      634.67      328.33        0.00
     0     1      640.00      328.33        0.00
     0     1      644.00      328.33        0.00
     0     1      649.33      328.33        0.00
     0     1      653.33      328.33        0.00
     0     1      657.33      328.33        0.00
     0     1      662.67      329.67        0.00
     0     1      668.00      329.67        0.00
     0     1      672.00      329.67        0.00
     0     1      678.67      331.00        0.00
     0     1      684.00      331.00        0.00
     0     1      690.67      331.00        0.00
     0     1      696.00      332.33        0.00
     0     1      700.00      332.33        0.00
     0     1      706.67      333.67        0.00
     0     1      710.67      335.00        0.00
     0     1      714.67      335.00        0.00
     0     1      718.67      336.33        0.00
     0     1      724.00      336.33        0.00
     0     1      728.00      337.67        0.00
     0     1      732.00      339.00        0.00
     0     1      737.33      340.33        0.00
     0     1      741.33      341.67        0.00
     0     1      746.67      344.33        0.00
     0     1      752.00      345.67        0.00
     0     1      757.33      347.00        0.00
     0     1      761.33      348.33        0.00
     0     1      765.33      349.67        0.00
     0     1      769.33      352.33        0.00
     0     1      774.67      355.00        0.00
     0     1      778.67      355.00        0.00
     0     1      782.67      357.67        0.00
     0     1      786.67      359.00        0.00
     0     1      790.67      360.33        0.00
     0     1      794.67      361.67        0.00
     0     1      798.67      361.67        0.00
     0     1      805.33      363.00        0.00
     0     1      809.33      364.33        0.00
     0     1      814.67      365.67        0.00
     0     1      818.67      367.00        0.00
     0     1      822.67      368.33        0.00
     0     1      826.67      369.67        0.00
     0     1      832.00      371.00        0.00
     0     1      836.00      373.67        0.00
     0     1      840.00      375.00        0.00
     0     1      844.00      377.67        0.00
     0     1      848.00      380.33        0.00
     0     1      853.33      381.67        0.00
     0     1      857.33      383.00        0.00
     0     1      860.00      385.67        0.00
     0     1      862.67      388.33        0.00
     0     1      866.67      389.67        0.00
     0     1      870.67      392.33        0.00
     0     1      873.33      396.33        0.00
     0     1      877.33      399.00        0.00
     0     1      881.33      401.67        0.00
     0     1      884.00      404.33        0.00
     0     1      888.00      407.00        0.00
     0     1      892.00      409.67        0.00
     0     1      894.67      412.33        0.00
     0     1      897.33      415.00        0.00
     0     1      901.33      419.00        0.00
     0     1      905.33      421.67        0.00
     0     1      908.00      424.33        0.00
     0     1      910.67      427.00        0.00
     0     1      914.67      429.67        0.00
     0     1      918.67      432.33        0.00
     0     1      922.67      436.33        0.00
     0     1      926.67      440.33        0.00
     0     1      930.67      444.33        0.00
     0     1      933.33      447.00        0.00
     0     1      936.00      449.67        0.00
     0     1      938.67      453.67        0.00
     0     1      941.33      456.33        0.00
     0     1      944.00      460.33        0.00
     0     1      945.33      464.33        0.00
     0     1      949.33      469.67        0.00
     0     1      952.00      472.33        0.00
     0     1      954.67      475.00        0.00
     0     1      957.33      477.67        0.00
     0     1      960.00      481.67        0.00
     0     1      962.67      484.33        0.00
     0     1      965.33      488.33        0.00
     0     1      968.00      491.00        0.00
     0     1      969.33      495.00        0.00
     0     1      972.00      499.00        0.00
     0     1      974.67      501.67        0.00
     0     1      976.00      505.67        0.00
     0     1      978.67      509.67        0.00
     0     1      981.33      513.67        0.00
     0     1      984.00      517.67        0.00
     0     1      986.67      521.67        0.00
     0     1      988.00      527.00        0.00
     0     1      988.00      531.00        0.00
     0     1      988.00      535.00        0.00
     0     1      988.00      539.00        0.00
     0     1      986.67      543.00        0.00
     0     1      985.33      547.00        0.00
     0     1      984.00      551.00        0.00
     0     1      982.67      555.00        0.00
     0     1      980.00      557.67        0.00
     0     1      978.67      561.67        0.00
     0     1      977.33      565.67        0.00
     0     1      974.67      568.33        0.00
     0     1      972.00      572.33        0.00
     0     1      969.33      576.33        0.00
     0     1      965.33      579.00        0.00
     0     1      961.33      580.33        0.00
     0     1      958.67      583.00        0.00
     0     1      956.00      585.67        0.00
     0     1      950.67      587.00        0.00
     0     1      946.67      588.33        0.00
     0     1      941.33      588.33        0.00
     0     1      937.33      589.67        0.00
     0     1      933.33      589.67        0.00
     0     1      929.33      589.67        0.00
     0     1      925.33      589.67        0.00
     0     1      920.00      588.33        0.00
     0     1      916.00      587.00        0.00
     0     1      912.00      585.67        0.00
     0     1      906.67      585.67        0.00
     0     1      902.67      584.33        0.00
     0     1      900.00      581.67        0.00
     0     1      896.00      581.67        0.00
     0     1      892.00      580.33        0.00
     0     1      889.33      577.67        0.00
     0     1      885.33      576.33        0.00
     0     1      881.33      575.00        0.00
     0     1      877.33      572.33        0.00
     0     1      873.33      571.00        0.00
     0     1      869.33      568.33        0.00
     0     1      865.33      567.00        0.00
     0     1      861.33      564.33        0.00
     0     1      857.33      561.67        0.00
     0     1      853.33      559.00        0.00
     0     1      848.00      556.33        0.00
     0     1      842.67      555.00        0.00
     0     1      838.67      552.33        0.00
     0     1      834.67      551.00        0.00
     0     1      830.67      548.33        0.00
     0     1      828.00      545.67        0.00
     0     1      824.00      544.33        0.00
     0     1      821.33      541.67        0.00
     0     1      818.67      539.00        0.00
     0     1      813.33      537.67        0.00
     0     1      808.00      535.00        0.00
     0     1      805.33      532.33        0.00
     0     1      801.33      531.00        0.00
     0     1      797.33      529.67        0.00
     0     1      794.67      527.00        0.00
     0     1      789.33      525.67        0.00
     0     1      785.33      524.33        0.00
     0     1      781.33      524.33        0.00
     0     1      776.00      523.00        0.00
     0     1      772.00      523.00        0.00
     0     1      766.67      523.00        0.00
     0     1      762.67      523.00        0.00
     0     1      758.67      523.00        0.00
     0     1      754.67      523.00        0.00
     0     1      750.67      524.33        0.00
     0     1      746.67      525.67        0.00
     0     1      742.67      527.00        0.00
     0     1      738.67      529.67        0.00
     0     1      734.67      532.33        0.00
     0     1      732.00      535.00        0.00
     0     1      728.00      537.67        0.00
     0     1      724.00      540.33        0.00
     0     1      721.33      544.33        0.00
     0     1      718.67      547.00        0.00
     0     1      716.00      549.67        0.00
     0     1      713.33      553.67        0.00
     0     1      708.00      556.33        0.00
     0     1      705.33      559.00        0.00
     0     1      702.67      561.67        0.00
     0     1      701.33      565.67        0.00
     0     1      701.33      571.00        0.00
     0     1      700.00      576.33        0.00
     0     1      698.67      580.33        0.00
     0     1      697.33      585.67        0.00
     0     1      696.00      589.67        0.00
     0     1      694.67      593.67        0.00
     0     1      693.33      597.67        0.00
     0     1      693.33      601.67        0.00
     0     1      692.00      605.67        0.00
     0     1      692.00      611.00        0.00
     0     1      690.67      615.00        0.00
     0     1      690.67      619.00        0.00
     0     1      690.67      623.00        0.00
     0     1      692.00      627.00        0.00
     0     1      692.00      631.00        0.00
     0     1      690.67      635.00        0.00
     0     1      690.67      639.00        0.00
     0     1      690.67      643.00        0.00
     0     1      690.67      647.00        0.00
     0     1      689.33      651.00        0.00
     0     1      688.00      655.00        0.00
     0     1      686.67      659.00        0.00
     0     1      685.33      663.00        0.00
     0     1      682.67      667.00        0.00
     0     1      681.33      671.00        0.00
     0     1      680.00      675.00        0.00
     0     1      680.00      679.00        0.00
     0     1      680.00      683.00        0.00
     0     1      680.00      687.00        0.00
     0     1      678.67      711.00        0.00
     0     1      678.67      716.33        0.00
     0     1      677.33      720.33        0.00
     0     1      676.00      725.67        0.00
     0     1      672.00      728.33        0.00
     0     1      669.33      731.00        0.00
     0     1      666.67      733.67        0.00
     0     1      664.00      736.33        0.00
     0     1      660.00      737.67        0.00
     0     1      657.33      740.33        0.00
     0     1      654.67      743.00        0.00
     0     1      650.67      745.67        0.00
     0     1      646.67      748.33        0.00
     0     1      642.67      751.00        0.00
     0     1      640.00      753.67        0.00
     0     1      634.67      756.33        0.00
     0     1      632.00      759.00        0.00
     0     1      628.00      760.33        0.00
     0     1      625.33      763.00        0.00
     0     1      621.33      765.67        0.00
     0     1      617.33      767.00        0.00
     0     1      613.33      767.00        0.00
     0     1      609.33      768.33        0.00
     0     1      605.33      768.33        0.00
     0     1      601.33      769.67        0.00
     0     1      597.33      769.67        0.00
     0     1      593.33      771.00        0.00
     0     1      589.33      771.00        0.00
     0     1      585.33      771.00        0.00
     0     2       85.33      408.00        0.00
     0     2       81.33      408.00        0.00
     0     2       77.33      405.33        0.00
     0     2       74.67      402.67        0.00
     0     2       72.00      400.00        0.00
     0     2       69.33      396.00        0.00
     0     2       66.67      392.00        0.00
     0     2       65.33      388.00        0.00
     0     2       64.00      384.00        0.00
     0     2       62.67      380.00        0.00
     0     2       62.67      376.00        0.00
     0     2       61.33      370.67        0.00
     0     2       60.00      366.67        0.00
     0     2       60.00      362.67        0.00
     0     2       60.00      358.67        0.00
     0     2       58.67      354.67        0.00
     0     2       58.67      350.67        0.00
     0     2       57.33      346.67        0.00
     0     2       57.33      342.67        0.00
     0     2       57.33      338.67        0.00
     0     2       56.00      334.67        0.00
     0     2       56.00      330.67        0.00
     0     2       56.00      326.67        0.00
     0     2       56.00      322.67        0.00
     0     2       56.00      318.67        0.00
     0     2       56.00      314.67        0.00
     0     2       56.00      310.67        0.00
     0     2       56.00      306.67        0.00
     0     2       57.33      302.67        0.00
     0     2       58.67      298.67        0.00
     0     2       58.67      294.67        0.00
     0     2       60.00      290.67        0.00
     0     2       61.33      286.67        0.00
     0     2       62.67      282.67        0.00
     0     2       64.00      278.67        0.00
     0     2       64.00      274.67        0.00
     0     2       66.67      270.67        0.00
     0     2       68.00      266.67        0.00
     0     2       69.33      262.67        0.00
     0     2       70.67      258.67        0.00
     0     2       73.33      254.67        0.00
     0     2       74.67      250.67        0.00
     0     2       77.33      248.00        0.00
     0     2       81.33      245.33        0.00
     0     2       85.33      244.00        0.00
     0     2       89.33      244.00        0.00
     0     2       93.33      244.00        0.00
     0     2       97.33      244.00        0.00
     0     2      101.33      244.00        0.00
     0     2      105.33      245.33        0.00
     0     2      109.33      246.67        0.00
     0     2      113.33      248.00        0.00
     0     2      117.33      249.33        0.00
     0     2      122.67      250.67        0.00
     0     2      126.67      252.00        0.00
     0     2      130.67      253.33        0.00
     0     2      134.67      254.67        0.00
     0     2      138.67      257.33        0.00
     0     2      142.67      258.67        0.00
     0     2      148.00      261.33        0.00
     0     2      152.00      262.67        0.00
     0     2      156.00      264.00        0.00
     0     2      160.00      266.67        0.00
     0     2      164.00      268.00        0.00
     0     2      169.33      270.67        0.00
     0     2      173.33      273.33        0.00
     0     2      177.33      276.00        0.00
     0     2      182.67      277.33        0.00
     0     2      186.67      280.00        0.00
     0     2      190.67      281.33        0.00
     0     2      194.67      284.00        0.00
     0     2      200.00      285.33        0.00
     0     2      204.00      288.00        0.00
     0     2      208.00      289.33        0.00
     0     2      212.00      292.00        0.00
     0     2      216.00      293.33        0.00
     0     2      220.00      294.67        0.00
     0     2      224.00      296.00        0.00
     0     2      229.33      297.33        0.00
     0     2      233.33      298.67        0.00
     0     2      237.33      301.33        0.00
     0     2      242.67      304.00        0.00
     0     2      246.67      305.33        0.00
     0     2      249.33      308.00        0.00
     0     2      253.33      309.33        0.00
     0     2      257.33      310.67        0.00
     0     2      261.33      313.33        0.00
     0     2      266.67      316.00        0.00
     0     2      270.67      318.67        0.00
     0     2      273.33      321.33        0.00
     0     2      276.00      324.00        0.00
     0     2      278.67      326.67        0.00
     0     2      281.33      329.33        0.00
     0     2      282.67      333.33        0.00
     0     2      285.33      336.00        0.00
     0     2      288.00      338.67        0.00
     0     2      292.00      340.00        0.00
     0     2      294.67      342.67        0.00
     0     2      298.67      345.33        0.00
     0     2      302.67      346.67        0.00
     0     2      306.67      348.00        0.00
     0     2      310.67      349.33        0.00
     0     2      316.00      350.67        0.00
     0     2      320.00      353.33        0.00
     0     2      324.00      354.67        0.00
     0     2      329.33      357.33        0.00
     0     2      333.33      358.67        0.00
     0     2      336.00      361.33        0.00
     0     2      341.33      361.33        0.00
     0     2      345.33      362.67        0.00
     0     2      349.33      364.00        0.00
     0     2      353.33      364.00        0.00
     0     2      357.33      365.33        0.00
     0     2      361.33      366.67        0.00
     0     2      365.33      368.00        0.00
     0     2      370.67      369.33        0.00
     0     2      374.67      370.67        0.00
     0     2      378.67      372.00        0.00
     0     2      382.67      373.33        0.00
     0     2      386.67      374.67        0.00
     0     2      390.67      374.67        0.00
     0     2      394.67      377.33        0.00
     0     2      398.67      378.67        0.00
     0     2      402.67      380.00        0.00
     0     2      406.67      381.33        0.00
     0     2      410.67      382.67        0.00
     0     2      413.33      385.33        0.00
     0     2      417.33      386.67        0.00
     0     2      420.00      389.33        0.00
     0     2      422.67      392.00        0.00
     0     2      424.00      396.00        0.00
     0     2      425.33      400.00        0.00
     0     2      425.33      404.00        0.00
     0     2      426.67      408.00        0.00
     0     2      426.67      412.00        0.00
     0     2      426.67      416.00        0.00
     0     2      426.67      420.00        0.00
     0     2      426.67      424.00        0.00
     0     2      425.33      428.00        0.00
     0     2      424.00      432.00        0.00
     0     2      422.67      436.00        0.00
     0     2      421.33      440.00        0.00
     0     2      418.67      444.00        0.00
     0     2      417.33      448.00        0.00
     0     2      414.67      452.00        0.00
     0     2      412.00      456.00        0.00
     0     2      409.33      458.67        0.00
     0     2      406.67      462.67        0.00
     0     2      402.67      464.00        0.00
     0     2      400.00      468.00        0.00
     0     2      396.00      470.67        0.00
     0     2      392.00      472.00        0.00
     0     2      388.00      473.33        0.00
     0     2      384.00      474.67        0.00
     0     2      380.00      474.67        0.00
     0     2      373.33      476.00        0.00
     0     2      369.33      477.33        0.00
     0     2      364.00      477.33        0.00
     0     2      358.67      477.33        0.00
     0     2      352.00      478.67        0.00
     0     2      348.00      478.67        0.00
     0     2      344.00      478.67        0.00
     0     2      338.67      478.67        0.00
     0     2      334.67      478.67        0.00
     0     2      330.67      478.67        0.00
     0     2      326.67      478.67        0.00
     0     2      322.67      478.67        0.00
     0     2      318.67      478.67        0.00
     0     2      314.67      480.00        0.00
     0     2      310.67      480.00        0.00
     0     2      306.67      480.00        0.00
     0     2      302.67      481.33        0.00
     0     2      298.67      481.33        0.00
     0     2      294.67      481.33        0.00
     0     2      290.67      481.33        0.00
     0     2      285.33      482.67        0.00
     0     2      281.33      484.00        0.00
     0     2      277.33      484.00        0.00
     0     2      272.00      485.33        0.00
     0     2      268.00      485.33        0.00
     0     2      264.00      485.33        0.00
     0     2      260.00      485.33        0.00
     0     2      256.00      485.33        0.00
     0     2      252.00      485.33        0.00
     0     2      248.00      485.33        0.00
     0     2      244.00      484.00        0.00
     0     2      240.00      484.00        0.00
     0     2      236.00      484.00        0.00
     0     2      232.00      484.00        0.00
     0     2      226.67      484.00        0.00
     0     2      221.33      484.00        0.00
     0     2      217.33      482.67        0.00
     0     2      213.33      482.67        0.00
     0     2      209.33      481.33        0.00
     0     2      205.33      481.33        0.00
     0     2      201.33      478.67        0.00
     0     2      196.00      476.00        0.00
     0     2      192.00      474.67        0.00
     0     2      189.33      472.00        0.00
     0     2      184.00      469.33        0.00
     0     2      180.00      466.67        0.00
     0     2      176.00      464.00        0.00
     0     2      172.00      462.67        0.00
     0     2      166.67      461.33        0.00
     0     2      162.67      460.00        0.00
     0     2      158.67      458.67        0.00
     0     2      154.67      457.33        0.00
     0     2      150.67      456.00        0.00
     0     2      146.67      453.33        0.00
     0     2      142.67      450.67        0.00
     0     2      138.67      449.33        0.00
     0     2      136.00      446.67        0.00
     0     2      133.33      444.00        0.00
     0     2      129.33      442.67        0.00
     0     2      125.33      441.33        0.00
     0     2      121.33      438.67        0.00
     0     2      117.33      437.33        0.00
     0     2      112.00      434.67        0.00
     0     2      108.00      432.00        0.00
     0     2      104.00      429.33        0.00
     0     2      101.33      426.67        0.00
     0     2       98.67      424.00        0.00
     0     2       97.33      420.00        0.00
     0     3      429.33      209.33        0.00
     0     3      433.33      212.00        0.00
     0     3      437.33      213.33        0.00
     0     3      440.00      216.00        0.00
     0     3      444.00      218.67        0.00
     0     3      448.00      220.00        0.00
     0     3      450.67      222.67        0.00
     0     3      454.67      224.00        0.00
     0     3      458.67      226.67        0.00
     0     3      462.67      229.33        0.00
     0     3      466.67      232.00        0.00
     0     3      470.67      234.67        0.00
     0     3      474.67      236.00        0.00
     0     3      477.33      238.67        0.00
     0     3      480.00      241.33        0.00
     0     3      482.67      244.00        0.00
     0     3      485.33      246.67        0.00
     0     3      488.00      250.67        0.00
     0     3      489.33      254.67        0.00
     0     3      492.00      258.67        0.00
     0     3      494.67      261.33        0.00
     0     3      496.00      265.33        0.00
     0     3      498.67      268.00        0.00
     0     3      501.33      272.00        0.00
     0     3      501.33      276.00        0.00
     0     3      502.67      280.00        0.00
     0     3      502.67      284.00        0.00
     0     3      502.67      288.00        0.00
     0     3      502.67      292.00        0.00
     0     3      501.33      296.00        0.00
     0     3      498.67      300.00        0.00
     0     3      496.00      302.67        0.00
     0     3      493.33      305.33        0.00
     0     3      490.67      308.00        0.00
     0     3      490.67      312.00        0.00
     0     3      490.67      316.00        0.00
     0     3      489.33      320.00        0.00
     0     3      486.67      324.00        0.00
     0     3      485.33      328.00        0.00
     0     3      482.67      332.00        0.00
     0     3      480.00      334.67        0.00
     0     3      477.33      337.33        0.00
     0     3      474.67      340.00        0.00
     0     3      468.00      342.67        0.00
     0     3      464.00      345.33        0.00
     0     3      460.00      346.67        0.00
     0     3      454.67      348.00        0.00
     0     3      450.67      348.00        0.00
     0     3      446.67      349.33        0.00
     0     3      442.67      350.67        0.00
     0     3      438.67      350.67        0.00
     0     3      434.67      350.67        0.00
     0     3      430.67      350.67        0.00
     0     3      425.33      350.67        0.00
     0     3      421.33      350.67        0.00
     0     3      414.67      352.00        0.00
     0     3      410.67      352.00        0.00
     0     3      406.67      352.00        0.00
     0     3      401.33      352.00        0.00
     0     3      397.33      352.00        0.00
     0     3      392.00      350.67        0.00
     0     3      386.67      350.67        0.00
     0     3      382.67      350.67        0.00
     0     3      377.33      350.67        0.00
     0     3      373.33      350.67        0.00
     0     3      369.33      349.33        0.00
     0     3      365.33      348.00        0.00
     0     3      360.00      345.33        0.00
     0     3      353.33      344.00        0.00
     0     3      349.33      342.67        0.00
     0     3      345.33      341.33        0.00
     0     3      341.33      340.00        0.00
     0     3      337.33      338.67        0.00
     0     3      332.00      336.00        0.00
     0     3      326.67      333.33        0.00
     0     3      321.33      330.67        0.00
     0     3      318.67      328.00        0.00
     0     3      313.33      325.33        0.00
     0     3      309.33      322.67        0.00
     0     3      304.00      320.00        0.00
     0     3      300.00      317.33        0.00
     0     3      296.00      314.67        0.00
     0     3      292.00      312.00        0.00
     0     3      288.00      310.67        0.00
     0     3      284.00      308.00        0.00
     0     3      280.00      306.67        0.00
     0     3      274.67      305.33        0.00
     0     3      270.67      302.67        0.00
     0     3      266.67      301.33        0.00
     0     3      262.67      298.67        0.00
     0     3      258.67      296.00        0.00
     0     3      254.67      294.67        0.00
     0     3      250.67      292.00        0.00
     0     3      245.33      289.33        0.00
     0     3      241.33      286.67        0.00
     0     3      236.00      284.00        0.00
     0     3      232.00      282.67        0.00
     0     3      228.00      280.00        0.00
     0     3      225.33      277.33        0.00
     0     3      221.33      276.00        0.00
     0     3      218.67      273.33        0.00
     0     3      216.00      270.67        0.00
     0     3      212.00      268.00        0.00
     0     3      208.00      265.33        0.00
     0     3      205.33      261.33        0.00
     0     3      202.67      258.67        0.00
     0     3      200.00      256.00        0.00
     0     3      196.00      254.67        0.00
     0     3      193.33      252.00        0.00
     0     3      189.33      249.33        0.00
     0     3      186.67      246.67        0.00
     0     3      184.00      244.00        0.00
     0     3      181.33      241.33        0.00
     0     3      178.67      238.67        0.00
     0     3      176.00      234.67        0.00
     0     3      173.33      230.67        0.00
     0     3      170.67      228.00        0.00
     0     3      168.00      225.33        0.00
     0     3      165.33      221.33        0.00
     0     3      162.67      218.67        0.00
     0     3      161.33      214.67        0.00
     0     3      158.67      212.00        0.00
     0     3      156.00      209.33        0.00
     0     3      153.33      205.33        0.00
     0     3      149.33      202.67        0.00
     0     3      146.67      198.67        0.00
     0     3      144.00      196.00        0.00
     0     3      141.33      192.00        0.00
     0     3      138.67      186.67        0.00
     0     3      137.33      182.67        0.00
     0     3      137.33      178.67        0.00
     0     3      136.00      174.67        0.00
     0     3      136.00      170.67        0.00
     0     3      136.00      165.33        0.00
     0     3      136.00      160.00        0.00
     0     3      136.00      153.33        0.00
     0     3      136.00      148.00        0.00
     0     3      137.33      144.00        0.00
     0     3      140.00      138.67        0.00
     0     3      142.67      136.00        0.00
     0     3      145.33      133.33        0.00
     0     3      149.33      130.67        0.00
     0     3      153.33      129.33        0.00
     0     3      157.33      128.00        0.00
     0     3      161.33      126.67        0.00
     0     3      165.33      126.67        0.00
     0     3      169.33      125.33        0.00
     0     3      173.33      125.33        0.00
     0     3      177.33      125.33        0.00
     0     3      181.33      125.33        0.00
     0     3      186.67      125.33        0.00
     0     3      190.67      125.33        0.00
     0     3      196.00      126.67        0.00
     0     3      200.00      129.33        0.00
     0     3      204.00      132.00        0.00
     0     3      208.00      133.33        0.00
     0     3      212.00      137.33        0.00
     0     3      216.00      138.67        0.00
     0     3      221.33      141.33        0.00
     0     3      228.00      144.00        0.00
     0     3      232.00      145.33        0.00
     0     3      237.33      146.67        0.00
     0     3      242.67      148.00        0.00
     0     3      246.67      149.33        0.00
     0     3      252.00      149.33        0.00
     0     3      257.33      150.67        0.00
     0     3      262.67      152.00        0.00
     0     3      266.67      152.00        0.00
     0     3      273.33      154.67        0.00
     0     3      277.33      156.00        0.00
     0     3      281.33      157.33        0.00
     0     3      285.33      160.00        0.00
     0     3      289.33      161.33        0.00
     0     3      293.33      162.67        0.00
     0     3      297.33      164.00        0.00
     0     3      301.33      164.00        0.00
     0     3      305.33      165.33        0.00
     0     3      309.33      166.67        0.00
     0     3      314.67      168.00        0.00
     0     3      318.67      169.33        0.00
     0     3      322.67      170.67        0.00
     0     3      326.67      172.00        0.00
     0     3      330.67      173.33        0.00
     0     3      334.67      174.67        0.00
     0     3      338.67      176.00        0.00
     0     3      344.00      177.33        0.00
     0     3      348.00      177.33        0.00
     0     3      352.00      178.67        0.00
     0     3      357.33      180.00        0.00
     0     3      361.33      181.33        0.00
     0     3      366.67      184.00        0.00
     0     3      370.67      185.33        0.00
     0     3      373.33      188.00        0.00
     0     3      377.33      189.33        0.00
     0     3      381.33      190.67        0.00
     0     3      385.33      193.33        0.00
     0     3      388.00      196.00        0.00
     0     3      392.00      197.33        0.00
     0     3      396.00      198.67        0.00
     0     3      400.00      200.00        0.00
     0     3      404.00      202.67        0.00
     0     3      408.00      202.67        0.00
     0     3      412.00      202.67        0.00
     0     4        1.33      381.33        0.00
     0     4        4.00      377.33        0.00
     0     4        6.67      374.67        0.00
     0     4        9.33      372.00        0.00
     0     4       10.67      368.00        0.00
     0     4       13.33      365.33        0.00
     0     4       16.00      361.33        0.00
     0     4       16.00      357.33        0.00
     0     4       18.67      353.33        0.00
     0     4       20.00      349.33        0.00
     0     4       20.00      345.33        0.00
     0     4       21.33      341.33        0.00
     0     4       21.33      336.00        0.00
     0     4       22.67      332.00        0.00
     0     4       22.67      328.00        0.00
     0     4       24.00      324.00        0.00
     0     4       25.33      320.00        0.00
     0     4       25.33      316.00        0.00
     0     4       26.67      312.00        0.00
     0     4       26.67      308.00        0.00
     0     4       26.67      304.00        0.00
     0     4       26.67      300.00        0.00
     0     4       26.67      296.00        0.00
     0     4       26.67      290.67        0.00
     0     4       26.67      286.67        0.00
     0     4       25.33      282.67        0.00
     0     4       24.00      278.67        0.00
     0     4       21.33      276.00        0.00
     0     4       20.00      272.00        0.00
     0     4       17.33      269.33        0.00
     0     4       16.00      265.33        0.00
     0     4       13.33      262.67        0.00
     0     4       12.00      258.67        0.00
     0     4       10.67      254.67        0.00
     0     4        6.67      253.33        0.00
     0     4        2.67      252.00        0.00
     0     4        0.00      249.33        0.00
     0     5      256.00     1028.67        0.00
     0     5      258.67     1026.00        0.00
     0     5      260.00     1022.00        0.00
     0     5      262.67     1019.33        0.00
     0     5      266.67     1016.67        0.00
     0     5      269.33     1014.00        0.00
     0     5      272.00     1011.33        0.00
     0     5      274.67     1008.67        0.00
     0     5      278.67     1006.00        0.00
     0     5      282.67     1004.67        0.00
     0     5      285.33     1002.00        0.00
     0     5      288.00      999.33        0.00
     0     5      292.00      996.67        0.00
     0     5      294.67      994.00        0.00
     0     5      297.33      991.33        0.00
     0     5      301.33      988.67        0.00
     0     5      305.33      987.33        0.00
     0     5      310.67      984.67        0.00
     0     5      314.67      982.00        0.00
     0     5      317.33      979.33        0.00
     0     5      320.00      976.67        0.00
     0     5      322.67      974.00        0.00
     0     5      326.67      972.67        0.00
     0     5      329.33      970.00        0.00
     0     5      333.33      968.67        0.00
     0     5      338.67      967.33        0.00
     0     5      344.00      966.00        0.00
     0     5      346.67      963.33        0.00
     0     5      350.67      962.00        0.00
     0     5      354.67      959.33        0.00
     0     5      358.67      958.00        0.00
     0     5      361.33      955.33        0.00
     0     5      364.00      952.67        0.00
     0     5      366.67      950.00        0.00
     0     5      370.67      948.67        0.00
     0     5      374.67      947.33        0.00
     0     5      378.67      947.33        0.00
     0     5      382.67      946.00        0.00
     0     5      386.67      946.00        0.00
     0     5      390.67      946.00        0.00
     0     5      393.33      943.33        0.00
     0     5      396.00      940.67        0.00
     0     5      400.00      938.00        0.00
     0     5      404.00      935.33        0.00
     0     5      406.67      932.67        0.00
     0     5      410.67      930.00        0.00
     0     5      413.33      927.33        0.00
     0     5      416.00      924.67        0.00
     0     5      418.67      922.00        0.00
     0     5      424.00      919.33        0.00
     0     5      428.00      918.00        0.00
     0     5      432.00      916.67        0.00
     0     5      436.00      915.33        0.00
     0     5      441.33      914.00        0.00
     0     5      444.00      911.33        0.00
     0     5      448.00      911.33        0.00
     0     5      452.00      910.00        0.00
     0     5      456.00      908.67        0.00
     0     5      460.00      908.67        0.00
     0     5      464.00      908.67        0.00
     0     5      468.00      911.33        0.00
     0     5      472.00      914.00        0.00
     0     5      473.33      918.00        0.00
     0     5      477.33      920.67        0.00
     0     5      480.00      924.67        0.00
     0     5      482.67      928.67        0.00
     0     5      486.67      931.33        0.00
     0     5      489.33      935.33        0.00
     0     5      492.00      938.00        0.00
     0     5      494.67      940.67        0.00
     0     5      496.00      944.67        0.00
     0     5      498.67      948.67        0.00
     0     5      501.33      952.67        0.00
     0     5      502.67      956.67        0.00
     0     5      505.33      960.67        0.00
     0     5      506.67      966.00        0.00
     0     5      508.00      971.33        0.00
     0     5      508.00      975.33        0.00
     0     5      506.67      980.67        0.00
     0     5      504.00      984.67        0.00
     0     5      501.33      988.67        0.00
     0     5      498.67      991.33        0.00
     0     5      496.00      995.33        0.00
     0     5      493.33      998.00        0.00
     0     5      490.67     1000.67        0.00
     0     5      486.67     1003.33        0.00
     0     5      484.00     1006.00        0.00
     0     5      481.33     1008.67        0.00
     0     5      476.00     1012.67        0.00
     0     5      472.00     1015.33        0.00
     0     5      468.00     1016.67        0.00
     0     5      465.33     1019.33        0.00
     0     5      461.33     1020.67        0.00
     0     5      457.33     1022.00        0.00
     0     5      453.33     1024.67        0.00
     0     5      450.67     1027.33        0.00
     0     5      448.00     1030.00        0.00
     1     0      746.00      712.00        0.00
     1     0      743.00      713.00        0.00
     1     0      739.00      713.00        0.00
     1     0      736.00      711.00        0.00
     1     0      733.00      708.00        0.00
     1     0      731.00      705.00        0.00
     1     0      731.00      701.00        0.00
     1     0      730.00      698.00        0.00
     1     0      731.00      695.00        0.00
     1     0      734.00      692.00        0.00
     1     0      737.00      691.00        0.00
     1     0      741.00      691.00        0.00
     1     0      744.00      692.00        0.00
     1     0      747.00      693.00        0.00
     1     0      750.00      696.00        0.00
     1     0      751.00      699.00        0.00
     1     0      751.00      703.00        0.00
     1     0      751.00      707.00        0.00
     1     1      712.00      649.00        0.00
     1     1      709.00      650.00        0.00
     1     1      706.00      649.00        0.00
     1     1      703.00      647.00        0.00
     1     1      702.00      644.00        0.00
     1     1      701.00      641.00        0.00
     1     1      701.00      637.00        0.00
     1     1      702.00      634.00        0.00
     1     1      704.00      631.00        0.00
     1     1      707.00      630.00        0.00
     1     1      711.00      630.00        0.00
     1     1      714.00      631.00        0.00
     1     1      717.00      633.00        0.00
     1     1      719.00      636.00        0.00
     1     1      720.00      639.00        0.00
     1     1      720.00      643.00        0.00
     1     2      745.00      596.00        0.00
     1     2      742.00      598.00        0.00
     1     2      739.00      600.00        0.00
     1     2      735.00      600.00        0.00
     1     2      732.00      599.00        0.00
     1     2      729.00      598.00        0.00
     1     2      728.00      595.00        0.00
     1     2      727.00      592.00        0.00
     1     2      729.00      589.00        0.00
     1     2      731.00      586.00        0.00
     1     2      734.00      585.00        0.00
     1     2      737.00      584.00        0.00
     1     2      740.00      583.00        0.00
     1     2      744.00      583.00        0.00
     1     2      746.00      586.00        0.00
     1     2      748.00      589.00        0.00
     1     3      747.00      570.00        0.00
     1     3      743.00      570.00        0.00
     1     3      739.00      570.00        0.00
     1     3      734.00      569.00        0.00
     1     3      731.00      567.00        0.00
     1     3      728.00      564.00        0.00
     1     3      728.00      560.00        0.00
     1     3      730.00      557.00        0.00
     1     3      733.00      555.00        0.00
     1     3      736.00      554.00        0.00
     1     3      739.00      553.00        0.00
     1     3      743.00      554.00        0.00
     1     3      746.00      556.00        0.00
     1     3      748.00      559.00        0.00
     1     3      750.00      562.00        0.00
     1     3      751.00      565.00        0.00
     1     4      789.00      567.00        0.00
     1     4      785.00      566.00        0.00
     1     4      781.00      566.00        0.00
     1     4      778.00      565.00        0.00
     1     4      774.00      564.00        0.00
     1     4      770.00      563.00        0.00
     1     4      767.00      562.00        0.00
     1     4      764.00      561.00        0.00
     1     4      762.00      558.00        0.00
     1     4      759.00      557.00        0.00
     1     4      756.00      554.00        0.00
     1     4      754.00      551.00        0.00
     1     4      754.00      547.00        0.00
     1     4      757.00      546.00        0.00
     1     4      761.00      546.00        0.00
     1     4      765.00      546.00        0.00
     1     4      769.00      547.00        0.00
     1     4      773.00      547.00        0.00
     1     4      776.00      548.00        0.00
     1     4      779.00      550.00        0.00
     1     4      782.00      553.00        0.00
     1     4      785.00      555.00        0.00
     1     4      788.00      556.00        0.00
     1     4      791.00      557.00        0.00
     1     4      792.00      560.00        0.00
     1     4      793.00      563.00        0.00
     1     5      777.00      580.00        0.00
     1     5      774.00      582.00        0.00
     1     5      771.00      584.00        0.00
     1     5      768.00      585.00        0.00
     1     5      765.00      586.00        0.00
     1     5      761.00      586.00        0.00
     1     5      758.00      585.00        0.00
     1     5      755.00      582.00        0.00
     1     5      755.00      578.00        0.00
     1     5      757.00      574.00        0.00
     1     5      758.00      571.00        0.00
     1     5      761.00      569.00        0.00
     1     5      764.00      568.00        0.00
     1     5      768.00      568.00        0.00
     1     5      772.00      568.00        0.00
     1     5      775.00      569.00        0.00
     1     5      778.00      570.00        0.00
     1     5      781.00      572.00        0.00
     1     5      784.00      574.00        0.00
     1     5      785.00      577.00        0.00
     1     6      808.00      592.00        0.00
     1     6      804.00      593.00        0.00
     1     6      800.00      593.00        0.00
     1     6      797.00      592.00        0.00
     1     6      794.00      589.00        0.00
     1     6      794.00      585.00        0.00
     1     6      795.00      582.00        0.00
     1     6      797.00      579.00        0.00
     1     6      800.00      578.00        0.00
     1     6      804.00      578.00        0.00
     1     6      808.00      578.00        0.00
     1     6      812.00      578.00        0.00
     1     6      815.00      580.00        0.00
     1     6      816.00      583.00        0.00
     1     6      817.00      586.00        0.00
     1     6      817.00      590.00        0.00
     1     7      819.00      572.00        0.00
     1     7      816.00      574.00        0.00
     1     7      812.00      574.00        0.00
     1     7      809.00      573.00        0.00
     1     7      805.00      572.00        0.00
     1     7      802.00      571.00        0.00
     1     7      801.00      568.00        0.00
     1     7      804.00      566.00        0.00
     1     7      807.00      564.00        0.00
     1     7      810.00      562.00        0.00
     1     7      813.00      561.00        0.00
     1     7      816.00      560.00        0.00
     1     7      820.00      560.00        0.00
     1     7      823.00      561.00        0.00
     1     7      824.00      564.00        0.00
     1     7      825.00      567.00        0.00
     1     7      824.00      570.00        0.00
     1     8      819.00      551.00        0.00
     1     8      815.00      551.00        0.00
     1     8      812.00      550.00        0.00
     1     8      808.00      549.00        0.00
     1     8      804.00      549.00        0.00
     1     8      802.00      546.00        0.00
     1     8      801.00      543.00        0.00
     1     8      802.00      540.00        0.00
     1     8      805.00      538.00        0.00
     1     8      808.00      537.00        0.00
     1     8      812.00      537.00        0.00
     1     8      816.00      537.00        0.00
     1     8      819.00      538.00        0.00
     1     8      822.00      540.00        0.00
     1     8      824.00      543.00        0.00
     1     8      826.00      546.00        0.00
     1     8      829.00      548.00        0.00
     1     8      832.00      550.00        0.00
     1     8      829.00      552.00        0.00
     1     9      843.00      720.00        0.00
     1     9      842.00      723.00        0.00
     1     9      839.00      724.00        0.00
     1     9      836.00      725.00        0.00
     1     9      832.00      725.00        0.00
     1     9      828.00      725.00        0.00
     1     9      825.00      724.00        0.00
     1     9      823.00      721.00        0.00
     1     9      823.00      717.00        0.00
     1     9      823.00      713.00        0.00
     1     9      824.00      710.00        0.00
     1     9      825.00      707.00        0.00
     1     9      828.00      705.00        0.00
     1     9      831.00      704.00        0.00
     1     9      835.00      704.00        0.00
     1     9      839.00      705.00        0.00
     1     9      842.00      707.00        0.00
     1     9      843.00      710.00        0.00
     1     9      843.00      714.00        0.00
     1    10      891.00      735.00        0.00
     1    10      883.00      735.00        0.00
     1    10      879.00      735.00        0.00
     1    10      876.00      734.00        0.00
     1    10      872.00      734.00        0.00
     1    10      868.00      732.00        0.00
     1    10      864.00      732.00        0.00
     1    10      861.00      731.00        0.00
     1    10      858.00      729.00        0.00
     1    10      855.00      727.00        0.00
     1    10      853.00      724.00        0.00
     1    10      852.00      720.00        0.00
     1    10      851.00      715.00        0.00
     1    10      851.00      711.00        0.00
     1    10      850.00      708.00        0.00
     1    10      850.00      704.00        0.00
     1    10      850.00      700.00        0.00
     1    10      851.00      697.00        0.00
     1    10      855.00      694.00        0.00
     1    10      858.00      693.00        0.00
     1    10      862.00      693.00        0.00
     1    10      866.00      692.00        0.00
     1    10      870.00      692.00        0.00
     1    10      873.00      691.00        0.00
     1    10      877.00      691.00        0.00
     1    10      880.00      690.00        0.00
     1    10      884.00      690.00        0.00
     1    10      888.00      690.00        0.00
     1    10      893.00      691.00        0.00
     1    10      896.00      693.00        0.00
     1    10      900.00      694.00        0.00
     1    10      903.00      698.00        0.00
     1    10      906.00      700.00        0.00
     1    10      909.00      703.00        0.00
     1    10      910.00      707.00        0.00
     1    10      910.00      711.00        0.00
     1    10      909.00      715.00        0.00
     1    10      907.00      718.00        0.00
     1    10      906.00      721.00        0.00
     1    10      903.00      723.00        0.00
     1    10      903.00      727.00        0.00
     1    10      900.00      728.00        0.00
     1    11      869.00      741.00        0.00
     1    11      868.00      744.00        0.00
     1    11      865.00      746.00        0.00
     1    11      861.00      746.00        0.00
     1    11      858.00      745.00        0.00
     1    11      855.00      744.00        0.00
     1    11      854.00      741.00        0.00
     1    11      853.00      738.00        0.00
     1    11      853.00      734.00        0.00
     1    11      853.00      730.00        0.00
     1    11      856.00      729.00        0.00
     1    11      860.00      729.00        0.00
     1    11      864.00      730.00        0.00
     1    11      867.00      731.00        0.00
     1    11      869.00      734.00        0.00
     1    11      870.00      737.00        0.00
     1    12      891.00      754.00        0.00
     1    12      888.00      756.00        0.00
     1    12      885.00      757.00        0.00
     1    12      881.00      757.00        0.00
     1    12      878.00      756.00        0.00
     1    12      877.00      753.00        0.00
     1    12      877.00      749.00        0.00
     1    12      878.00      746.00        0.00
     1    12      881.00      744.00        0.00
     1    12      884.00      742.00        0.00
     1    12      887.00      741.00        0.00
     1    12      891.00      741.00        0.00
     1    12      895.00      742.00        0.00
     1    12      897.00      745.00        0.00
     1    12      898.00      748.00        0.00
     1    12      899.00      751.00        0.00
     1    13      754.00      929.00        0.00
     1    13      751.00      930.00        0.00
     1    13      747.00      930.00        0.00
     1    13      744.00      929.00        0.00
     1    13      741.00      926.00        0.00
     1    13      739.00      923.00        0.00
     1    13      739.00      919.00        0.00
     1    13      738.00      916.00        0.00
     1    13      740.00      913.00        0.00
     1    13      743.00      911.00        0.00
     1    13      746.00      910.00        0.00
     1    13      750.00      910.00        0.00
     1    13      753.00      912.00        0.00
     1    13      755.00      915.00        0.00
     1    13      757.00      918.00        0.00
     1    13      759.00      921.00        0.00
     1    14      777.00      925.00        0.00
     1    14      774.00      926.00        0.00
     1    14      771.00      925.00        0.00
     1    14      768.00      923.00        0.00
     1    14      766.00      920.00        0.00
     1    14      765.00      917.00        0.00
     1    14      765.00      913.00        0.00
     1    14      768.00      912.00        0.00
     1    14      771.00      911.00        0.00
     1    14      775.00      911.00        0.00
     1    14      779.00      912.00        0.00
     1    14      782.00      914.00        0.00
     1    14      785.00      916.00        0.00
     1    14      786.00      919.00        0.00
     1    15      797.00      957.00        0.00
     1    15      793.00      957.00        0.00
     1    15      789.00      957.00        0.00
     1    15      786.00      956.00        0.00
     1    15      783.00      954.00        0.00
     1    15      782.00      951.00        0.00
     1    15      782.00      947.00        0.00
     1    15      783.00      942.00        0.00
     1    15      786.00      940.00        0.00
     1    15      789.00      939.00        0.00
     1    15      793.00      939.00        0.00
     1    15      796.00      940.00        0.00
     1    15      799.00      942.00        0.00
     1    15      799.00      946.00        0.00
     1    15      799.00      952.00        0.00
     1    16      822.00      949.00        0.00
     1    16      816.00      951.00        0.00
     1    16      811.00      951.00        0.00
     1    16      808.00      949.00        0.00
     1    16      805.00      948.00        0.00
     1    16      804.00      945.00        0.00
     1    16      805.00      941.00        0.00
     1    16      808.00      938.00        0.00
     1    16      811.00      937.00        0.00
     1    16      814.00      936.00        0.00
     1    16      818.00      936.00        0.00
     1    16      822.00      936.00        0.00
     1    16      825.00      937.00        0.00
     1    16      828.00      940.00        0.00
     1    16      829.00      943.00        0.00
     1    16      829.00      947.00        0.00
     1    17      844.00      938.00        0.00
     1    17      838.00      939.00        0.00
     1    17      834.00      939.00        0.00
     1    17      832.00      936.00        0.00
     1    17      831.00      933.00        0.00
     1    17      830.00      930.00        0.00
     1    17      831.00      927.00        0.00
     1    17      834.00      924.00        0.00
     1    17      838.00      924.00        0.00
     1    17      842.00      923.00        0.00
     1    17      845.00      924.00        0.00
     1    17      848.00      926.00        0.00
     1    17      850.00      929.00        0.00
     1    17      850.00      933.00        0.00
     1    17      849.00      936.00        0.00
     1    18      882.00      914.00        0.00
     1    18      876.00      914.00        0.00
     1    18      873.00      913.00        0.00
     1    18      870.00      912.00        0.00
     1    18      867.00      910.00        0.00
     1    18      865.00      907.00        0.00
     1    18      864.00      904.00        0.00
     1    18      864.00      900.00        0.00
     1    18      865.00      897.00        0.00
     1    18      868.00      896.00        0.00
     1    18      872.00      896.00        0.00
     1    18      875.00      897.00        0.00
     1    18      879.00      898.00        0.00
     1    18      882.00      899.00        0.00
     1    18      885.00      901.00        0.00
     1    18      888.00      904.00        0.00
     1    18      889.00      907.00        0.00
     1    18      888.00      911.00        0.00
     1    18      885.00      912.00        0.00
     1    19      469.00      902.00        0.00
     1    19      465.00      902.00        0.00
     1    19      461.00      900.00        0.00
     1    19      458.00      898.00        0.00
     1    19      455.00      896.00        0.00
     1    19      453.00      893.00        0.00
     1    19      451.00      890.00        0.00
     1    19      450.00      887.00        0.00
     1    19      452.00      884.00        0.00
     1    19      455.00      883.00        0.00
     1    19      459.00      882.00        0.00
     1    19      463.00      882.00        0.00
     1    19      468.00      882.00        0.00
     1    19      471.00      883.00        0.00
     1    19      474.00      884.00        0.00
     1    19      477.00      886.00        0.00
     1    19      478.00      889.00        0.00
     1    19      480.00      892.00        0.00
     1    19      480.00      896.00        0.00
     1    19      480.00      900.00        0.00
     1    19      478.00      903.00        0.00
     1    20      413.00      932.00        0.00
     1    20      409.00      932.00        0.00
     1    20      406.00      931.00        0.00
     1    20      403.00      930.00        0.00
     1    20      400.00      929.00        0.00
     1    20      398.00      926.00        0.00
     1    20      398.00      922.00        0.00
     1    20      400.00      918.00        0.00
     1    20      403.00      917.00        0.00
     1    20      406.00      916.00        0.00
     1    20      410.00      916.00        0.00
     1    20      413.00      917.00        0.00
     1    20      415.00      920.00        0.00
     1    20      417.00      923.00        0.00
     1    20      418.00      926.00        0.00
     1    20      417.00      929.00        0.00
     1    21      389.00      942.00        0.00
     1    21      386.00      943.00        0.00
     1    21      383.00      944.00        0.00
     1    21      380.00      945.00        0.00
     1    21      376.00      944.00        0.00
     1    21      373.00      942.00        0.00
     1    21      372.00      939.00        0.00
     1    21      373.00      935.00        0.00
     1    21      375.00      931.00        0.00
     1    21      378.00      929.00        0.00
     1    21      381.00      928.00        0.00
     1    21      384.00      927.00        0.00
     1    21      388.00      927.00        0.00
     1    21      392.00      928.00        0.00
     1    21      394.00      931.00        0.00
     1    21      394.00      935.00        0.00
     1    21      394.00      939.00        0.00
     1    22      349.00      953.00        0.00
     1    22      346.00      954.00        0.00
     1    22      342.00      954.00        0.00
     1    22      339.00      953.00        0.00
     1    22      336.00      951.00        0.00
     1    22      334.00      948.00        0.00
     1    22      332.00      945.00        0.00
     1    22      333.00      942.00        0.00
     1    22      334.00      939.00        0.00
     1    22      337.00      938.00        0.00
     1    22      342.00      938.00        0.00
     1    22      345.00      940.00        0.00
     1    22      348.00      942.00        0.00
     1    22      351.00      943.00        0.00
     1    22      354.00      946.00        0.00
     1    22      355.00      949.00        0.00
     1    22      355.00      953.00        0.00
     1    23      329.00      969.00        0.00
     1    23      324.00      969.00        0.00
     1    23      320.00      969.00        0.00
     1    23      316.00      969.00        0.00
     1    23      313.00      967.00        0.00
     1    23      311.00      964.00        0.00
     1    23      311.00      960.00        0.00
     1    23      312.00      957.00        0.00
     1    23      314.00      954.00        0.00
     1    23      318.00      953.00        0.00
     1    23      322.00      953.00        0.00
     1    23      326.00      953.00        0.00
     1    23      330.00      953.00        0.00
     1    23      333.00      954.00        0.00
     1    23      336.00      955.00        0.00
     1    23      339.00      956.00        0.00
     1    23      340.00      959.00        0.00
     1    23      340.00      963.00        0.00
     1    23      337.00      964.00        0.00
     1    23      333.00      964.00        0.00
     1    24      287.00      996.00        0.00
     1    24      282.00      996.00        0.00
     1    24      278.00      996.00        0.00
     1    24      274.00      996.00        0.00
     1    24      270.00      995.00        0.00
     1    24      267.00      993.00        0.00
     1    24      264.00      990.00        0.00
     1    24      263.00      987.00        0.00
     1    24      261.00      984.00        0.00
     1    24      262.00      980.00        0.00
     1    24      265.00      978.00        0.00
     1    24      268.00      976.00        0.00
     1    24      271.00      974.00        0.00
     1    24      274.00      972.00        0.00
     1    24      278.00      972.00        0.00
     1    24      282.00      972.00        0.00
     1    24      287.00      972.00        0.00
     1    24      291.00      973.00        0.00
     1    24      294.00      974.00        0.00
     1    24      297.00      975.00        0.00
     1    24      300.00      977.00        0.00
     1    24      300.00      981.00        0.00
     1    24      300.00      985.00        0.00
     1    24      300.00      989.00        0.00
     1    24      297.00      991.00        0.00
     1    24      294.00      992.00        0.00
     1    25      361.00      362.00        0.00
     1    25      357.00      362.00        0.00
     1    25      354.00      363.00        0.00
     1    25      351.00      364.00        0.00
     1    25      348.00      363.00        0.00
     1    25      345.00      361.00        0.00
     1    25      343.00      358.00        0.00
     1    25      342.00      355.00        0.00
     1    25      341.00      352.00        0.00
     1    25      344.00      349.00        0.00
     1    25      346.00      346.00        0.00
     1    25      349.00      345.00        0.00
     1    25      353.00      345.00        0.00
     1    25      357.00      345.00        0.00
     1    25      360.00      346.00        0.00
     1    25      363.00      348.00        0.00
     1    25      364.00      351.00        0.00
     1    25      364.00      355.00        0.00
     1    26      334.00      347.00        0.00
     1    26      332.00      350.00        0.00
     1    26      329.00      351.00        0.00
     1    26      326.00      352.00        0.00
     1    26      323.00      351.00        0.00
     1    26      320.00      350.00        0.00
     1    26      317.00      349.00        0.00
     1    26      315.00      346.00        0.00
     1    26      314.00      343.00        0.00
     1    26      313.00      340.00        0.00
     1    26      313.00      336.00        0.00
     1    26      315.00      333.00        0.00
     1    26      319.00      333.00        0.00
     1    26      323.00      333.00        0.00
     1    26      326.00      334.00        0.00
     1    26      329.00      336.00        0.00
     1    26      332.00      338.00        0.00
     1    26      335.00      341.00        0.00
     1    27      298.00      334.00        0.00
     1    27      294.00      334.00        0.00
     1    27      291.00      333.00        0.00
     1    27      288.00      332.00        0.00
     1    27      286.00      329.00        0.00
     1    27      283.00      327.00        0.00
     1    27      281.00      324.00        0.00
     1    27      282.00      321.00        0.00
     1    27      285.00      319.00        0.00
     1    27      289.00      319.00        0.00
     1    27      292.00      320.00        0.00
     1    27      295.00      321.00        0.00
     1    27      298.00      323.00        0.00
     1    27      301.00      325.00        0.00
     1    28      254.00      306.00        0.00
     1    28      249.00      306.00        0.00
     1    28      245.00      306.00        0.00
     1    28      242.00      303.00        0.00
     1    28      241.00      300.00        0.00
     1    28      242.00      296.00        0.00
     1    28      245.00      294.00        0.00
     1    28      248.00      292.00        0.00
     1    28      252.00      292.00        0.00
     1    28      255.00      293.00        0.00
     1    28      257.00      296.00        0.00
     1    28      259.00      299.00        0.00
     1    29      148.00      253.00        0.00
     1    29      144.00      253.00        0.00
     1    29      140.00      252.00        0.00
     1    29      138.00      249.00        0.00
     1    29      136.00      246.00        0.00
     1    29      135.00      243.00        0.00
     1    29      136.00      239.00        0.00
     1    29      137.00      236.00        0.00
     1    29      140.00      233.00        0.00
     1    29      143.00      230.00        0.00
     1    29      147.00      230.00        0.00
     1    29      150.00      231.00        0.00
     1    29      153.00      233.00        0.00
     1    29      155.00      236.00        0.00
     1    29      156.00      240.00        0.00
     1    29      157.00      243.00        0.00
     1    29      156.00      247.00        0.00
     1    30      124.00      229.00        0.00
     1    30      115.00      228.00        0.00
     1    30      112.00      226.00        0.00
     1    30      108.00      225.00        0.00
     1    30      105.00      224.00        0.00
     1    30      102.00      222.00        0.00
     1    30       98.00      219.00        0.00
     1    30       96.00      216.00        0.00
     1    30       96.00      212.00        0.00
     1    30       96.00      208.00        0.00
     1    30       97.00      204.00        0.00
     1    30       99.00      201.00        0.00
     1    30      102.00      199.00        0.00
     1    30      104.00      196.00        0.00
     1    30      107.00      193.00        0.00
     1    30      111.00      192.00        0.00
     1    30      114.00      191.00        0.00
     1    30      118.00      191.00        0.00
     1    30      122.00      192.00        0.00
     1    30      125.00      195.00        0.00
     1    30      128.00      198.00        0.00
     1    30      129.00      201.00        0.00
     1    30      130.00      205.00        0.00
     1    30      133.00      209.00        0.00
     1    30      133.00      213.00        0.00
     1    30      134.00      216.00        0.00
     1    30      134.00      220.00        0.00
     1    30      134.00      224.00        0.00
     1    30      132.00      227.00        0.00
     1    31       42.00      351.00        0.00
     1    31       38.00      351.00        0.00
     1    31       34.00      350.00        0.00
     1    31       31.00      347.00        0.00
     1    31       30.00      344.00        0.00
     1    31       29.00      341.00        0.00
     1    31       29.00      337.00        0.00
     1    31       29.00      333.00        0.00
     1    31       31.00      330.00        0.00
     1    31       34.00      329.00        0.00
     1    31       38.00      330.00        0.00
     1    31       41.00      331.00        0.00
     1    31       44.00      333.00        0.00
     1    31       46.00      336.00        0.00
     1    31       49.00      338.00        0.00
     1    31       50.00      341.00        0.00
     1    31       50.00      345.00        0.00
     1    31       49.00      348.00        0.00
     1    32       44.00      318.00        0.00
     1    32       42.00      321.00        0.00
     1    32       39.00      323.00        0.00
     1    32       36.00      324.00        0.00
     1    32       33.00      323.00        0.00
     1    32       32.00      320.00        0.00
     1    32       31.00      317.00        0.00
     1    32       31.00      313.00        0.00
     1    32       30.00      310.00        0.00
     1    32       30.00      306.00        0.00
     1    32       30.00      302.00        0.00
     1    32       32.00      299.00        0.00
     1    32       35.00      297.00        0.00
     1    32       39.00      297.00        0.00
     1    32       43.00      298.00        0.00
     1    32       46.00      301.00        0.00
     1    32       47.00      304.00        0.00
     1    32       47.00      308.00        0.00
     1    33       47.00      290.00        0.00
     1    33       44.00      293.00        0.00
     1    33       41.00      294.00        0.00
     1    33       38.00      295.00        0.00
     1    33       34.00      295.00        0.00
     1    33       31.00      293.00        0.00
     1    33       30.00      290.00        0.00
     1    33       30.00      286.00        0.00
     1    33       29.00      283.00        0.00
     1    33       30.00      280.00        0.00
     1    33       32.00      277.00        0.00
     1    33       34.00      274.00        0.00
     1    33       37.00      273.00        0.00
     1    33       40.00      272.00        0.00
     1    33       44.00      272.00        0.00
     1    33       47.00      274.00        0.00
     1    33       50.00      277.00        0.00
     1    33       51.00      280.00        0.00
