     0     0       -2.67      711.00        0.00
     0     0       -1.33      713.67        0.00
     0     0        8.00      707.00        0.00
     0     0       12.00      704.33        0.00
     0     0       16.00      701.67        0.00
     0     0       20.00      699.00        0.00
     0     0       22.67      696.33        0.00
     0     0       28.00      693.67        0.00
     0     0       33.33      692.33        0.00
     0     0       37.33      691.00        0.00
     0     0       41.33      688.33        0.00
     0     0       45.33      687.00        0.00
     0     0       49.33      684.33        0.00
     0     0       54.67      683.00        0.00
     0     0       58.67      681.67        0.00
     0     0       62.67      681.67        0.00
     0     0       66.67      681.67        0.00
     0     0       72.00      681.67        0.00
     0     0       77.33      681.67        0.00
     0     0       81.33      680.33        0.00
     0     0       86.67      679.00        0.00
     0     0       92.00      679.00        0.00
     0     0       97.33      679.00        0.00
     0     0      104.00      677.67        0.00
     0     0      109.33      677.67        0.00
     0     0      116.00      677.67        0.00
     0     0      120.00      677.67        0.00
     0     0      124.00      677.67        0.00
     0     0      130.67      676.33        0.00
     0     0      134.67      675.00        0.00
     0     0      140.00      673.67        0.00
     0     0      145.33      672.33        0.00
     0     0      149.33      671.00        0.00
     0     0      156.00      669.67        0.00
     0     0      161.33      667.00        0.00
     0     0      165.33      665.67        0.00
     0     0      170.67      664.33        0.00
     0     0      174.67      663.00        0.00
     0     0      178.67      661.67        0.00
     0     0      185.33      660.33        0.00
     0     0      189.33      659.00        0.00
     0     0      194.67      657.67        0.00
     0     0      198.67      655.00        0.00
     0     0      202.67      652.33        0.00
     0     0      208.00      651.00        0.00
     0     0      213.33      648.33        0.00
     0     0      217.33      647.00        0.00
     0     0      222.67      647.00        0.00
     0     0      230.67      645.67        0.00
     0     0      238.67      644.33        0.00
     0     0      245.33      644.33        0.00
     0     0      250.67      643.00        0.00
     0     0      256.00      641.67        0.00
     0     0      260.00      641.67        0.00
     0     0      265.33      640.33        0.00
     0     0      269.33      639.00        0.00
     0     0      273.33      639.00        0.00
     0     0      277.33      637.67        0.00
     0     0      281.33      637.67        0.00
     0     0      286.67      636.33        0.00
     0     0      290.67      636.33        0.00
     0     0      296.00      635.00        0.00
     0     0      301.33      635.00        0.00
     0     0      306.67      635.00        0.00
     0     0      312.00      635.00        0.00
     0     0      317.33      636.33        0.00
     0     0      325.33      636.33        0.00
     0     0      332.00      637.67        0.00
     0     0      340.00      639.00        0.00
     0     0      350.67      639.00        0.00
     0     0      358.67      639.00        0.00
     0     0      365.33      640.33        0.00
     0     0      370.67      641.67        0.00
     0     0      377.33      641.67        0.00
     0     0      382.67      641.67        0.00
     0     0      390.67      643.00        0.00
     0     0      396.00      643.00        0.00
     0     0      401.33      643.00        0.00
     0     0      406.67      643.00        0.00
     0     0      413.33      643.00        0.00
     0     0      421.33      643.00        0.00
     0     0      430.67      643.00        0.00
     0     0      438.67      643.00        0.00
     0     0      444.00      643.00        0.00
     0     0      452.00      643.00        0.00
     0     0      458.67      643.00        0.00
     0     0      469.33      643.00        0.00
     0     0      480.00      643.00        0.00
     0     0      492.00      640.33        0.00
     0     0      501.33      639.00        0.00
     0     0      509.33      639.00        0.00
     0     0      516.00      639.00        0.00
     0     0      520.00      639.00        0.00
     0     0      524.00      639.00        0.00
     0     0      526.67      641.67        0.00
     0     0      532.00      643.00        0.00
     0     0      538.67      643.00        0.00
     0     0      550.67      644.33        0.00
     0     0      561.33      645.67        0.00
     0     0      573.33      645.67        0.00
     0     0      585.33      647.00        0.00
     0     0      592.00      647.00        0.00
     0     0      601.33      648.33        0.00
     0     0      610.67      648.33        0.00
     0     0      622.67      649.67        0.00
     0     0      630.67      651.00        0.00
     0     0      642.67      652.33        0.00
     0     0      652.00      653.67        0.00
     0     0      660.00      653.67        0.00
     0     0      668.00      655.00        0.00
     0     0      674.67      656.33        0.00
     0     0      686.67      657.67        0.00
     0     0      696.00      659.00        0.00
     0     0      708.00      660.33        0.00
     0     0      716.00      661.67        0.00
     0     0      725.33      663.00        0.00
     0     0      732.00      663.00        0.00
     0     0      741.33      664.33        0.00
     0     0      752.00      667.00        0.00
     0     0      761.33      669.67        0.00
     0     0      769.33      671.00        0.00
     0     0      778.67      672.33        0.00
     0     0      788.00      675.00        0.00
     0     0      796.00      677.67        0.00
     0     0      806.67      680.33        0.00
     0     0      813.33      683.00        0.00
     0     0      818.67      685.67        0.00
     0     0      825.33      691.00        0.00
     0     0      833.33      695.00        0.00
     0     0      842.67      700.33        0.00
     0     0      849.33      705.67        0.00
     0     0      853.33      711.00        0.00
     0     0      854.67      715.00        0.00
     0     0      858.67      720.33        0.00
     0     0      861.33      724.33        0.00
     0     0      865.33      729.67        0.00
     0     0      869.33      735.00        0.00
     0     0      873.33      739.00        0.00
     0     0      877.33      743.00        0.00
     0     0      881.33      745.67        0.00
     0     0      886.67      748.33        0.00
     0     0      892.00      751.00        0.00
     0     0      896.00      753.67        0.00
     0     0      900.00      756.33        0.00
     0     0      905.33      757.67        0.00
     0     0      910.67      760.33        0.00
     0     0      916.00      763.00        0.00
     0     0      922.67      765.67        0.00
     0     0      926.67      767.00        0.00
     0     0      932.00      769.67        0.00
     0     0      936.00      772.33        0.00
     0     0      941.33      773.67        0.00
     0     0      945.33      776.33        0.00
     0     0      952.00      779.00        0.00
     0     0      958.67      783.00        0.00
     0     0      964.00      785.67        0.00
     0     0      973.33      788.33        0.00
     0     0      978.67      792.33        0.00
     0     0      985.33      795.00        0.00
     0     0      992.00      797.67        0.00
     0     0      998.67      800.33        0.00
     0     0     1002.67      801.67        0.00
     0     0     1009.33      804.33        0.00
     0     0     1017.33      805.67        0.00
     0     0     1022.67      807.00        0.00
     0     0     1037.33      808.33        0.00
     0     0     1046.67      808.33        0.00
     0     0     1052.00      808.33        0.00
     0     0     1057.33      807.00        0.00
     0     0     1061.33      805.67        0.00
     0     0     1068.00      801.67        0.00
     0     0     1073.33      799.00        0.00
     0     0     1076.00      796.33        0.00
     0     0     1080.00      793.67        0.00
     0     0     1082.67      789.67        0.00
     0     0     1085.33      785.67        0.00
     0     0     1088.00      781.67        0.00
     0     0     1090.67      777.67        0.00
     0     0     1093.33      772.33        0.00
     0     0     1094.67      768.33        0.00
     0     0     1096.00      760.33        0.00
     0     0     1097.33      755.00        0.00
     0     0     1098.67      749.67        0.00
     0     0     1100.00      740.33        0.00
     0     0     1100.00      733.67        0.00
     0     0     1100.00      725.67        0.00
     0     0     1101.33      717.67        0.00
     0     0     1101.33      712.33        0.00
     0     0     1100.00      707.00        0.00
     0     0     1097.33      699.00        0.00
     0     0     1097.33      693.67        0.00
     0     0     1096.00      689.67        0.00
     0     0     1093.33      684.33        0.00
     0     0     1092.00      679.00        0.00
     0     0     1088.00      672.33        0.00
     0     0     1084.00      665.67        0.00
     0     0     1082.67      661.67        0.00
     0     0     1078.67      657.67        0.00
     0     0     1076.00      652.33        0.00
     0     0     1074.67      648.33        0.00
     0     0     1073.33      644.33        0.00
     0     0     1070.67      641.67        0.00
     0     0     1068.00      637.67        0.00
     0     0     1066.67      633.67        0.00
     0     0     1064.00      629.67        0.00
     0     0     1062.67      625.67        0.00
     0     0     1061.33      621.67        0.00
     0     0     1060.00      617.67        0.00
     0     0     1057.33      613.67        0.00
     0     0     1056.00      609.67        0.00
     0     0     1053.33      604.33        0.00
     0     0     1052.00      600.33        0.00
     0     0     1049.33      597.67        0.00
     0     0     1048.00      593.67        0.00
     0     0     1045.33      589.67        0.00
     0     0     1042.67      585.67        0.00
     0     0     1040.00      583.00        0.00
     0     0     1037.33      579.00        0.00
     0     0     1034.67      576.33        0.00
     0     0     1032.00      573.67        0.00
     0     0     1028.00      571.00        0.00
     0     0     1025.33      567.00        0.00
     0     0     1020.00      564.33        0.00
     0     0     1014.67      561.67        0.00
     0     0     1010.67      559.00        0.00
     0     0     1006.67      556.33        0.00
     0     0     1002.67      553.67        0.00
     0     0      998.67      551.00        0.00
     0     0      994.67      548.33        0.00
     0     0      990.67      545.67        0.00
     0     0      986.67      543.00        0.00
     0     0      982.67      541.67        0.00
     0     0      980.00      539.00        0.00
     0     0      976.00      537.67        0.00
     0     0      972.00      535.00        0.00
     0     0      968.00      532.33        0.00
     0     0      962.67      529.67        0.00
     0     0      958.67      527.00        0.00
     0     0      953.33      524.33        0.00
     0     0      949.33      523.00        0.00
     0     0      945.33      521.67        0.00
     0     0      941.33      519.00        0.00
     0     0      937.33      517.67        0.00
     0     0      933.33      515.00        0.00
     0     0      929.33      513.67        0.00
     0     0      925.33      511.00        0.00
     0     0      921.33      508.33        0.00
     0     0      917.33      507.00        0.00
     0     0      913.33      503.00        0.00
     0     0      908.00      501.67        0.00
     0     0      905.33      499.00        0.00
     0     0      900.00      496.33        0.00
     0     0      896.00      493.67        0.00
     0     0      892.00      491.00        0.00
     0     0      888.00      488.33        0.00
     0     0      885.33      485.67        0.00
     0     0      882.67      483.00        0.00
     0     0      878.67      480.33        0.00
     0     0      874.67      479.00        0.00
     0     0      872.00      476.33        0.00
     0     0      868.00      473.67        0.00
     0     0      864.00      471.00        0.00
     0     0      860.00      468.33        0.00
     0     0      856.00      467.00        0.00
     0     0      852.00      464.33        0.00
     0     0      848.00      461.67        0.00
     0     0      844.00      460.33        0.00
     0     0      840.00      459.00        0.00
     0     0      836.00      457.67        0.00
     0     0      832.00      455.00        0.00
     0     0      828.00      453.67        0.00
     0     0      822.67      452.33        0.00
     0     0      818.67      451.00        0.00
     0     0      814.67      449.67        0.00
     0     0      809.33      448.33        0.00
     0     0      805.33      447.00        0.00
     0     0      800.00      445.67        0.00
     0     0      796.00      445.67        0.00
     0     0      792.00      444.33        0.00
     0     0      788.00      443.00        0.00
     0     0      784.00      441.67        0.00
     0     0      780.00      441.67        0.00
     0     0      776.00      441.67        0.00
     0     0      772.00      441.67        0.00
     0     0      766.67      441.67        0.00
     0     0      762.67      441.67        0.00
     0     0      758.67      441.67        0.00
     0     0      753.33      441.67        0.00
     0     0      749.33      441.67        0.00
     0     0      744.00      440.33        0.00
     0     0      740.00      439.00        0.00
     0     0      736.00      439.00        0.00
     0     0      732.00      437.67        0.00
     0     0      728.00      436.33        0.00
     0     0      724.00      436.33        0.00
     0     0      720.00      435.00        0.00
     0     0      714.67      433.67        0.00
     0     0      710.67      433.67        0.00
     0     0      706.67      432.33        0.00
     0     0      702.67      431.00        0.00
     0     0      698.67      431.00        0.00
     0     0      693.33      429.67        0.00
     0     0      689.33      428.33        0.00
     0     0      684.00      427.00        0.00
     0     0      678.67      425.67        0.00
     0     0      674.67      424.33        0.00
     0     0      670.67      423.00        0.00
     0     0      665.33      421.67        0.00
     0     0      661.33      420.33        0.00
     0     0      657.33      419.00        0.00
     0     0      653.33      419.00        0.00
     0     0      649.33      417.67        0.00
     0     0      644.00      416.33        0.00
     0     0      640.00      416.33        0.00
     0     0      634.67      415.00        0.00
     0     0      629.33      413.67        0.00
     0     0      625.33      413.67        0.00
     0     0      621.33      413.67        0.00
     0     0      617.33      413.67        0.00
     0     0      612.00      412.33        0.00
     0     0      608.00      412.33        0.00
     0     0      601.33      412.33        0.00
     0     0      597.33      412.33        0.00
     0     0      593.33      412.33        0.00
     0     0      589.33      412.33        0.00
     0     0      582.67      412.33        0.00
     0     0      578.67      412.33        0.00
     0     0      574.67      411.00        0.00
     0     0      569.33      411.00        0.00
     0     0      565.33      409.67        0.00
     0     0      561.33      408.33        0.00
     0     0      557.33      407.00        0.00
     0     0      553.33      405.67        0.00
     0     0      549.33      404.33        0.00
     0     0      545.33      401.67        0.00
     0     0      541.33      400.33        0.00
     0     0      537.33      399.00        0.00
     0     0      533.33      397.67        0.00
     0     0      529.33      396.33        0.00
     0     0      525.33      395.00        0.00
     0     0      520.00      393.67        0.00
     0     0      516.00      392.33        0.00
     0     0      512.00      392.33        0.00
     0     0      508.00      391.00        0.00
     0     0      504.00      389.67        0.00
     0     0      498.67      387.00        0.00
     0     0      494.67      385.67        0.00
     0     0      490.67      385.67        0.00
     0     0      486.67      384.33        0.00
     0     0      482.67      381.67        0.00
     0     0      478.67      380.33        0.00
     0     0      474.67      380.33        0.00
     0     0      469.33      379.00        0.00
     0     0      465.33      377.67        0.00
     0     0      461.33      376.33        0.00
     0     0      456.00      375.00        0.00
     0     0      452.00      375.00        0.00
     0     0      446.67      375.00        0.00
     0     0      442.67      375.00        0.00
     0     0      438.67      373.67        0.00
     0     0      434.67      373.67        0.00
     0     0      428.00      372.33        0.00
     0     0      422.67      372.33        0.00
     0     0      418.67      371.00        0.00
     0     0      413.33      369.67        0.00
     0     0      408.00      368.33        0.00
     0     0      402.67      367.00        0.00
     0     0      398.67      365.67        0.00
     0     0      393.33      364.33        0.00
     0     0      388.00      363.00        0.00
     0     0      382.67      361.67        0.00
     0     0      378.67      359.00        0.00
     0     0      374.67      359.00        0.00
     0     0      370.67      356.33        0.00
     0     0      366.67      353.67        0.00
     0     0      362.67      352.33        0.00
     0     0      358.67      349.67        0.00
     0     0      353.33      348.33        0.00
     0     0      348.00      347.00        0.00
     0     0      344.00      345.67        0.00
     0     0      340.00      345.67        0.00
     0     0      336.00      344.33        0.00
     0     0      329.33      343.00        0.00
     0     0      325.33      343.00        0.00
     0     0      320.00      343.00        0.00
     0     0      314.67      343.00        0.00
     0     0      310.67      343.00        0.00
     0     0      305.33      341.67        0.00
     0     0      300.00      340.33        0.00
     0     0      296.00      339.00        0.00
     0     0      292.00      337.67        0.00
     0     0      288.00      335.00        0.00
     0     0      284.00      331.00        0.00
     0     0      278.67      328.33        0.00
     0     0      274.67      323.00        0.00
     0     0      270.67      320.33        0.00
     0     0      266.67      317.67        0.00
     0     0      264.00      313.67        0.00
     0     0      261.33      311.00        0.00
     0     0      257.33      308.33        0.00
     0     0      253.33      307.00        0.00
     0     0      249.33      304.33        0.00
     0     0      244.00      303.00        0.00
     0     0      240.00      301.67        0.00
     0     0      236.00      301.67        0.00
     0     0      232.00      301.67        0.00
     0     0      228.00      301.67        0.00
     0     0      222.67      301.67        0.00
     0     0      217.33      301.67        0.00
     0     0      212.00      301.67        0.00
     0     0      206.67      301.67        0.00
     0     0      202.67      301.67        0.00
     0     0      198.67      301.67        0.00
     0     0      193.33      301.67        0.00
     0     0      189.33      301.67        0.00
     0     0      185.33      303.00        0.00
     0     0      181.33      303.00        0.00
     0     0      177.33      303.00        0.00
     0     0      172.00      304.33        0.00
     0     0      166.67      305.67        0.00
     0     0      161.33      308.33        0.00
     0     0      156.00      308.33        0.00
     0     0      152.00      309.67        0.00
     0     0      148.00      311.00        0.00
     0     0      142.67      312.33        0.00
     0     0      138.67      313.67        0.00
     0     0      134.67      315.00        0.00
     0     0      130.67      316.33        0.00
     0     0      125.33      316.33        0.00
     0     0      121.33      317.67        0.00
     0     0      116.00      319.00        0.00
     0     0      112.00      319.00        0.00
     0     0      106.67      320.33        0.00
     0     0      102.67      321.67        0.00
     0     0       98.67      324.33        0.00
     0     0       96.00      327.00        0.00
     0     0       92.00      328.33        0.00
     0     0       86.67      329.67        0.00
     0     0       84.00      332.33        0.00
     0     0       80.00      335.00        0.00
     0     0       73.33      339.00        0.00
     0     0       69.33      341.67        0.00
     0     0       65.33      343.00        0.00
     0     0       61.33      344.33        0.00
     0     0       57.33      345.67        0.00
     0     0       54.67      348.33        0.00
     0     0       50.67      349.67        0.00
     0     0       45.33      351.00        0.00
     0     0       41.33      353.67        0.00
     0     0       36.00      356.33        0.00
     0     0       32.00      357.67        0.00
     0     0       28.00      360.33        0.00
     0     0       22.67      363.00        0.00
     0     0       20.00      365.67        0.00
     0     0       16.00      367.00        0.00
     0     0       13.33      369.67        0.00
     0     0        9.33      371.00        0.00
     0     0        6.67      373.67        0.00
     0     0        4.00      376.33        0.00
     0     0        1.33      379.00        0.00
     0     0       -1.33      381.67        0.00
     0     0       -2.67      385.67        0.00
     0     1       -1.33      102.67        0.00
     0     1        2.67      105.33        0.00
     0     1        5.33      108.00        0.00
     0     1        9.33      109.33        0.00
     0     1       14.67      113.33        0.00
     0     1       18.67      114.67        0.00
     0     1       22.67      117.33        0.00
     0     1       26.67      118.67        0.00
     0     1       30.67      120.00        0.00
     0     1       36.00      122.67        0.00
     0     1       40.00      124.00        0.00
     0     1       44.00      125.33        0.00
     0     1       48.00      126.67        0.00
     0     1       52.00      129.33        0.00
     0     1       56.00      130.67        0.00
     0     1       60.00      132.00        0.00
     0     1       65.33      134.67        0.00
     0     1       69.33      136.00        0.00
     0     1       73.33      138.67        0.00
     0     1       77.33      140.00        0.00
     0     1       81.33      141.33        0.00
     0     1       85.33      144.00        0.00
     0     1       89.33      145.33        0.00
     0     1       93.33      148.00        0.00
     0     1       96.00      150.67        0.00
     0     1      101.33      152.00        0.00
     0     1      105.33      154.67        0.00
     0     1      110.67      156.00        0.00
     0     1      114.67      157.33        0.00
     0     1      118.67      160.00        0.00
     0     1      122.67      161.33        0.00
     0     1      126.67      164.00        0.00
     0     1      129.33      166.67        0.00
     0     1      133.33      168.00        0.00
     0     1      137.33      170.67        0.00
     0     1      140.00      173.33        0.00
     0     1      142.67      176.00        0.00
     0     1      145.33      178.67        0.00
     0     1      149.33      181.33        0.00
     0     1      152.00      184.00        0.00
     0     1      154.67      186.67        0.00
     0     1      157.33      189.33        0.00
     0     1      160.00      192.00        0.00
     0     1      162.67      194.67        0.00
     0     1      165.33      198.67        0.00
     0     1      168.00      201.33        0.00
     0     1      169.33      205.33        0.00
     0     1      172.00      209.33        0.00
     0     1      174.67      213.33        0.00
     0     1      177.33      216.00        0.00
     0     1      180.00      220.00        0.00
     0     1      182.67      222.67        0.00
     0     1      185.33      226.67        0.00
     0     1      188.00      229.33        0.00
     0     1      189.33      233.33        0.00
     0     1      193.33      238.67        0.00
     0     1      194.67      242.67        0.00
     0     1      197.33      246.67        0.00
     0     1      200.00      249.33        0.00
     0     1      202.67      254.67        0.00
     0     1      205.33      258.67        0.00
     0     1      208.00      262.67        0.00
     0     1      210.67      265.33        0.00
     0     1      213.33      270.67        0.00
     0     1      216.00      273.33        0.00
     0     1      220.00      277.33        0.00
     0     1      222.67      280.00        0.00
     0     1      225.33      282.67        0.00
     0     1      230.67      286.67        0.00
     0     1      234.67      289.33        0.00
     0     1      238.67      292.00        0.00
     0     1      241.33      294.67        0.00
     0     1      245.33      297.33        0.00
     0     1      249.33      298.67        0.00
     0     1      253.33      301.33        0.00
     0     1      257.33      304.00        0.00
     0     1      262.67      306.67        0.00
     0     1      266.67      308.00        0.00
     0     1      270.67      309.33        0.00
     0     1      277.33      312.00        0.00
     0     1      281.33      313.33        0.00
     0     1      288.00      313.33        0.00
     0     1      294.67      314.67        0.00
     0     1      298.67      316.00        0.00
     0     1      305.33      317.33        0.00
     0     1      310.67      317.33        0.00
     0     1      316.00      318.67        0.00
     0     1      321.33      320.00        0.00
     0     1      325.33      321.33        0.00
     0     1      330.67      322.67        0.00
     0     1      338.67      322.67        0.00
     0     1      345.33      322.67        0.00
     0     1      353.33      322.67        0.00
     0     1      360.00      322.67        0.00
     0     1      364.00      324.00        0.00
     0     1      370.67      324.00        0.00
     0     1      377.33      326.67        0.00
     0     1      389.33      329.33        0.00
     0     1      394.67      330.67        0.00
     0     1      398.67      332.00        0.00
     0     1      405.33      333.33        0.00
     0     1      412.00      334.67        0.00
     0     1      417.33      336.00        0.00
     0     1      422.67      337.33        0.00
     0     1      428.00      337.33        0.00
     0     1      432.00      338.67        0.00
     0     1      436.00      338.67        0.00
     0     1      442.67      340.00        0.00
     0     1      448.00      340.00        0.00
     0     1      452.00      341.33        0.00
     0     1      458.67      342.67        0.00
     0     1      465.33      342.67        0.00
     0     1      473.33      344.00        0.00
     0     1      478.67      344.00        0.00
     0     1      485.33      345.33        0.00
     0     1      492.00      346.67        0.00
     0     1      500.00      348.00        0.00
     0     1      506.67      349.33        0.00
     0     1      512.00      349.33        0.00
     0     1      516.00      350.67        0.00
     0     1      522.67      352.00        0.00
     0     1      529.33      353.33        0.00
     0     1      537.33      353.33        0.00
     0     1      542.67      354.67        0.00
     0     1      546.67      356.00        0.00
     0     1      550.67      356.00        0.00
     0     1      556.00      357.33        0.00
     0     1      560.00      357.33        0.00
     0     1      566.67      358.67        0.00
     0     1      573.33      358.67        0.00
     0     1      578.67      358.67        0.00
     0     1      586.67      360.00        0.00
     0     1      590.67      360.00        0.00
     0     1      596.00      361.33        0.00
     0     1      602.67      361.33        0.00
     0     1      606.67      362.67        0.00
     0     1      614.67      364.00        0.00
     0     1      618.67      365.33        0.00
     0     1      626.67      366.67        0.00
     0     1      632.00      368.00        0.00
     0     1      638.67      369.33        0.00
     0     1      642.67      370.67        0.00
     0     1      646.67      372.00        0.00
     0     1      654.67      373.33        0.00
     0     1      658.67      374.67        0.00
     0     1      662.67      374.67        0.00
     0     1      670.67      376.00        0.00
     0     1      674.67      377.33        0.00
     0     1      681.33      377.33        0.00
     0     1      693.33      378.67        0.00
     0     1      698.67      378.67        0.00
     0     1      702.67      380.00        0.00
     0     1      708.00      381.33        0.00
     0     1      712.00      382.67        0.00
     0     1      716.00      382.67        0.00
     0     1      724.00      382.67        0.00
     0     1      729.33      384.00        0.00
     0     1      734.67      385.33        0.00
     0     1      738.67      386.67        0.00
     0     1      742.67      388.00        0.00
     0     1      750.67      389.33        0.00
     0     1      756.00      390.67        0.00
     0     1      761.33      393.33        0.00
     0     1      766.67      393.33        0.00
     0     1      773.33      396.00        0.00
     0     1      777.33      396.00        0.00
     0     1      781.33      398.67        0.00
     0     1      786.67      401.33        0.00
     0     1      792.00      401.33        0.00
     0     1      798.67      402.67        0.00
     0     1      802.67      404.00        0.00
     0     1      810.67      405.33        0.00
     0     1      816.00      406.67        0.00
     0     1      820.00      408.00        0.00
     0     1      824.00      409.33        0.00
     0     1      829.33      410.67        0.00
     0     1      834.67      413.33        0.00
     0     1      840.00      414.67        0.00
     0     1      844.00      416.00        0.00
     0     1      852.00      417.33        0.00
     0     1      857.33      417.33        0.00
     0     1      864.00      420.00        0.00
     0     1      869.33      420.00        0.00
     0     1      873.33      422.67        0.00
     0     1      877.33      424.00        0.00
     0     1      882.67      425.33        0.00
     0     1      886.67      428.00        0.00
     0     1      890.67      429.33        0.00
     0     1      893.33      432.00        0.00
     0     1      897.33      434.67        0.00
     0     1      901.33      436.00        0.00
     0     1      905.33      437.33        0.00
     0     1      910.67      441.33        0.00
     0     1      914.67      442.67        0.00
     0     1      918.67      444.00        0.00
     0     1      924.00      446.67        0.00
     0     1      929.33      448.00        0.00
     0     1      933.33      449.33        0.00
     0     1      937.33      450.67        0.00
     0     1      942.67      452.00        0.00
     0     1      946.67      453.33        0.00
     0     1      950.67      456.00        0.00
     0     1      954.67      457.33        0.00
     0     1      958.67      458.67        0.00
     0     1      962.67      461.33        0.00
     0     1      968.00      464.00        0.00
     0     1      972.00      465.33        0.00
     0     1      976.00      466.67        0.00
     0     1      980.00      468.00        0.00
     0     1      985.33      470.67        0.00
     0     1      990.67      472.00        0.00
     0     1      994.67      473.33        0.00
     0     1      998.67      474.67        0.00
     0     1     1002.67      476.00        0.00
     0     1     1006.67      476.00        0.00
     0     1     1010.67      474.67        0.00
     0     1     1016.00      472.00        0.00
     0     1     1022.67      469.33        0.00
     0     1     1026.67      468.00        0.00
     0     1     1032.00      466.67        0.00
     0     1     1038.67      464.00        0.00
     0     1     1042.67      462.67        0.00
     0     1     1048.00      461.33        0.00
     0     1     1054.67      458.67        0.00
     0     1     1057.33      456.00        0.00
     0     1     1064.00      454.67        0.00
     0     1     1070.67      452.00        0.00
     0     1     1074.67      449.33        0.00
     0     1     1080.00      448.00        0.00
     0     1     1086.67      444.00        0.00
     0     1     1093.33      441.33        0.00
     0     1     1096.00      438.67        0.00
     0     1     1101.33      436.00        0.00
     0     1     1110.67      429.33        0.00
     0     1     1113.33      426.67        0.00
     0     1     1117.33      422.67        0.00
     0     1     1122.67      416.00        0.00
     0     1     1128.00      412.00        0.00
     0     1     1132.00      406.67        0.00
     0     1     1136.00      404.00        0.00
     0     1     1140.00      401.33        0.00
     0     1     1144.00      397.33        0.00
     0     1     1153.33      389.33        0.00
     0     1     1158.67      385.33        0.00
     0     1     1161.33      382.67        0.00
     0     1     1165.33      380.00        0.00
     0     1     1168.00      376.00        0.00
     0     1     1172.00      373.33        0.00
     0     1     1174.67      369.33        0.00
     0     1     1177.33      366.67        0.00
     0     1     1182.67      361.33        0.00
     0     1     1188.00      356.00        0.00
     0     1     1190.67      352.00        0.00
     0     1     1193.33      349.33        0.00
     0     1     1194.67      345.33        0.00
     0     1     1197.33      342.67        0.00
     0     1     1200.00      338.67        0.00
     0     1     1202.67      333.33        0.00
     0     1     1205.33      328.00        0.00
     0     1     1208.00      322.67        0.00
     0     1     1209.33      318.67        0.00
     0     1     1209.33      314.67        0.00
     0     1     1209.33      309.33        0.00
     0     1     1210.67      302.67        0.00
     0     1     1212.00      298.67        0.00
     0     1     1210.67      294.67        0.00
     0     1     1209.33      286.67        0.00
     0     1     1208.00      281.33        0.00
     0     1     1205.33      274.67        0.00
     0     1     1202.67      270.67        0.00
     0     1     1200.00      265.33        0.00
     0     1     1197.33      258.67        0.00
     0     1     1193.33      253.33        0.00
     0     1     1188.00      249.33        0.00
     0     1     1185.33      245.33        0.00
     0     1     1180.00      240.00        0.00
     0     1     1177.33      234.67        0.00
     0     1     1173.33      228.00        0.00
     0     1     1169.33      224.00        0.00
     0     1     1165.33      220.00        0.00
     0     1     1158.67      214.67        0.00
     0     1     1153.33      210.67        0.00
     0     1     1148.00      205.33        0.00
     0     1     1142.67      201.33        0.00
     0     1     1137.33      196.00        0.00
     0     1     1132.00      190.67        0.00
     0     1     1128.00      184.00        0.00
     0     1     1125.33      180.00        0.00
     0     1     1120.00      176.00        0.00
     0     1     1114.67      172.00        0.00
     0     1     1110.67      169.33        0.00
     0     1     1105.33      168.00        0.00
     0     1     1098.67      165.33        0.00
     0     1     1092.00      162.67        0.00
     0     1     1088.00      160.00        0.00
     0     1     1084.00      158.67        0.00
     0     1     1080.00      157.33        0.00
     0     1     1076.00      156.00        0.00
     0     1     1072.00      154.67        0.00
     0     1     1068.00      153.33        0.00
     0     1     1064.00      152.00        0.00
     0     1     1060.00      150.67        0.00
     0     1     1054.67      148.00        0.00
     0     1     1049.33      146.67        0.00
     0     1     1044.00      145.33        0.00
     0     1     1038.67      144.00        0.00
     0     1     1033.33      142.67        0.00
     0     1     1026.67      140.00        0.00
     0     1     1021.33      138.67        0.00
     0     1     1016.00      137.33        0.00
     0     1     1009.33      134.67        0.00
     0     1     1005.33      133.33        0.00
     0     1     1001.33      132.00        0.00
     0     1      997.33      132.00        0.00
     0     1      992.00      130.67        0.00
     0     1      986.67      129.33        0.00
     0     1      981.33      128.00        0.00
     0     1      974.67      126.67        0.00
     0     1      970.67      125.33        0.00
     0     1      962.67      124.00        0.00
     0     1      957.33      122.67        0.00
     0     1      952.00      121.33        0.00
     0     1      946.67      121.33        0.00
     0     1      940.00      118.67        0.00
     0     1      936.00      117.33        0.00
     0     1      930.67      117.33        0.00
     0     1      925.33      117.33        0.00
     0     1      918.67      116.00        0.00
     0     1      910.67      116.00        0.00
     0     1      905.33      114.67        0.00
     0     1      898.67      113.33        0.00
     0     1      892.00      113.33        0.00
     0     1      884.00      113.33        0.00
     0     1      878.67      113.33        0.00
     0     1      873.33      113.33        0.00
     0     1      869.33      114.67        0.00
     0     1      860.00      116.00        0.00
     0     1      853.33      116.00        0.00
     0     1      848.00      116.00        0.00
     0     1      838.67      117.33        0.00
     0     1      829.33      118.67        0.00
     0     1      821.33      118.67        0.00
     0     1      813.33      118.67        0.00
     0     1      805.33      120.00        0.00
     0     1      796.00      121.33        0.00
     0     1      786.67      121.33        0.00
     0     1      780.00      121.33        0.00
     0     1      773.33      121.33        0.00
     0     1      765.33      122.67        0.00
     0     1      758.67      124.00        0.00
     0     1      750.67      125.33        0.00
     0     1      745.33      126.67        0.00
     0     1      741.33      126.67        0.00
     0     1      734.67      129.33        0.00
     0     1      728.00      129.33        0.00
     0     1      720.00      130.67        0.00
     0     1      712.00      130.67        0.00
     0     1      705.33      130.67        0.00
     0     1      698.67      132.00        0.00
     0     1      692.00      132.00        0.00
     0     1      685.33      132.00        0.00
     0     1      678.67      132.00        0.00
     0     1      670.67      132.00        0.00
     0     1      665.33      132.00        0.00
     0     1      656.00      132.00        0.00
     0     1      649.33      129.33        0.00
     0     1      641.33      126.67        0.00
     0     1      637.33      126.67        0.00
     0     1      632.00      125.33        0.00
     0     1      628.00      124.00        0.00
     0     1      624.00      121.33        0.00
     0     1      618.67      120.00        0.00
     0     1      613.33      118.67        0.00
     0     1      604.00      114.67        0.00
     0     1      600.00      112.00        0.00
     0     1      596.00      110.67        0.00
     0     1      592.00      110.67        0.00
     0     1      586.67      108.00        0.00
     0     1      581.33      106.67        0.00
     0     1      577.33      106.67        0.00
     0     1      572.00      104.00        0.00
     0     1      568.00      104.00        0.00
     0     1      564.00      101.33        0.00
     0     1      557.33      100.00        0.00
     0     1      552.00       98.67        0.00
     0     1      542.67       97.33        0.00
     0     1      538.67       97.33        0.00
     0     1      534.67       96.00        0.00
     0     1      529.33       94.67        0.00
     0     1      525.33       93.33        0.00
     0     1      521.33       92.00        0.00
     0     1      517.33       89.33        0.00
     0     1      513.33       89.33        0.00
     0     1      508.00       86.67        0.00
     0     1      504.00       86.67        0.00
     0     1      500.00       85.33        0.00
     0     1      496.00       84.00        0.00
     0     1      490.67       82.67        0.00
     0     1      486.67       81.33        0.00
     0     1      482.67       81.33        0.00
     0     1      478.67       80.00        0.00
     0     1      474.67       78.67        0.00
     0     1      469.33       78.67        0.00
     0     1      465.33       78.67        0.00
     0     1      460.00       78.67        0.00
     0     1      454.67       78.67        0.00
     0     1      450.67       78.67        0.00
     0     1      446.67       78.67        0.00
     0     1      441.33       78.67        0.00
     0     1      437.33       77.33        0.00
     0     1      433.33       77.33        0.00
     0     1      428.00       77.33        0.00
     0     1      424.00       77.33        0.00
     0     1      420.00       76.00        0.00
     0     1      416.00       76.00        0.00
     0     1      412.00       74.67        0.00
     0     1      408.00       73.33        0.00
     0     1      404.00       72.00        0.00
     0     1      400.00       69.33        0.00
     0     1      396.00       66.67        0.00
     0     1      392.00       65.33        0.00
     0     1      386.67       62.67        0.00
     0     1      382.67       61.33        0.00
     0     1      377.33       58.67        0.00
     0     1      373.33       57.33        0.00
     0     1      369.33       56.00        0.00
     0     1      365.33       53.33        0.00
     0     1      361.33       52.00        0.00
     0     1      357.33       49.33        0.00
     0     1      350.67       46.67        0.00
     0     1      346.67       44.00        0.00
     0     1      341.33       42.67        0.00
     0     1      334.67       40.00        0.00
     0     1      329.33       37.33        0.00
     0     1      324.00       36.00        0.00
     0     1      317.33       33.33        0.00
     0     1      313.33       32.00        0.00
     0     1      309.33       30.67        0.00
     0     1      305.33       28.00        0.00
     0     1      301.33       25.33        0.00
     0     1      297.33       21.33        0.00
     0     1      294.67       17.33        0.00
     0     1      290.67       14.67        0.00
     0     1      288.00       12.00        0.00
     0     1      284.00        9.33        0.00
     0     1      280.00        6.67        0.00
     0     1      277.33        4.00        0.00
     0     1      273.33        4.00        0.00
     0     1      269.33        1.33        0.00
     0     1       -2.67       -2.67        0.00
     0     2       86.00     1028.00        0.00
     0     2       92.00     1026.00        0.00
     0     2       98.00     1024.00        0.00
     0     2      102.00     1020.00        0.00
     0     2      106.00     1016.00        0.00
     0     2      110.00     1012.00        0.00
     0     2      114.00     1006.00        0.00
     0     2      118.00     1000.00        0.00
     0     2      124.00      994.00        0.00
     0     2      128.00      988.00        0.00
     0     2      134.00      984.00        0.00
     0     2      142.00      980.00        0.00
     0     2      148.00      976.00        0.00
     0     2      156.00      972.00        0.00
     0     2      164.00      970.00        0.00
     0     2      174.00      968.00        0.00
     0     2      182.00      966.00        0.00
     0     2      194.00      966.00        0.00
     0     2      200.00      964.00        0.00
     0     2      206.00      964.00        0.00
     0     2      212.00      964.00        0.00
     0     2      220.00      964.00        0.00
     0     2      228.00      964.00        0.00
     0     2      236.00      966.00        0.00
     0     2      246.00      966.00        0.00
     0     2      254.00      968.00        0.00
     0     2      264.00      970.00        0.00
     0     2      272.00      972.00        0.00
     0     2      284.00      974.00        0.00
     0     2      292.00      976.00        0.00
     0     2      302.00      976.00        0.00
     0     2      314.00      978.00        0.00
     0     2      322.00      978.00        0.00
     0     2      332.00      978.00        0.00
     0     2      346.00      976.00        0.00
     0     2      356.00      976.00        0.00
     0     2      364.00      974.00        0.00
     0     2      370.00      972.00        0.00
     0     2      378.00      968.00        0.00
     0     2      388.00      966.00        0.00
     0     2      396.00      964.00        0.00
     0     2      404.00      960.00        0.00
     0     2      410.00      958.00        0.00
     0     2      416.00      956.00        0.00
     0     2      422.00      954.00        0.00
     0     2      426.00      950.00        0.00
     0     2      432.00      948.00        0.00
     0     2      438.00      946.00        0.00
     0     2      446.00      944.00        0.00
     0     2      454.00      942.00        0.00
     0     2      462.00      940.00        0.00
     0     2      468.00      938.00        0.00
     0     2      476.00      938.00        0.00
     0     2      486.00      936.00        0.00
     0     2      494.00      936.00        0.00
     0     2      502.00      936.00        0.00
     0     2      510.00      936.00        0.00
     0     2      524.00      936.00        0.00
     0     2      532.00      936.00        0.00
     0     2      540.00      936.00        0.00
     0     2      546.00      938.00        0.00
     0     2      554.00      938.00        0.00
     0     2      560.00      940.00        0.00
     0     2      568.00      942.00        0.00
     0     2      576.00      944.00        0.00
     0     2      582.00      946.00        0.00
     0     2      592.00      948.00        0.00
     0     2      598.00      950.00        0.00
     0     2      608.00      952.00        0.00
     0     2      614.00      954.00        0.00
     0     2      622.00      956.00        0.00
     0     2      632.00      958.00        0.00
     0     2      638.00      960.00        0.00
     0     2      646.00      962.00        0.00
     0     2      656.00      964.00        0.00
     0     2      662.00      964.00        0.00
     0     2      672.00      966.00        0.00
     0     2      680.00      968.00        0.00
     0     2      686.00      970.00        0.00
     0     2      694.00      970.00        0.00
     0     2      702.00      972.00        0.00
     0     2      708.00      972.00        0.00
     0     2      718.00      974.00        0.00
     0     2      726.00      974.00        0.00
     0     2      736.00      976.00        0.00
     0     2      742.00      978.00        0.00
     0     2      752.00      980.00        0.00
     0     2      760.00      982.00        0.00
     0     2      768.00      982.00        0.00
     0     2      776.00      984.00        0.00
     0     2      786.00      984.00        0.00
     0     2      794.00      984.00        0.00
     0     2      804.00      984.00        0.00
     0     2      810.00      984.00        0.00
     0     2      816.00      984.00        0.00
     0     2      822.00      984.00        0.00
     0     2      828.00      986.00        0.00
     0     2      834.00      986.00        0.00
     0     2      840.00      988.00        0.00
     0     2      846.00      988.00        0.00
     0     2      856.00      988.00        0.00
     0     2      864.00      990.00        0.00
     0     2      872.00      992.00        0.00
     0     2      880.00      992.00        0.00
     0     2      886.00      994.00        0.00
     0     2      892.00      994.00        0.00
     0     2      902.00      994.00        0.00
     0     2      908.00      994.00        0.00
     0     2      914.00      994.00        0.00
     0     2      924.00      994.00        0.00
     0     2      930.00      994.00        0.00
     0     2      940.00      994.00        0.00
     0     2      946.00      994.00        0.00
     0     2      952.00      994.00        0.00
     0     2      962.00      994.00        0.00
     0     2      970.00      994.00        0.00
     0     2      976.00      994.00        0.00
     0     2      984.00      992.00        0.00
     0     2      992.00      992.00        0.00
     0     2     1000.00      990.00        0.00
     0     2     1006.00      990.00        0.00
     0     2     1014.00      990.00        0.00
     0     2     1024.00      990.00        0.00
     0     2     1032.00      990.00        0.00
     0     2     1040.00      990.00        0.00
     0     2     1052.00      990.00        0.00
     0     2     1066.00      988.00        0.00
     0     2     1074.00      988.00        0.00
     0     2     1082.00      990.00        0.00
     0     2     1088.00      992.00        0.00
     0     2     1098.00      992.00        0.00
     0     2     1106.00      990.00        0.00
     0     2     1112.00      990.00        0.00
     0     2     1118.00      994.00        0.00
     0     2     1126.00      994.00        0.00
     0     2     1134.00      996.00        0.00
     0     2     1142.00     1000.00        0.00
     0     2     1152.00     1004.00        0.00
     0     2     1156.00     1008.00        0.00
     0     2     1162.00     1008.00        0.00
     0     2     1168.00     1012.00        0.00
     0     2     1174.00     1014.00        0.00
     0     2     1180.00     1014.00        0.00
     0     2     1186.00     1016.00        0.00
     0     2     1192.00     1018.00        0.00
     0     2     1198.00     1020.00        0.00
     0     2     1204.00     1020.00        0.00
     0     2     1210.00     1020.00        0.00
     0     2     1216.00     1020.00        0.00
     0     2     1222.00     1020.00        0.00
     0     2     1228.00     1022.00        0.00
     0     2     1234.00     1024.00        0.00
     0     2     1240.00     1028.00        0.00
     1     0      433.33      361.33        0.00
     1     0      428.00      360.00        0.00
     1     0      424.00      360.00        0.00
     1     0      420.00      357.33        0.00
     1     0      416.00      354.67        0.00
     1     0      412.00      353.33        0.00
     1     0      409.33      350.67        0.00
     1     0      409.33      346.67        0.00
     1     0      409.33      342.67        0.00
     1     0      412.00      340.00        0.00
     1     0      416.00      338.67        0.00
     1     0      420.00      338.67        0.00
     1     0      424.00      337.33        0.00
     1     0      428.00      337.33        0.00
     1     0      432.00      337.33        0.00
     1     0      436.00      338.67        0.00
     1     0      440.00      341.33        0.00
     1     0      444.00      344.00        0.00
     1     0      444.00      348.00        0.00
     1     0      444.00      352.00        0.00
     1     0      444.00      356.00        0.00
     1     0      442.67      360.00        0.00
     1     1      472.00      370.67        0.00
     1     1      468.00      372.00        0.00
     1     1      464.00      372.00        0.00
     1     1      460.00      370.67        0.00
     1     1      456.00      369.33        0.00
     1     1      452.00      366.67        0.00
     1     1      449.33      364.00        0.00
     1     1      448.00      360.00        0.00
     1     1      448.00      356.00        0.00
     1     1      449.33      352.00        0.00
     1     1      453.33      349.33        0.00
     1     1      457.33      346.67        0.00
     1     1      461.33      345.33        0.00
     1     1      466.67      344.00        0.00
     1     1      470.67      344.00        0.00
     1     1      474.67      344.00        0.00
     1     1      478.67      344.00        0.00
     1     1      481.33      346.67        0.00
     1     1      484.00      349.33        0.00
     1     1      484.00      353.33        0.00
     1     1      485.33      357.33        0.00
     1     1      485.33      361.33        0.00
     1     1      484.00      365.33        0.00
     1     2      521.33      386.67        0.00
     1     2      517.33      386.67        0.00
     1     2      514.67      384.00        0.00
     1     2      510.67      382.67        0.00
     1     2      508.00      380.00        0.00
     1     2      504.00      378.67        0.00
     1     2      502.67      374.67        0.00
     1     2      502.67      370.67        0.00
     1     2      504.00      366.67        0.00
     1     2      506.67      364.00        0.00
     1     2      510.67      362.67        0.00
     1     2      514.67      361.33        0.00
     1     2      518.67      360.00        0.00
     1     2      522.67      360.00        0.00
     1     2      526.67      360.00        0.00
     1     2      530.67      361.33        0.00
     1     2      534.67      364.00        0.00
     1     2      537.33      366.67        0.00
     1     2      540.00      370.67        0.00
     1     2      540.00      374.67        0.00
     1     2      540.00      378.67        0.00
     1     2      538.67      382.67        0.00
     1     2      536.00      385.33        0.00
     1     2      533.33      388.00        0.00
     1     3      565.33      402.67        0.00
     1     3      560.00      402.67        0.00
     1     3      556.00      401.33        0.00
     1     3      553.33      398.67        0.00
     1     3      550.67      396.00        0.00
     1     3      548.00      392.00        0.00
     1     3      546.67      386.67        0.00
     1     3      546.67      382.67        0.00
     1     3      545.33      377.33        0.00
     1     3      545.33      373.33        0.00
     1     3      548.00      368.00        0.00
     1     3      550.67      365.33        0.00
     1     3      553.33      362.67        0.00
     1     3      558.67      361.33        0.00
     1     3      562.67      361.33        0.00
     1     3      568.00      362.67        0.00
     1     3      572.00      364.00        0.00
     1     3      574.67      366.67        0.00
     1     3      577.33      369.33        0.00
     1     3      580.00      372.00        0.00
     1     3      581.33      376.00        0.00
     1     3      584.00      380.00        0.00
     1     3      584.00      384.00        0.00
     1     3      582.67      388.00        0.00
     1     3      581.33      392.00        0.00
     1     3      578.67      394.67        0.00
     1     4      637.33      408.00        0.00
     1     4      629.33      408.00        0.00
     1     4      625.33      406.67        0.00
     1     4      621.33      404.00        0.00
     1     4      618.67      401.33        0.00
     1     4      617.33      397.33        0.00
     1     4      614.67      394.67        0.00
     1     4      612.00      392.00        0.00
     1     4      612.00      388.00        0.00
     1     4      614.67      384.00        0.00
     1     4      617.33      381.33        0.00
     1     4      620.00      378.67        0.00
     1     4      624.00      376.00        0.00
     1     4      628.00      374.67        0.00
     1     4      632.00      373.33        0.00
     1     4      636.00      373.33        0.00
     1     4      640.00      376.00        0.00
     1     4      642.67      378.67        0.00
     1     4      644.00      382.67        0.00
     1     4      646.67      385.33        0.00
     1     4      646.67      389.33        0.00
     1     4      646.67      393.33        0.00
     1     4      646.67      397.33        0.00
     1     4      646.67      401.33        0.00
     1     5      705.33      426.67        0.00
     1     5      700.00      428.00        0.00
     1     5      694.67      428.00        0.00
     1     5      690.67      426.67        0.00
     1     5      686.67      425.33        0.00
     1     5      684.00      421.33        0.00
     1     5      682.67      417.33        0.00
     1     5      682.67      413.33        0.00
     1     5      682.67      409.33        0.00
     1     5      682.67      405.33        0.00
     1     5      684.00      401.33        0.00
     1     5      685.33      397.33        0.00
     1     5      686.67      393.33        0.00
     1     5      690.67      390.67        0.00
     1     5      694.67      390.67        0.00
     1     5      698.67      389.33        0.00
     1     5      702.67      389.33        0.00
     1     5      705.33      392.00        0.00
     1     5      708.00      394.67        0.00
     1     5      709.33      398.67        0.00
     1     5      710.67      402.67        0.00
     1     5      712.00      406.67        0.00
     1     5      712.00      410.67        0.00
     1     6      750.67      428.00        0.00
     1     6      746.67      428.00        0.00
     1     6      742.67      428.00        0.00
     1     6      737.33      428.00        0.00
     1     6      733.33      425.33        0.00
     1     6      730.67      422.67        0.00
     1     6      728.00      420.00        0.00
     1     6      728.00      416.00        0.00
     1     6      726.67      412.00        0.00
     1     6      726.67      408.00        0.00
     1     6      726.67      404.00        0.00
     1     6      726.67      400.00        0.00
     1     6      728.00      396.00        0.00
     1     6      730.67      393.33        0.00
     1     6      733.33      390.67        0.00
     1     6      737.33      389.33        0.00
     1     6      741.33      388.00        0.00
     1     6      745.33      388.00        0.00
     1     6      749.33      389.33        0.00
     1     6      752.00      392.00        0.00
     1     6      753.33      396.00        0.00
     1     6      754.67      400.00        0.00
     1     6      754.67      404.00        0.00
     1     6      757.33      406.67        0.00
     1     6      757.33      410.67        0.00
     1     6      757.33      414.67        0.00
     1     6      754.67      417.33        0.00
     1     7      882.67      465.33        0.00
     1     7      873.33      465.33        0.00
     1     7      869.33      465.33        0.00
     1     7      865.33      465.33        0.00
     1     7      861.33      464.00        0.00
     1     7      857.33      461.33        0.00
     1     7      854.67      458.67        0.00
     1     7      853.33      454.67        0.00
     1     7      853.33      450.67        0.00
     1     7      853.33      446.67        0.00
     1     7      854.67      442.67        0.00
     1     7      857.33      440.00        0.00
     1     7      861.33      438.67        0.00
     1     7      865.33      438.67        0.00
     1     7      869.33      438.67        0.00
     1     7      873.33      438.67        0.00
     1     7      877.33      440.00        0.00
     1     7      881.33      441.33        0.00
     1     7      884.00      444.00        0.00
     1     7      886.67      446.67        0.00
     1     7      889.33      449.33        0.00
     1     7      889.33      453.33        0.00
     1     7      889.33      457.33        0.00
     1     8     1081.33      569.33        0.00
     1     8     1072.00      569.33        0.00
     1     8     1068.00      569.33        0.00
     1     8     1064.00      569.33        0.00
     1     8     1058.67      569.33        0.00
     1     8     1054.67      568.00        0.00
     1     8     1050.67      565.33        0.00
     1     8     1046.67      564.00        0.00
     1     8     1042.67      561.33        0.00
     1     8     1040.00      558.67        0.00
     1     8     1037.33      556.00        0.00
     1     8     1034.67      553.33        0.00
     1     8     1033.33      549.33        0.00
     1     8     1032.00      545.33        0.00
     1     8     1032.00      541.33        0.00
     1     8     1034.67      537.33        0.00
     1     8     1037.33      534.67        0.00
     1     8     1041.33      530.67        0.00
     1     8     1045.33      529.33        0.00
     1     8     1049.33      528.00        0.00
     1     8     1053.33      526.67        0.00
     1     8     1057.33      528.00        0.00
     1     8     1061.33      529.33        0.00
     1     8     1064.00      533.33        0.00
     1     8     1066.67      537.33        0.00
     1     8     1069.33      540.00        0.00
     1     8     1070.67      544.00        0.00
     1     8     1073.33      546.67        0.00
     1     8     1074.67      550.67        0.00
     1     9     1054.67      138.67        0.00
     1     9     1052.00      141.33        0.00
     1     9     1048.00      141.33        0.00
     1     9     1044.00      141.33        0.00
     1     9     1038.67      141.33        0.00
     1     9     1034.67      140.00        0.00
     1     9     1030.67      138.67        0.00
     1     9     1028.00      134.67        0.00
     1     9     1028.00      130.67        0.00
     1     9     1028.00      126.67        0.00
     1     9     1029.33      122.67        0.00
     1     9     1033.33      121.33        0.00
     1     9     1037.33      118.67        0.00
     1     9     1041.33      118.67        0.00
     1     9     1045.33      117.33        0.00
     1     9     1049.33      117.33        0.00
     1     9     1053.33      117.33        0.00
     1     9     1057.33      117.33        0.00
     1     9     1060.00      120.00        0.00
     1     9     1062.67      124.00        0.00
     1     9     1064.00      128.00        0.00
     1     9     1064.00      132.00        0.00
     1    10      460.00       85.33        0.00
     1    10      452.00       88.00        0.00
     1    10      448.00       88.00        0.00
     1    10      444.00       85.33        0.00
     1    10      442.67       81.33        0.00
     1    10      442.67       76.00        0.00
     1    10      442.67       70.67        0.00
     1    10      442.67       66.67        0.00
     1    10      444.00       62.67        0.00
     1    10      446.67       60.00        0.00
     1    10      450.67       58.67        0.00
     1    10      456.00       58.67        0.00
     1    10      460.00       58.67        0.00
     1    10      464.00       58.67        0.00
     1    10      468.00       60.00        0.00
     1    10      472.00       62.67        0.00
     1    10      474.67       65.33        0.00
     1    10      476.00       69.33        0.00
     1    10      476.00       73.33        0.00
     1    10      476.00       77.33        0.00
     1    10      473.33       80.00        0.00
     1    10      469.33       80.00        0.00
