     0     0        3.00      309.00        0.00
     0     0        6.00      308.00        0.00
     0     0        9.00      306.00        0.00
     0     0       12.00      305.00        0.00
     0     0       15.00      303.00        0.00
     0     0       18.00      301.00        0.00
     0     0       21.00      300.00        0.00
     0     0       24.00      298.00        0.00
     0     0       27.00      296.00        0.00
     0     0       31.00      294.00        0.00
     0     0       34.00      292.00        0.00
     0     0       37.00      290.00        0.00
     0     0       40.00      289.00        0.00
     0     0       43.00      287.00        0.00
     0     0       45.00      284.00        0.00
     0     0       48.00      282.00        0.00
     0     0       51.00      280.00        0.00
     0     0       54.00      278.00        0.00
     0     0       57.00      274.00        0.00
     0     0       60.00      272.00        0.00
     0     0       63.00      269.00        0.00
     0     0       66.00      267.00        0.00
     0     0       69.00      265.00        0.00
     0     0       72.00      263.00        0.00
     0     0       74.00      260.00        0.00
     0     0       78.00      257.00        0.00
     0     0       83.00      255.00        0.00
     0     0       87.00      252.00        0.00
     0     0       90.00      250.00        0.00
     0     0       93.00      248.00        0.00
     0     0       97.00      245.00        0.00
     0     0      100.00      243.00        0.00
     0     0      103.00      240.00        0.00
     0     0      106.00      238.00        0.00
     0     0      109.00      236.00        0.00
     0     0      113.00      232.00        0.00
     0     0      116.00      230.00        0.00
     0     0      119.00      227.00        0.00
     0     0      122.00      225.00        0.00
     0     0      125.00      222.00        0.00
     0     0      129.00      218.00        0.00
     0     0      133.00      215.00        0.00
     0     0      136.00      212.00        0.00
     0     0      139.00      209.00        0.00
     0     0      142.00      206.00        0.00
     0     0      145.00      204.00        0.00
     0     0      148.00      201.00        0.00
     0     0      151.00      199.00        0.00
     0     0      153.00      196.00        0.00
     0     0      155.00      193.00        0.00
     0     0      158.00      190.00        0.00
     0     0      161.00      187.00        0.00
     0     0      163.00      184.00        0.00
     0     0      166.00      181.00        0.00
     0     0      169.00      177.00        0.00
     0     0      172.00      175.00        0.00
     0     0      174.00      172.00        0.00
     0     0      178.00      170.00        0.00
     0     0      182.00      167.00        0.00
     0     0      185.00      165.00        0.00
     0     0      189.00      162.00        0.00
     0     0      195.00      161.00        0.00
     0     0      199.00      159.00        0.00
     0     0      205.00      156.00        0.00
     0     0      210.00      155.00        0.00
     0     0      215.00      152.00        0.00
     0     0      220.00      151.00        0.00
     0     0      226.00      148.00        0.00
     0     0      230.00      146.00        0.00
     0     0      233.00      144.00        0.00
     0     0      237.00      141.00        0.00
     0     0      240.00      138.00        0.00
     0     0      244.00      136.00        0.00
     0     0      248.00      132.00        0.00
     0     0      251.00      129.00        0.00
     0     0      254.00      127.00        0.00
     0     0      258.00      123.00        0.00
     0     0      260.00      120.00        0.00
     0     0      263.00      118.00        0.00
     0     0      266.00      115.00        0.00
     0     0      269.00      111.00        0.00
     0     0      271.00      108.00        0.00
     0     0      274.00      104.00        0.00
     0     0      276.00      101.00        0.00
     0     0      279.00       98.00        0.00
     0     0      281.00       95.00        0.00
     0     0      284.00       92.00        0.00
     0     0      288.00       88.00        0.00
     0     0      292.00       85.00        0.00
     0     0      296.00       80.00        0.00
     0     0      300.00       76.00        0.00
     0     0      303.00       73.00        0.00
     0     0      305.00       70.00        0.00
     0     0      308.00       66.00        0.00
     0     0      311.00       63.00        0.00
     0     0      313.00       60.00        0.00
     0     0      317.00       56.00        0.00
     0     0      320.00       52.00        0.00
     0     0      324.00       48.00        0.00
     0     0      328.00       44.00        0.00
     0     0      329.00       41.00        0.00
     0     0      331.00       38.00        0.00
     0     0      334.00       34.00        0.00
     0     0      337.00       31.00        0.00
     0     0      340.00       28.00        0.00
     0     0      343.00       26.00        0.00
     0     0      345.00       23.00        0.00
     0     0      348.00       22.00        0.00
     0     0      351.00       19.00        0.00
     0     0      354.00       16.00        0.00
     0     0      356.00       13.00        0.00
     0     0      359.00       12.00        0.00
     0     0      361.00        9.00        0.00
     0     0      362.00        6.00        0.00
     0     0      361.00        3.00        0.00
     0     0      360.00        0.00        0.00
     0     0      361.00       -3.00        0.00
     0     0      217.00        2.00        0.00
     0     0      214.00        4.00        0.00
     0     0      212.00        7.00        0.00
     0     0      209.00        9.00        0.00
     0     0      206.00       11.00        0.00
     0     0      203.00       12.00        0.00
     0     0      200.00       14.00        0.00
     0     0      197.00       16.00        0.00
     0     0      194.00       17.00        0.00
     0     0      191.00       19.00        0.00
     0     0      188.00       21.00        0.00
     0     0      185.00       23.00        0.00
     0     0      182.00       25.00        0.00
     0     0      179.00       26.00        0.00
     0     0      176.00       27.00        0.00
     0     0      173.00       29.00        0.00
     0     0      170.00       30.00        0.00
     0     0      167.00       31.00        0.00
     0     0      163.00       32.00        0.00
     0     0      160.00       33.00        0.00
     0     0      157.00       34.00        0.00
     0     0      154.00       36.00        0.00
     0     0      151.00       39.00        0.00
     0     0      148.00       42.00        0.00
     0     0      146.00       45.00        0.00
     0     0      143.00       47.00        0.00
     0     0      140.00       48.00        0.00
     0     0      135.00       49.00        0.00
     0     0      131.00       49.00        0.00
     0     0      128.00       50.00        0.00
     0     0      124.00       51.00        0.00
     0     0      120.00       51.00        0.00
     0     0      117.00       52.00        0.00
     0     0      114.00       53.00        0.00
     0     0      111.00       54.00        0.00
     0     0      108.00       56.00        0.00
     0     0      105.00       57.00        0.00
     0     0      102.00       59.00        0.00
     0     0       99.00       61.00        0.00
     0     0       95.00       63.00        0.00
     0     0       92.00       66.00        0.00
     0     0       88.00       69.00        0.00
     0     0       84.00       72.00        0.00
     0     0       81.00       75.00        0.00
     0     0       78.00       78.00        0.00
     0     0       75.00       81.00        0.00
     0     0       72.00       84.00        0.00
     0     0       70.00       87.00        0.00
     0     0       67.00       89.00        0.00
     0     0       65.00       93.00        0.00
     0     0       62.00       95.00        0.00
     0     0       59.00       97.00        0.00
     0     0       56.00       99.00        0.00
     0     0       53.00      101.00        0.00
     0     0       50.00      102.00        0.00
     0     0       47.00      103.00        0.00
     0     0       42.00      105.00        0.00
     0     0       39.00      107.00        0.00
     0     0       36.00      108.00        0.00
     0     0       33.00      109.00        0.00
     0     0       29.00      110.00        0.00
     0     0       26.00      111.00        0.00
     0     0       23.00      113.00        0.00
     0     0       19.00      114.00        0.00
     0     0       16.00      116.00        0.00
     0     0       12.00      116.00        0.00
     0     0        9.00      118.00        0.00
     0     0        6.00      119.00        0.00
     0     0        3.00      120.00        0.00
     0     0        1.00      123.00        0.00
     0     1        1.00       89.00        0.00
     0     1        4.00       87.00        0.00
     0     1        8.00       85.00        0.00
     0     1       10.00       82.00        0.00
     0     1       14.00       80.00        0.00
     0     1       17.00       77.00        0.00
     0     1       21.00       75.00        0.00
     0     1       25.00       73.00        0.00
     0     1       29.00       71.00        0.00
     0     1       32.00       69.00        0.00
     0     1       36.00       67.00        0.00
     0     1       41.00       65.00        0.00
     0     1       45.00       63.00        0.00
     0     1       48.00       61.00        0.00
     0     1       51.00       60.00        0.00
     0     1       55.00       58.00        0.00
     0     1       58.00       56.00        0.00
     0     1       61.00       54.00        0.00
     0     1       64.00       52.00        0.00
     0     1       66.00       49.00        0.00
     0     1       70.00       45.00        0.00
     0     1       73.00       43.00        0.00
     0     1       75.00       40.00        0.00
     0     1       78.00       37.00        0.00
     0     1       81.00       36.00        0.00
     0     1       85.00       33.00        0.00
     0     1       88.00       31.00        0.00
     0     1       91.00       30.00        0.00
     0     1       95.00       29.00        0.00
     0     1       98.00       28.00        0.00
     0     1      101.00       27.00        0.00
     0     1      104.00       26.00        0.00
     0     1      107.00       25.00        0.00
     0     1      110.00       24.00        0.00
     0     1      113.00       23.00        0.00
     0     1      116.00       21.00        0.00
     0     1      119.00       20.00        0.00
     0     1      124.00       18.00        0.00
     0     1      127.00       17.00        0.00
     0     1      131.00       16.00        0.00
     0     1      134.00       15.00        0.00
     0     1      137.00       13.00        0.00
     0     1      140.00       12.00        0.00
     0     1      143.00       10.00        0.00
     0     1      146.00        8.00        0.00
     0     1      149.00        6.00        0.00
     0     1      152.00        4.00        0.00
     0     1      155.00        3.00        0.00
     0     1      158.00        2.00        0.00
     0     1      161.00        1.00        0.00
     0     1        0.00        0.00        0.00
     0     2      756.00        1.00        0.00
     0     2      753.00        5.00        0.00
     0     2      751.00        9.00        0.00
     0     2      750.00       12.00        0.00
     0     2      747.00       15.00        0.00
     0     2      744.00       20.00        0.00
     0     2      742.00       23.00        0.00
     0     2      741.00       27.00        0.00
     0     2      740.00       30.00        0.00
     0     2      738.00       34.00        0.00
     0     2      737.00       38.00        0.00
     0     2      736.00       41.00        0.00
     0     2      735.00       44.00        0.00
     0     2      734.00       47.00        0.00
     0     2      733.00       50.00        0.00
     0     2      733.00       55.00        0.00
     0     2      732.00       58.00        0.00
     0     2      732.00       63.00        0.00
     0     2      731.00       66.00        0.00
     0     2      730.00       70.00        0.00
     0     2      729.00       73.00        0.00
     0     2      728.00       76.00        0.00
     0     2      728.00       80.00        0.00
     0     2      727.00       83.00        0.00
     0     2      725.00       87.00        0.00
     0     2      725.00       91.00        0.00
     0     2      723.00       95.00        0.00
     0     2      723.00       99.00        0.00
     0     2      722.00      102.00        0.00
     0     2      720.00      107.00        0.00
     0     2      719.00      111.00        0.00
     0     2      718.00      114.00        0.00
     0     2      718.00      118.00        0.00
     0     2      717.00      121.00        0.00
     0     2      716.00      124.00        0.00
     0     2      716.00      128.00        0.00
     0     2      715.00      132.00        0.00
     0     2      714.00      136.00        0.00
     0     2      713.00      141.00        0.00
     0     2      711.00      144.00        0.00
     0     2      708.00      148.00        0.00
     0     2      706.00      152.00        0.00
     0     2      704.00      156.00        0.00
     0     2      702.00      160.00        0.00
     0     2      698.00      164.00        0.00
     0     2      695.00      167.00        0.00
     0     2      693.00      170.00        0.00
     0     2      691.00      173.00        0.00
     0     2      688.00      177.00        0.00
     0     2      684.00      182.00        0.00
     0     2      680.00      186.00        0.00
     0     2      677.00      189.00        0.00
     0     2      672.00      194.00        0.00
     0     2      669.00      197.00        0.00
     0     2      667.00      200.00        0.00
     0     2      665.00      204.00        0.00
     0     2      663.00      207.00        0.00
     0     2      661.00      211.00        0.00
     0     2      659.00      215.00        0.00
     0     2      657.00      219.00        0.00
     0     2      654.00      224.00        0.00
     0     2      652.00      229.00        0.00
     0     2      649.00      233.00        0.00
     0     2      647.00      239.00        0.00
     0     2      645.00      243.00        0.00
     0     2      644.00      246.00        0.00
     0     2      643.00      249.00        0.00
     0     2      641.00      253.00        0.00
     0     2      639.00      257.00        0.00
     0     2      638.00      260.00        0.00
     0     2      638.00      264.00        0.00
     0     2      638.00      269.00        0.00
     0     2      639.00      272.00        0.00
     0     2      639.00      276.00        0.00
     0     2      640.00      280.00        0.00
     0     2      641.00      285.00        0.00
     0     2      642.00      290.00        0.00
     0     2      643.00      296.00        0.00
     0     2      645.00      301.00        0.00
     0     2      646.00      307.00        0.00
     0     2      646.00      311.00        0.00
     0     2      646.00      316.00        0.00
     0     2      645.00      321.00        0.00
     0     2      644.00      325.00        0.00
     0     2      643.00      331.00        0.00
     0     2      641.00      335.00        0.00
     0     2      641.00      340.00        0.00
     0     2      641.00      347.00        0.00
     0     2      641.00      351.00        0.00
     0     2      641.00      356.00        0.00
     0     2      641.00      362.00        0.00
     0     2      641.00      367.00        0.00
     0     2      641.00      373.00        0.00
     0     2      641.00      377.00        0.00
     0     2      641.00      382.00        0.00
     0     2      641.00      386.00        0.00
     0     2      641.00      390.00        0.00
     0     2      641.00      394.00        0.00
     0     2      640.00      397.00        0.00
     0     2      640.00      401.00        0.00
     0     2      640.00      405.00        0.00
     0     2      639.00      408.00        0.00
     0     2      638.00      412.00        0.00
     0     2      637.00      415.00        0.00
     0     2      636.00      418.00        0.00
     0     2      635.00      421.00        0.00
     0     2      633.00      424.00        0.00
     0     2      631.00      427.00        0.00
     0     2      625.00      444.00        0.00
     0     2      622.00      446.00        0.00
     0     2      621.00      449.00        0.00
     0     2      620.00      453.00        0.00
     0     2      619.00      457.00        0.00
     0     2      617.00      460.00        0.00
     0     2      617.00      464.00        0.00
     0     2      616.00      468.00        0.00
     0     2      614.00      472.00        0.00
     0     2      613.00      476.00        0.00
     0     2      612.00      481.00        0.00
     0     2      612.00      485.00        0.00
     0     2      611.00      488.00        0.00
     0     2      610.00      492.00        0.00
     0     2      609.00      495.00        0.00
     0     2      608.00      498.00        0.00
     0     2      607.00      502.00        0.00
     0     2      606.00      507.00        0.00
     0     2      605.00      511.00        0.00
     0     2      604.00      516.00        0.00
     0     2      603.00      520.00        0.00
     0     2      602.00      525.00        0.00
     0     2      601.00      529.00        0.00
     0     2      600.00      535.00        0.00
     0     2      600.00      539.00        0.00
     0     2      599.00      543.00        0.00
     0     2      598.00      548.00        0.00
     0     2      596.00      553.00        0.00
     0     2      596.00      557.00        0.00
     0     2      595.00      560.00        0.00
     0     2      594.00      563.00        0.00
     0     2      593.00      568.00        0.00
     0     2      592.00      571.00        0.00
     0     2      590.00      575.00        0.00
     0     2      589.00      578.00        0.00
     0     2      588.00      581.00        0.00
     0     2      586.00      584.00        0.00
     0     2      585.00      587.00        0.00
     0     2      584.00      590.00        0.00
     0     2      583.00      593.00        0.00
     0     2      582.00      596.00        0.00
     0     2      580.00      599.00        0.00
     0     2      577.00      602.00        0.00
     0     2      574.00      605.00        0.00
     0     2      571.00      607.00        0.00
     0     2      568.00      609.00        0.00
     0     2      565.00      612.00        0.00
     0     2      561.00      615.00        0.00
     0     2      558.00      616.00        0.00
     0     2      555.00      617.00        0.00
     0     2      552.00      618.00        0.00
     0     2      548.00      620.00        0.00
     0     2      545.00      621.00        0.00
     0     2      542.00      623.00        0.00
     0     2      537.00      624.00        0.00
     0     2      534.00      625.00        0.00
     0     2      530.00      626.00        0.00
     0     2      525.00      626.00        0.00
     0     2      522.00      627.00        0.00
     0     2      518.00      627.00        0.00
     0     2      514.00      626.00        0.00
     0     2      510.00      626.00        0.00
     0     2      505.00      625.00        0.00
     0     2      502.00      624.00        0.00
     0     2      499.00      623.00        0.00
     0     2      496.00      621.00        0.00
     0     2      493.00      620.00        0.00
     0     2      490.00      619.00        0.00
     0     2      487.00      617.00        0.00
     0     2      484.00      615.00        0.00
     0     2      481.00      614.00        0.00
     0     2      478.00      612.00        0.00
     0     2      475.00      610.00        0.00
     0     2      472.00      609.00        0.00
     0     2      469.00      607.00        0.00
     0     2      466.00      605.00        0.00
     0     2      463.00      602.00        0.00
     0     2      460.00      600.00        0.00
     0     2      456.00      598.00        0.00
     0     2      454.00      595.00        0.00
     0     2      452.00      592.00        0.00
     0     2      448.00      589.00        0.00
     0     2      446.00      586.00        0.00
     0     2      443.00      583.00        0.00
     0     2      441.00      580.00        0.00
     0     2      439.00      577.00        0.00
     0     2      436.00      574.00        0.00
     0     2      435.00      571.00        0.00
     0     2      432.00      569.00        0.00
     0     2      429.00      566.00        0.00
     0     2      428.00      563.00        0.00
     0     2      426.00      559.00        0.00
     0     2      425.00      555.00        0.00
     0     2      425.00      551.00        0.00
     0     2      425.00      547.00        0.00
     0     2      425.00      543.00        0.00
     0     2      426.00      539.00        0.00
     0     2      427.00      535.00        0.00
     0     2      428.00      532.00        0.00
     0     2      429.00      527.00        0.00
     0     2      429.00      523.00        0.00
     0     2      429.00      518.00        0.00
     0     2      429.00      514.00        0.00
     0     2      429.00      510.00        0.00
     0     2      430.00      507.00        0.00
     0     2      430.00      503.00        0.00
     0     2      430.00      499.00        0.00
     0     2      431.00      496.00        0.00
     0     2      432.00      492.00        0.00
     0     2      433.00      488.00        0.00
     0     2      434.00      485.00        0.00
     0     2      435.00      480.00        0.00
     0     2      436.00      477.00        0.00
     0     2      438.00      473.00        0.00
     0     2      439.00      469.00        0.00
     0     2      440.00      465.00        0.00
     0     2      440.00      461.00        0.00
     0     2      441.00      457.00        0.00
     0     2      441.00      453.00        0.00
     0     2      442.00      450.00        0.00
     0     2      443.00      447.00        0.00
     0     2      443.00      443.00        0.00
     0     2      443.00      439.00        0.00
     0     2      443.00      435.00        0.00
     0     2      443.00      431.00        0.00
     0     2      443.00      427.00        0.00
     0     2      443.00      423.00        0.00
     0     2      443.00      419.00        0.00
     0     2      442.00      415.00        0.00
     0     2      441.00      412.00        0.00
     0     2      440.00      409.00        0.00
     0     2      438.00      406.00        0.00
     0     2      436.00      403.00        0.00
     0     2      435.00      400.00        0.00
     0     2      433.00      396.00        0.00
     0     2      432.00      392.00        0.00
     0     2      431.00      389.00        0.00
     0     2      431.00      385.00        0.00
     0     2      431.00      380.00        0.00
     0     2      432.00      377.00        0.00
     0     2      433.00      374.00        0.00
     0     2      434.00      369.00        0.00
     0     2      434.00      365.00        0.00
     0     2      435.00      360.00        0.00
     0     2      435.00      355.00        0.00
     0     2      435.00      350.00        0.00
     0     2      435.00      345.00        0.00
     0     2      434.00      341.00        0.00
     0     2      434.00      337.00        0.00
     0     2      433.00      334.00        0.00
     0     2      433.00      330.00        0.00
     0     2      431.00      326.00        0.00
     0     2      430.00      323.00        0.00
     0     2      429.00      320.00        0.00
     0     2      428.00      315.00        0.00
     0     2      427.00      312.00        0.00
     0     2      425.00      308.00        0.00
     0     2      425.00      303.00        0.00
     0     2      425.00      299.00        0.00
     0     2      425.00      295.00        0.00
     0     2      426.00      292.00        0.00
     0     2      427.00      289.00        0.00
     0     2      428.00      286.00        0.00
     0     2      429.00      283.00        0.00
     0     2      431.00      279.00        0.00
     0     2      432.00      275.00        0.00
     0     2      433.00      271.00        0.00
     0     2      433.00      266.00        0.00
     0     2      434.00      263.00        0.00
     0     2      434.00      258.00        0.00
     0     2      435.00      253.00        0.00
     0     2      436.00      250.00        0.00
     0     2      438.00      247.00        0.00
     0     2      439.00      244.00        0.00
     0     2      440.00      241.00        0.00
     0     2      441.00      237.00        0.00
     0     2      442.00      232.00        0.00
     0     2      442.00      227.00        0.00
     0     2      442.00      221.00        0.00
     0     2      442.00      216.00        0.00
     0     2      443.00      213.00        0.00
     0     2      444.00      209.00        0.00
     0     2      445.00      206.00        0.00
     0     2      446.00      202.00        0.00
     0     2      447.00      198.00        0.00
     0     2      448.00      194.00        0.00
     0     2      449.00      190.00        0.00
     0     2      450.00      187.00        0.00
     0     2      451.00      184.00        0.00
     0     2      454.00      183.00        0.00
     0     2      457.00      180.00        0.00
     0     2      460.00      177.00        0.00
     0     2      462.00      173.00        0.00
     0     2      465.00      171.00        0.00
     0     2      467.00      168.00        0.00
     0     2      469.00      165.00        0.00
     0     2      470.00      162.00        0.00
     0     2      474.00      158.00        0.00
     0     2      477.00      154.00        0.00
     0     2      478.00      151.00        0.00
     0     2      480.00      148.00        0.00
     0     2      482.00      145.00        0.00
     0     2      484.00      142.00        0.00
     0     2      487.00      137.00        0.00
     0     2      490.00      133.00        0.00
     0     2      492.00      130.00        0.00
     0     2      495.00      127.00        0.00
     0     2      497.00      124.00        0.00
     0     2      499.00      121.00        0.00
     0     2      501.00      118.00        0.00
     0     2      503.00      115.00        0.00
     0     2      505.00      111.00        0.00
     0     2      506.00      108.00        0.00
     0     2      507.00      105.00        0.00
     0     2      508.00      101.00        0.00
     0     2      509.00       98.00        0.00
     0     2      511.00       95.00        0.00
     0     2      513.00       92.00        0.00
     0     2      516.00       89.00        0.00
     0     2      518.00       86.00        0.00
     0     2      520.00       83.00        0.00
     0     2      522.00       80.00        0.00
     0     2      525.00       76.00        0.00
     0     2      528.00       72.00        0.00
     0     2      531.00       70.00        0.00
     0     2      532.00       67.00        0.00
     0     2      535.00       66.00        0.00
     0     2      538.00       64.00        0.00
     0     2      541.00       61.00        0.00
     0     2      544.00       58.00        0.00
     0     2      547.00       56.00        0.00
     0     2      565.00       46.00        0.00
     0     2      569.00       45.00        0.00
     0     2      572.00       43.00        0.00
     0     2      576.00       42.00        0.00
     0     2      579.00       40.00        0.00
     0     2      583.00       38.00        0.00
     0     2      586.00       35.00        0.00
     0     2      589.00       32.00        0.00
     0     2      591.00       29.00        0.00
     0     2      594.00       26.00        0.00
     0     2      597.00       23.00        0.00
     0     2      600.00       20.00        0.00
     0     2      602.00       17.00        0.00
     0     2      604.00       14.00        0.00
     0     2      607.00       11.00        0.00
     0     2      609.00        8.00        0.00
     0     2      610.00        5.00        0.00
     0     2      611.00        2.00        0.00
     0     2      612.00       -1.00        0.00
     0     3      332.00      680.00        0.00
     0     3      328.00      680.00        0.00
     0     3      325.00      681.00        0.00
     0     3      320.00      681.00        0.00
     0     3      316.00      680.00        0.00
     0     3      312.00      680.00        0.00
     0     3      309.00      679.00        0.00
     0     3      304.00      679.00        0.00
     0     3      301.00      678.00        0.00
     0     3      298.00      676.00        0.00
     0     3      295.00      675.00        0.00
     0     3      292.00      673.00        0.00
     0     3      288.00      671.00        0.00
     0     3      285.00      669.00        0.00
     0     3      281.00      668.00        0.00
     0     3      278.00      666.00        0.00
     0     3      275.00      664.00        0.00
     0     3      272.00      662.00        0.00
     0     3      269.00      660.00        0.00
     0     3      266.00      659.00        0.00
     0     3      263.00      657.00        0.00
     0     3      260.00      656.00        0.00
     0     3      257.00      655.00        0.00
     0     3      254.00      654.00        0.00
     0     3      251.00      653.00        0.00
     0     3      248.00      652.00        0.00
     0     3      244.00      650.00        0.00
     0     3      240.00      649.00        0.00
     0     3      237.00      648.00        0.00
     0     3      234.00      647.00        0.00
     0     3      231.00      645.00        0.00
     0     3      228.00      644.00        0.00
     0     3      224.00      642.00        0.00
     0     3      222.00      639.00        0.00
     0     3      220.00      636.00        0.00
     0     3      218.00      633.00        0.00
     0     3      217.00      628.00        0.00
     0     3      217.00      624.00        0.00
     0     3      217.00      620.00        0.00
     0     3      216.00      617.00        0.00
     0     3      216.00      613.00        0.00
     0     3      215.00      610.00        0.00
     0     3      215.00      606.00        0.00
     0     3      215.00      601.00        0.00
     0     3      215.00      597.00        0.00
     0     3      216.00      593.00        0.00
     0     3      217.00      590.00        0.00
     0     3      218.00      587.00        0.00
     0     3      220.00      584.00        0.00
     0     3      221.00      581.00        0.00
     0     3      222.00      577.00        0.00
     0     3      223.00      574.00        0.00
     0     3      224.00      571.00        0.00
     0     3      225.00      568.00        0.00
     0     3      227.00      565.00        0.00
     0     3      229.00      561.00        0.00
     0     3      231.00      558.00        0.00
     0     3      234.00      555.00        0.00
     0     3      236.00      551.00        0.00
     0     3      239.00      547.00        0.00
     0     3      240.00      544.00        0.00
     0     3      242.00      541.00        0.00
     0     3      244.00      538.00        0.00
     0     3      247.00      533.00        0.00
     0     3      250.00      530.00        0.00
     0     3      251.00      527.00        0.00
     0     3      252.00      524.00        0.00
     0     3      254.00      521.00        0.00
     0     3      255.00      518.00        0.00
     0     3      257.00      515.00        0.00
     0     3      258.00      510.00        0.00
     0     3      260.00      506.00        0.00
     0     3      261.00      503.00        0.00
     0     3      262.00      499.00        0.00
     0     3      262.00      495.00        0.00
     0     3      263.00      491.00        0.00
     0     3      263.00      486.00        0.00
     0     3      264.00      482.00        0.00
     0     3      265.00      479.00        0.00
     0     3      265.00      474.00        0.00
     0     3      266.00      471.00        0.00
     0     3      267.00      467.00        0.00
     0     3      268.00      464.00        0.00
     0     3      269.00      461.00        0.00
     0     3      271.00      458.00        0.00
     0     3      273.00      454.00        0.00
     0     3      275.00      451.00        0.00
     0     3      277.00      448.00        0.00
     0     3      280.00      445.00        0.00
     0     3      282.00      442.00        0.00
     0     3      284.00      439.00        0.00
     0     3      285.00      436.00        0.00
     0     3      287.00      432.00        0.00
     0     3      288.00      429.00        0.00
     0     3      290.00      425.00        0.00
     0     3      291.00      421.00        0.00
     0     3      292.00      416.00        0.00
     0     3      293.00      413.00        0.00
     0     3      294.00      409.00        0.00
     0     3      294.00      405.00        0.00
     0     3      295.00      400.00        0.00
     0     3      296.00      397.00        0.00
     0     3      297.00      394.00        0.00
     0     3      297.00      389.00        0.00
     0     3      298.00      386.00        0.00
     0     3      299.00      383.00        0.00
     0     3      300.00      380.00        0.00
     0     3      302.00      377.00        0.00
     0     3      303.00      374.00        0.00
     0     3      304.00      371.00        0.00
     0     3      305.00      367.00        0.00
     0     3      306.00      364.00        0.00
     0     3      307.00      361.00        0.00
     0     3      308.00      357.00        0.00
     0     3      310.00      354.00        0.00
     0     3      312.00      351.00        0.00
     0     3      315.00      348.00        0.00
     0     3      317.00      345.00        0.00
     0     3      321.00      342.00        0.00
     0     3      324.00      338.00        0.00
     0     3      328.00      334.00        0.00
     0     3      332.00      330.00        0.00
     0     3      334.00      327.00        0.00
     0     3      335.00      324.00        0.00
     0     3      338.00      321.00        0.00
     0     3      340.00      318.00        0.00
     0     3      342.00      315.00        0.00
     0     3      345.00      313.00        0.00
     0     3      348.00      312.00        0.00
     0     3      351.00      311.00        0.00
     0     3      355.00      311.00        0.00
     0     3      358.00      310.00        0.00
     0     3      362.00      311.00        0.00
     0     3      365.00      313.00        0.00
     0     3      368.00      315.00        0.00
     0     3      371.00      317.00        0.00
     0     3      374.00      319.00        0.00
     0     3      377.00      320.00        0.00
     0     3      380.00      321.00        0.00
     0     3      384.00      322.00        0.00
     0     3      388.00      323.00        0.00
     0     3      392.00      324.00        0.00
     0     3      395.00      325.00        0.00
     0     3      398.00      327.00        0.00
     0     3      400.00      330.00        0.00
     0     3      402.00      333.00        0.00
     0     3      404.00      336.00        0.00
     0     3      405.00      340.00        0.00
     0     3      406.00      343.00        0.00
     0     3      407.00      346.00        0.00
     0     3      408.00      350.00        0.00
     0     3      409.00      354.00        0.00
     0     3      410.00      357.00        0.00
     0     3      410.00      361.00        0.00
     0     3      411.00      366.00        0.00
     0     3      411.00      370.00        0.00
     0     3      412.00      373.00        0.00
     0     3      412.00      377.00        0.00
     0     3      412.00      381.00        0.00
     0     3      411.00      384.00        0.00
     0     3      411.00      389.00        0.00
     0     3      411.00      394.00        0.00
     0     3      412.00      398.00        0.00
     0     3      412.00      402.00        0.00
     0     3      412.00      407.00        0.00
     0     3      412.00      411.00        0.00
     0     3      412.00      415.00        0.00
     0     3      413.00      419.00        0.00
     0     3      413.00      423.00        0.00
     0     3      413.00      428.00        0.00
     0     3      413.00      432.00        0.00
     0     3      413.00      437.00        0.00
     0     3      413.00      441.00        0.00
     0     3      413.00      446.00        0.00
     0     3      412.00      450.00        0.00
     0     3      411.00      454.00        0.00
     0     3      411.00      458.00        0.00
     0     3      410.00      461.00        0.00
     0     3      409.00      466.00        0.00
     0     3      408.00      469.00        0.00
     0     3      406.00      473.00        0.00
     0     3      405.00      477.00        0.00
     0     3      404.00      480.00        0.00
     0     3      404.00      484.00        0.00
     0     3      404.00      488.00        0.00
     0     3      404.00      492.00        0.00
     0     3      404.00      497.00        0.00
     0     3      403.00      501.00        0.00
     0     3      402.00      504.00        0.00
     0     3      402.00      508.00        0.00
     0     3      400.00      512.00        0.00
     0     3      399.00      515.00        0.00
     0     3      397.00      519.00        0.00
     0     3      396.00      522.00        0.00
     0     3      394.00      526.00        0.00
     0     3      394.00      530.00        0.00
     0     3      394.00      534.00        0.00
     0     3      394.00      538.00        0.00
     0     3      394.00      542.00        0.00
     0     3      395.00      546.00        0.00
     0     3      396.00      549.00        0.00
     0     3      397.00      553.00        0.00
     0     3      398.00      557.00        0.00
     0     3      399.00      560.00        0.00
     0     3      399.00      564.00        0.00
     0     3      399.00      568.00        0.00
     0     3      398.00      571.00        0.00
     0     3      397.00      574.00        0.00
     0     3      396.00      577.00        0.00
     0     3      395.00      580.00        0.00
     0     3      394.00      583.00        0.00
     0     3      392.00      586.00        0.00
     0     3      391.00      589.00        0.00
     0     3      390.00      593.00        0.00
     0     3      388.00      598.00        0.00
     0     3      387.00      602.00        0.00
     0     3      386.00      607.00        0.00
     0     3      384.00      611.00        0.00
     0     3      383.00      615.00        0.00
     0     3      382.00      618.00        0.00
     0     3      381.00      621.00        0.00
     0     3      380.00      624.00        0.00
     0     3      379.00      627.00        0.00
     0     3      378.00      632.00        0.00
     0     3      377.00      635.00        0.00
     0     3      376.00      638.00        0.00
     0     3      375.00      641.00        0.00
     0     3      374.00      645.00        0.00
     0     3      373.00      648.00        0.00
     0     3      372.00      652.00        0.00
     0     3      369.00      656.00        0.00
     0     3      367.00      659.00        0.00
     0     3      365.00      662.00        0.00
     0     3      362.00      665.00        0.00
     0     3      360.00      668.00        0.00
     0     3      357.00      670.00        0.00
     0     3      354.00      673.00        0.00
     0     3      351.00      675.00        0.00
     0     3      348.00      677.00        0.00
     0     4      911.00      615.00        0.00
     0     4      908.00      612.00        0.00
     0     4      908.00      606.00        0.00
     0     4      908.00      601.00        0.00
     0     4      907.00      597.00        0.00
     0     4      907.00      591.00        0.00
     0     4      907.00      586.00        0.00
     0     4      906.00      579.00        0.00
     0     4      906.00      574.00        0.00
     0     4      905.00      569.00        0.00
     0     4      905.00      562.00        0.00
     0     4      904.00      557.00        0.00
     0     4      903.00      553.00        0.00
     0     4      902.00      547.00        0.00
     0     4      901.00      543.00        0.00
     0     4      900.00      538.00        0.00
     0     4      899.00      533.00        0.00
     0     4      898.00      530.00        0.00
     0     4      897.00      525.00        0.00
     0     4      896.00      520.00        0.00
     0     4      895.00      515.00        0.00
     0     4      894.00      511.00        0.00
     0     4      894.00      505.00        0.00
     0     4      893.00      500.00        0.00
     0     4      892.00      495.00        0.00
     0     4      890.00      491.00        0.00
     0     4      888.00      487.00        0.00
     0     4      887.00      484.00        0.00
     0     4      886.00      481.00        0.00
     0     4      884.00      476.00        0.00
     0     4      883.00      473.00        0.00
     0     4      882.00      468.00        0.00
     0     4      882.00      464.00        0.00
     0     4      882.00      459.00        0.00
     0     4      882.00      455.00        0.00
     0     4      881.00      450.00        0.00
     0     4      880.00      445.00        0.00
     0     4      881.00      441.00        0.00
     0     4      880.00      438.00        0.00
     0     4      878.00      434.00        0.00
     0     4      876.00      430.00        0.00
     0     4      875.00      427.00        0.00
     0     4      874.00      423.00        0.00
     0     4      872.00      418.00        0.00
     0     4      872.00      414.00        0.00
     0     4      871.00      409.00        0.00
     0     4      871.00      405.00        0.00
     0     4      870.00      400.00        0.00
     0     4      869.00      396.00        0.00
     0     4      869.00      392.00        0.00
     0     4      869.00      388.00        0.00
     0     4      869.00      383.00        0.00
     0     4      869.00      378.00        0.00
     0     4      869.00      374.00        0.00
     0     4      870.00      367.00        0.00
     0     4      871.00      362.00        0.00
     0     4      874.00      358.00        0.00
     0     4      877.00      356.00        0.00
     0     4      879.00      353.00        0.00
     0     4      882.00      351.00        0.00
     0     4      884.00      347.00        0.00
     0     4      887.00      344.00        0.00
     0     4      890.00      341.00        0.00
     0     4      891.00      338.00        0.00
     0     4      894.00      335.00        0.00
     0     4      896.00      332.00        0.00
     0     4      899.00      329.00        0.00
     0     4      902.00      326.00        0.00
     0     4      905.00      323.00        0.00
     0     4      908.00      321.00        0.00
     0     4      911.00      320.00        0.00
     0     4      914.00      319.00        0.00
     0     4      916.00      316.00        0.00
     0     4      917.00      313.00        0.00
     0     4      918.00      310.00        0.00
     0     4      919.00      307.00        0.00
     0     4      921.00      304.00        0.00
     0     4      925.00      303.00        0.00
     0     4      928.00      301.00        0.00
     0     4      933.00      301.00        0.00
     0     4      938.00      301.00        0.00
     0     4      942.00      301.00        0.00
     0     4      946.00      301.00        0.00
     0     4      950.00      301.00        0.00
     0     4      953.00      300.00        0.00
     0     4      956.00      299.00        0.00
     0     4      959.00      298.00        0.00
     0     4      963.00      297.00        0.00
     0     4      967.00      296.00        0.00
     0     4      970.00      295.00        0.00
     0     4      974.00      295.00        0.00
     0     4      978.00      294.00        0.00
     0     4      982.00      295.00        0.00
     0     4      985.00      297.00        0.00
     0     4      988.00      299.00        0.00
     0     4      992.00      301.00        0.00
     0     4      995.00      303.00        0.00
     0     4      999.00      307.00        0.00
     0     4     1002.00      309.00        0.00
     0     4     1006.00      312.00        0.00
     0     4     1011.00      315.00        0.00
     0     4     1014.00      317.00        0.00
     0     4     1017.00      319.00        0.00
     0     4     1020.00      322.00        0.00
     0     4     1024.00      325.00        0.00
     0     4     1026.00      328.00        0.00
     0     4     1029.00      330.00        0.00
     0     4     1032.00      333.00        0.00
     0     4     1037.00      337.00        0.00
     0     4     1040.00      339.00        0.00
     0     4     1043.00      342.00        0.00
     0     4     1046.00      345.00        0.00
     0     4     1048.00      348.00        0.00
     0     4     1053.00      351.00        0.00
     0     4     1056.00      353.00        0.00
     0     4     1058.00      356.00        0.00
     0     4     1061.00      359.00        0.00
     0     4     1063.00      362.00        0.00
     0     4     1066.00      366.00        0.00
     0     4     1068.00      369.00        0.00
     0     4     1071.00      374.00        0.00
     0     4     1074.00      378.00        0.00
     0     4     1076.00      383.00        0.00
     0     4     1076.00      387.00        0.00
     0     4     1077.00      391.00        0.00
     0     4     1078.00      397.00        0.00
     0     4     1078.00      402.00        0.00
     0     4     1079.00      406.00        0.00
     0     4     1081.00      412.00        0.00
     0     4     1082.00      416.00        0.00
     0     4     1083.00      423.00        0.00
     0     4     1084.00      427.00        0.00
     0     4     1085.00      433.00        0.00
     0     4     1086.00      438.00        0.00
     0     4     1087.00      443.00        0.00
     0     4     1087.00      447.00        0.00
     0     4     1087.00      451.00        0.00
     0     4     1088.00      455.00        0.00
     0     4     1088.00      459.00        0.00
     0     4     1088.00      463.00        0.00
     0     4     1088.00      467.00        0.00
     0     4     1088.00      471.00        0.00
     0     4     1089.00      474.00        0.00
     0     4     1089.00      479.00        0.00
     0     4     1089.00      484.00        0.00
     0     4     1089.00      488.00        0.00
     0     4     1089.00      492.00        0.00
     0     4     1089.00      496.00        0.00
     0     4     1089.00      500.00        0.00
     0     4     1089.00      505.00        0.00
     0     4     1088.00      510.00        0.00
     0     4     1088.00      514.00        0.00
     0     4     1088.00      519.00        0.00
     0     4     1086.00      523.00        0.00
     0     4     1086.00      527.00        0.00
     0     4     1085.00      531.00        0.00
     0     4     1085.00      535.00        0.00
     0     4     1084.00      539.00        0.00
     0     4     1084.00      543.00        0.00
     0     4     1083.00      546.00        0.00
     0     4     1083.00      551.00        0.00
     0     4     1083.00      555.00        0.00
     0     4     1083.00      559.00        0.00
     0     4     1083.00      565.00        0.00
     0     4     1083.00      569.00        0.00
     0     4     1083.00      573.00        0.00
     0     4     1083.00      577.00        0.00
     0     4     1082.00      580.00        0.00
     0     4     1082.00      585.00        0.00
     0     4     1081.00      590.00        0.00
     0     4     1081.00      594.00        0.00
     0     4     1080.00      597.00        0.00
     0     4     1079.00      600.00        0.00
     0     4     1078.00      603.00        0.00
     0     4     1077.00      607.00        0.00
     0     4     1077.00      611.00        0.00
     0     4     1076.00      614.00        0.00
     0     4     1076.00      618.00        0.00
     0     4     1075.00      621.00        0.00
     0     4     1074.00      624.00        0.00
     0     4     1074.00      628.00        0.00
     0     4     1073.00      631.00        0.00
     0     4     1073.00      635.00        0.00
     0     4     1072.00      638.00        0.00
     0     4     1071.00      641.00        0.00
     0     4     1070.00      645.00        0.00
     0     4     1069.00      649.00        0.00
     0     4     1068.00      653.00        0.00
     0     4     1066.00      657.00        0.00
     0     4     1065.00      660.00        0.00
     0     4     1064.00      663.00        0.00
     0     4     1063.00      668.00        0.00
     0     4     1062.00      672.00        0.00
     0     4     1060.00      678.00        0.00
     0     4     1060.00      684.00        0.00
     0     4     1059.00      690.00        0.00
     0     4     1059.00      694.00        0.00
     0     4     1059.00      699.00        0.00
     0     4     1060.00      703.00        0.00
     0     4     1061.00      706.00        0.00
     0     4     1062.00      709.00        0.00
     0     4     1063.00      713.00        0.00
     0     4     1064.00      716.00        0.00
     0     4     1065.00      719.00        0.00
     0     4     1065.00      723.00        0.00
     0     4     1065.00      727.00        0.00
     0     4     1066.00      731.00        0.00
     0     4     1066.00      735.00        0.00
     0     4     1067.00      738.00        0.00
     0     4     1068.00      741.00        0.00
     0     4     1071.00      756.00        0.00
     0     4     1068.00      757.00        0.00
     0     4     1064.00      757.00        0.00
     0     4     1061.00      756.00        0.00
     0     4     1058.00      755.00        0.00
     0     4     1055.00      753.00        0.00
     0     4     1052.00      751.00        0.00
     0     4     1049.00      750.00        0.00
     0     4     1046.00      748.00        0.00
     0     4     1042.00      745.00        0.00
     0     4     1037.00      743.00        0.00
     0     4     1034.00      740.00        0.00
     0     4     1031.00      737.00        0.00
     0     4     1028.00      735.00        0.00
     0     4     1024.00      731.00        0.00
     0     4     1021.00      729.00        0.00
     0     4     1019.00      726.00        0.00
     0     4     1015.00      722.00        0.00
     0     4     1012.00      718.00        0.00
     0     4     1009.00      716.00        0.00
     0     4     1006.00      714.00        0.00
     0     4     1004.00      711.00        0.00
     0     4     1001.00      709.00        0.00
     0     4      998.00      707.00        0.00
     0     4      994.00      703.00        0.00
     0     4      991.00      701.00        0.00
     0     4      988.00      698.00        0.00
     0     4      985.00      696.00        0.00
     0     4      982.00      693.00        0.00
     0     4      978.00      691.00        0.00
     0     4      975.00      688.00        0.00
     0     4      970.00      684.00        0.00
     0     4      967.00      682.00        0.00
     0     4      964.00      681.00        0.00
     0     4      958.00      678.00        0.00
     0     4      953.00      676.00        0.00
     0     4      950.00      673.00        0.00
     0     4      947.00      671.00        0.00
     0     4      945.00      668.00        0.00
     0     4      942.00      665.00        0.00
     0     4      938.00      661.00        0.00
     0     4      935.00      658.00        0.00
     0     4      933.00      655.00        0.00
     0     4      931.00      652.00        0.00
     0     4      928.00      650.00        0.00
     0     4      926.00      647.00        0.00
     0     4      924.00      644.00        0.00
     0     4      921.00      641.00        0.00
     0     4      921.00      637.00        0.00
     0     4      919.00      634.00        0.00
     0     4      918.00      631.00        0.00
     0     4      917.00      628.00        0.00
     1     0       53.50       76.00        0.00
     1     0       51.00       75.00        0.00
     1     0       50.00       72.50        0.00
     1     0       49.00       70.00        0.00
     1     0       49.00       67.50        0.00
     1     0       49.50       65.00        0.00
     1     0       50.00       62.50        0.00
     1     0       51.00       60.00        0.00
     1     0       52.50       58.00        0.00
     1     0       54.50       56.50        0.00
     1     0       57.00       56.00        0.00
     1     0       59.50       56.00        0.00
     1     0       62.00       56.00        0.00
     1     0       64.00       57.50        0.00
     1     0       65.50       59.50        0.00
     1     0       66.50       62.00        0.00
     1     0       66.50       64.50        0.00
     1     0       65.50       67.00        0.00
     1     0       64.50       69.50        0.00
     1     0       63.50       72.00        0.00
     1     0       62.00       74.00        0.00
     1     0       60.50       76.50        0.00
     1     1       88.00       53.00        0.00
     1     1       85.50       54.00        0.00
     1     1       83.00       54.50        0.00
     1     1       80.50       54.50        0.00
     1     1       78.00       54.00        0.00
     1     1       77.00       51.50        0.00
     1     1       76.50       48.50        0.00
     1     1       76.50       46.00        0.00
     1     1       77.00       43.50        0.00
     1     1       79.00       41.00        0.00
     1     1       81.00       39.00        0.00
     1     1       83.50       38.00        0.00
     1     1       86.00       37.00        0.00
     1     1       88.50       36.00        0.00
     1     1       91.00       36.00        0.00
     1     1       93.50       36.00        0.00
     1     1       96.00       37.50        0.00
     1     1       97.50       39.50        0.00
     1     1       97.50       42.00        0.00
     1     1       96.00       44.00        0.00
     1     1       94.50       46.50        0.00
     1     1       93.50       49.00        0.00
     1     1       92.50       51.50        0.00
     1     2      115.50       43.50        0.00
     1     2      110.50       44.00        0.00
     1     2      107.50       43.50        0.00
     1     2      105.50       42.00        0.00
     1     2      104.00       40.00        0.00
     1     2      103.50       37.50        0.00
     1     2      103.50       35.00        0.00
     1     2      103.50       32.50        0.00
     1     2      104.50       30.00        0.00
     1     2      106.00       28.00        0.00
     1     2      108.50       27.00        0.00
     1     2      111.00       26.50        0.00
     1     2      113.50       26.50        0.00
     1     2      116.00       26.50        0.00
     1     2      118.50       26.50        0.00
     1     2      121.00       27.50        0.00
     1     2      123.50       28.50        0.00
     1     2      124.50       31.00        0.00
     1     2      125.00       33.50        0.00
     1     2      125.00       36.00        0.00
     1     2      124.50       38.50        0.00
     1     2      123.00       40.50        0.00
     1     2      120.50       41.00        0.00
     1     3      136.50       30.50        0.00
     1     3      133.50       31.00        0.00
     1     3      131.00       29.00        0.00
     1     3      130.00       26.50        0.00
     1     3      130.00       23.50        0.00
     1     3      130.00       21.00        0.00
     1     3      131.50       18.00        0.00
     1     3      133.00       16.00        0.00
     1     3      135.00       14.50        0.00
     1     3      137.50       14.00        0.00
     1     3      140.00       14.00        0.00
     1     3      142.50       15.00        0.00
     1     3      144.00       17.00        0.00
     1     3      144.50       19.50        0.00
     1     3      144.50       22.00        0.00
     1     3      144.00       24.50        0.00
     1     3      142.50       26.50        0.00
     1     4      649.50      258.00        0.00
     1     4      651.50      256.00        0.00
     1     4      654.00      254.50        0.00
     1     4      656.50      253.50        0.00
     1     4      659.00      253.00        0.00
     1     4      661.50      253.50        0.00
     1     4      663.50      255.00        0.00
     1     4      664.00      257.50        0.00
     1     4      664.00      260.00        0.00
     1     4      663.50      262.50        0.00
     1     4      663.50      265.00        0.00
     1     4      662.00      267.00        0.00
     1     4      660.50      269.00        0.00
     1     4      658.00      269.50        0.00
     1     4      655.50      269.50        0.00
     1     4      653.50      268.00        0.00
     1     4      651.50      266.50        0.00
     1     5      411.00      541.00        0.00
     1     5      408.50      541.00        0.00
     1     5      406.00      539.50        0.00
     1     5      404.00      537.50        0.00
     1     5      402.50      535.50        0.00
     1     5      402.00      533.00        0.00
     1     5      401.50      530.50        0.00
     1     5      401.50      528.00        0.00
     1     5      402.00      525.50        0.00
     1     5      403.50      523.50        0.00
     1     5      406.00      523.00        0.00
     1     5      408.50      522.50        0.00
     1     5      411.00      523.50        0.00
     1     5      413.00      525.00        0.00
     1     5      415.00      527.00        0.00
     1     5      416.50      530.00        0.00
     1     5      418.00      532.50        0.00
     1     5      418.50      535.00        0.00
     1     5      418.50      537.50        0.00
     1     5      418.50      540.00        0.00
     1     5      417.00      542.50        0.00
     1     5      414.50      543.50        0.00
     1     6      416.50      496.00        0.00
     1     6      414.00      497.50        0.00
     1     6      411.50      497.50        0.00
     1     6      409.50      496.00        0.00
     1     6      408.50      493.50        0.00
     1     6      408.00      491.00        0.00
     1     6      408.00      488.50        0.00
     1     6      408.00      486.00        0.00
     1     6      409.50      483.50        0.00
     1     6      411.50      482.00        0.00
     1     6      413.50      480.00        0.00
     1     6      415.50      478.50        0.00
     1     6      418.50      478.00        0.00
     1     6      421.00      479.00        0.00
     1     6      422.50      481.00        0.00
     1     6      423.50      483.50        0.00
     1     6      424.00      486.00        0.00
     1     6      424.50      488.50        0.00
     1     6      424.50      491.50        0.00
     1     6      423.00      493.50        0.00
     1     7      425.00      465.50        0.00
     1     7      422.50      466.50        0.00
     1     7      419.50      467.00        0.00
     1     7      417.00      466.50        0.00
     1     7      415.00      465.00        0.00
     1     7      413.00      463.50        0.00
     1     7      412.50      461.00        0.00
     1     7      412.00      458.50        0.00
     1     7      413.00      456.00        0.00
     1     7      414.00      453.50        0.00
     1     7      416.00      451.50        0.00
     1     7      418.00      450.00        0.00
     1     7      420.50      449.00        0.00
     1     7      423.50      448.00        0.00
     1     7      426.50      447.50        0.00
     1     7      429.00      447.00        0.00
     1     7      431.50      446.50        0.00
     1     7      434.00      447.00        0.00
     1     7      434.50      449.50        0.00
     1     7      434.50      452.00        0.00
     1     7      434.00      454.50        0.00
     1     7      432.50      456.50        0.00
     1     7      431.50      459.00        0.00
     1     7      430.00      461.00        0.00
     1     8      424.00      351.50        0.00
     1     8      421.50      351.00        0.00
     1     8      419.00      350.50        0.00
     1     8      417.00      349.00        0.00
     1     8      414.50      348.00        0.00
     1     8      411.50      346.00        0.00
     1     8      408.50      344.50        0.00
     1     8      407.00      341.50        0.00
     1     8      406.00      338.50        0.00
     1     8      406.00      335.50        0.00
     1     8      407.50      333.00        0.00
     1     8      410.00      331.00        0.00
     1     8      413.00      329.50        0.00
     1     8      416.00      329.00        0.00
     1     8      418.50      328.50        0.00
     1     8      421.00      329.50        0.00
     1     8      423.50      330.50        0.00
     1     8      425.50      332.00        0.00
     1     8      427.00      334.00        0.00
     1     8      428.00      336.50        0.00
     1     8      428.50      339.00        0.00
     1     8      429.50      342.00        0.00
     1     8      429.50      344.50        0.00
     1     8      429.00      347.00        0.00
     1     8      427.00      348.50        0.00
     1     9      416.00      321.50        0.00
     1     9      413.50      322.50        0.00
     1     9      411.00      322.00        0.00
     1     9      408.50      321.50        0.00
     1     9      406.50      320.00        0.00
     1     9      405.00      318.00        0.00
     1     9      404.50      315.00        0.00
     1     9      405.00      312.00        0.00
     1     9      406.50      309.50        0.00
     1     9      408.50      308.00        0.00
     1     9      411.00      306.50        0.00
     1     9      414.00      306.00        0.00
     1     9      416.50      305.50        0.00
     1     9      419.00      305.50        0.00
     1     9      421.50      306.00        0.00
     1     9      423.00      308.00        0.00
     1     9      423.50      311.00        0.00
     1     9      423.50      313.50        0.00
     1     9      423.00      316.00        0.00
     1     9      421.50      318.00        0.00
     1    10      858.00      428.50        0.00
     1    10      855.50      429.00        0.00
     1    10      853.00      428.00        0.00
     1    10      851.50      426.00        0.00
     1    10      851.00      423.50        0.00
     1    10      850.00      420.00        0.00
     1    10      849.50      416.50        0.00
     1    10      848.50      413.50        0.00
     1    10      848.50      411.00        0.00
     1    10      849.00      408.50        0.00
     1    10      849.50      405.50        0.00
     1    10      850.00      403.00        0.00
     1    10      852.00      401.50        0.00
     1    10      854.50      400.50        0.00
     1    10      857.00      400.00        0.00
     1    10      860.00      400.00        0.00
     1    10      862.50      401.00        0.00
     1    10      864.00      403.00        0.00
     1    10      864.50      405.50        0.00
     1    10      865.00      408.00        0.00
     1    10      865.50      410.50        0.00
     1    10      866.50      413.00        0.00
     1    10      867.00      415.50        0.00
     1    10      867.00      418.00        0.00
     1    10      867.00      420.50        0.00
     1    10      866.50      423.00        0.00
     1    10      865.00      425.00        0.00
     1    11      873.00      452.00        0.00
     1    11      870.50      452.50        0.00
     1    11      868.00      452.00        0.00
     1    11      865.00      451.00        0.00
     1    11      862.50      450.00        0.00
     1    11      860.00      448.50        0.00
     1    11      858.00      447.00        0.00
     1    11      856.50      445.00        0.00
     1    11      855.00      442.50        0.00
     1    11      854.50      439.50        0.00
     1    11      855.50      437.00        0.00
     1    11      857.00      434.00        0.00
     1    11      858.50      432.00        0.00
     1    11      860.50      430.00        0.00
     1    11      862.50      428.50        0.00
     1    11      865.00      427.50        0.00
     1    11      867.50      427.50        0.00
     1    11      870.00      428.00        0.00
     1    11      872.00      429.50        0.00
     1    11      873.50      432.00        0.00
     1    11      874.50      434.50        0.00
     1    11      875.00      437.00        0.00
     1    11      875.50      439.50        0.00
     1    11      876.00      442.00        0.00
     1    11      876.00      444.50        0.00
     1    12      927.50      672.00        0.00
     1    12      924.50      671.50        0.00
     1    12      922.50      669.50        0.00
     1    12      921.00      667.50        0.00
     1    12      920.00      665.00        0.00
     1    12      919.50      662.00        0.00
     1    12      919.00      659.50        0.00
     1    12      919.00      657.00        0.00
     1    12      920.50      655.00        0.00
     1    12      922.50      653.50        0.00
     1    12      925.00      653.00        0.00
     1    12      927.50      653.00        0.00
     1    12      930.00      653.50        0.00
     1    12      932.50      654.50        0.00
     1    12      935.00      655.50        0.00
     1    12      937.00      657.00        0.00
     1    12      938.50      659.00        0.00
     1    12      938.50      661.50        0.00
     1    12      938.50      664.00        0.00
     1    12      938.50      666.50        0.00
     1    12      937.00      669.00        0.00
     1    12      935.00      670.50        0.00
     1    12      933.00      672.00        0.00
     1    13      972.00      668.50        0.00
     1    13      969.50      668.50        0.00
     1    13      967.00      668.00        0.00
     1    13      964.50      667.00        0.00
     1    13      962.00      666.50        0.00
     1    13      959.50      666.00        0.00
     1    13      958.00      664.00        0.00
     1    13      957.50      661.50        0.00
     1    13      957.50      658.50        0.00
     1    13      957.50      656.00        0.00
     1    13      958.00      653.50        0.00
     1    13      959.50      651.50        0.00
     1    13      962.50      650.00        0.00
     1    13      965.00      650.00        0.00
     1    13      968.00      650.50        0.00
     1    13      970.50      651.00        0.00
     1    13      973.00      652.00        0.00
     1    13      975.50      653.00        0.00
     1    13      977.00      655.00        0.00
     1    13      977.50      657.50        0.00
     1    13      978.00      660.00        0.00
     1    13      977.50      662.50        0.00
     1    13      975.50      664.00        0.00
     1    14     1003.50      696.00        0.00
     1    14      999.50      696.00        0.00
     1    14      997.00      696.00        0.00
     1    14      994.50      696.00        0.00
     1    14      991.00      695.00        0.00
     1    14      988.50      694.00        0.00
     1    14      986.00      692.50        0.00
     1    14      983.50      690.00        0.00
     1    14      982.50      687.50        0.00
     1    14      982.00      684.00        0.00
     1    14      982.50      681.00        0.00
     1    14      984.00      678.50        0.00
     1    14      986.50      676.50        0.00
     1    14      988.50      675.00        0.00
     1    14      991.50      675.00        0.00
     1    14      994.00      675.00        0.00
     1    14      997.00      676.00        0.00
     1    14     1000.00      677.00        0.00
     1    14     1002.50      678.00        0.00
     1    14     1004.50      680.00        0.00
     1    14     1005.50      682.50        0.00
     1    14     1006.50      685.50        0.00
     1    14     1006.50      688.00        0.00
     1    15     1023.00      710.00        0.00
     1    15     1018.00      712.50        0.00
     1    15     1015.00      713.00        0.00
     1    15     1012.00      713.00        0.00
     1    15     1009.00      712.50        0.00
     1    15     1006.50      711.00        0.00
     1    15     1005.00      708.50        0.00
     1    15     1004.50      706.00        0.00
     1    15     1004.50      703.50        0.00
     1    15     1005.00      700.50        0.00
     1    15     1006.50      697.50        0.00
     1    15     1008.00      695.50        0.00
     1    15     1010.00      694.00        0.00
     1    15     1012.00      692.50        0.00
     1    15     1014.50      692.50        0.00
     1    15     1017.50      692.50        0.00
     1    15     1020.50      693.50        0.00
     1    15     1022.50      695.00        0.00
     1    15     1024.00      697.00        0.00
     1    15     1025.50      699.00        0.00
     1    15     1026.50      701.50        0.00
     1    15     1026.50      704.00        0.00
     1    16      397.00      602.67        0.00
     1    16      393.67      604.00        0.00
     1    16      390.33      604.67        0.00
     1    16      387.67      602.67        0.00
     1    16      385.67      600.00        0.00
     1    16      384.33      596.67        0.00
     1    16      385.00      593.33        0.00
     1    16      387.00      590.00        0.00
     1    16      389.00      586.67        0.00
     1    16      391.67      584.67        0.00
     1    16      395.00      583.33        0.00
     1    16      398.33      583.33        0.00
     1    16      401.00      585.33        0.00
     1    16      403.00      588.00        0.00
     1    16      404.33      591.33        0.00
     1    16      405.00      594.67        0.00
     1    16      404.33      598.00        0.00
     1    16      402.33      600.67        0.00
