     0     0       -3.00      456.00        0.00
     0     0        1.00      456.00        0.00
     0     0        7.00      456.00        0.00
     0     0       11.00      454.00        0.00
     0     0       15.00      453.00        0.00
     0     0       20.00      452.00        0.00
     0     0       24.00      450.00        0.00
     0     0       27.00      448.00        0.00
     0     0       30.00      447.00        0.00
     0     0       33.00      445.00        0.00
     0     0       36.00      443.00        0.00
     0     0       39.00      441.00        0.00
     0     0       41.00      438.00        0.00
     0     0       44.00      436.00        0.00
     0     0       47.00      433.00        0.00
     0     0       50.00      429.00        0.00
     0     0       53.00      426.00        0.00
     0     0       54.00      423.00        0.00
     0     0       57.00      419.00        0.00
     0     0       60.00      415.00        0.00
     0     0       62.00      412.00        0.00
     0     0       63.00      409.00        0.00
     0     0       66.00      405.00        0.00
     0     0       68.00      402.00        0.00
     0     0       69.00      399.00        0.00
     0     0       72.00      395.00        0.00
     0     0       73.00      392.00        0.00
     0     0       75.00      389.00        0.00
     0     0       76.00      386.00        0.00
     0     0       78.00      382.00        0.00
     0     0       80.00      378.00        0.00
     0     0       82.00      375.00        0.00
     0     0       83.00      371.00        0.00
     0     0       85.00      368.00        0.00
     0     0       86.00      365.00        0.00
     0     0       87.00      361.00        0.00
     0     0       89.00      358.00        0.00
     0     0       90.00      354.00        0.00
     0     0       92.00      350.00        0.00
     0     0       94.00      346.00        0.00
     0     0       95.00      343.00        0.00
     0     0       97.00      340.00        0.00
     0     0       98.00      337.00        0.00
     0     0       99.00      333.00        0.00
     0     0      100.00      330.00        0.00
     0     0      101.00      326.00        0.00
     0     0      102.00      322.00        0.00
     0     0      103.00      318.00        0.00
     0     0      104.00      315.00        0.00
     0     0      104.00      311.00        0.00
     0     0      105.00      305.00        0.00
     0     0      105.00      300.00        0.00
     0     0      105.00      293.00        0.00
     0     0      105.00      288.00        0.00
     0     0      104.00      282.00        0.00
     0     0      104.00      277.00        0.00
     0     0      103.00      270.00        0.00
     0     0      103.00      265.00        0.00
     0     0      102.00      261.00        0.00
     0     0      102.00      256.00        0.00
     0     0      101.00      252.00        0.00
     0     0      101.00      248.00        0.00
     0     0      101.00      244.00        0.00
     0     0      101.00      240.00        0.00
     0     0      101.00      236.00        0.00
     0     0      101.00      232.00        0.00
     0     0      101.00      228.00        0.00
     0     0      101.00      224.00        0.00
     0     0      101.00      220.00        0.00
     0     0      102.00      216.00        0.00
     0     0      102.00      212.00        0.00
     0     0      103.00      207.00        0.00
     0     0      104.00      202.00        0.00
     0     0      105.00      197.00        0.00
     0     0      105.00      193.00        0.00
     0     0      106.00      189.00        0.00
     0     0      106.00      184.00        0.00
     0     0      107.00      180.00        0.00
     0     0      107.00      176.00        0.00
     0     0      107.00      172.00        0.00
     0     0      108.00      169.00        0.00
     0     0      108.00      165.00        0.00
     0     0      108.00      161.00        0.00
     0     0      108.00      157.00        0.00
     0     0      108.00      153.00        0.00
     0     0      107.00      147.00        0.00
     0     0      105.00      143.00        0.00
     0     0      104.00      138.00        0.00
     0     0      102.00      134.00        0.00
     0     0      100.00      130.00        0.00
     0     0       99.00      127.00        0.00
     0     0       97.00      124.00        0.00
     0     0       95.00      120.00        0.00
     0     0       92.00      116.00        0.00
     0     0       91.00      113.00        0.00
     0     0       88.00      109.00        0.00
     0     0       85.00      106.00        0.00
     0     0       82.00      103.00        0.00
     0     0       79.00      100.00        0.00
     0     0       76.00       98.00        0.00
     0     0       73.00       96.00        0.00
     0     0       69.00       94.00        0.00
     0     0       66.00       93.00        0.00
     0     0       62.00       92.00        0.00
     0     0       58.00       92.00        0.00
     0     0       54.00       92.00        0.00
     0     0       50.00       92.00        0.00
     0     0       46.00       92.00        0.00
     0     0       42.00       93.00        0.00
     0     0       38.00       96.00        0.00
     0     0       35.00       98.00        0.00
     0     0       32.00      100.00        0.00
     0     0       29.00      102.00        0.00
     0     0       26.00      104.00        0.00
     0     0       21.00      105.00        0.00
     0     0       18.00      106.00        0.00
     0     0       14.00      107.00        0.00
     0     0       10.00      107.00        0.00
     0     0        7.00      108.00        0.00
     0     0        4.00      109.00        0.00
     0     1      276.00      643.00        0.00
     0     1      266.00      640.00        0.00
     0     1      263.00      638.00        0.00
     0     1      260.00      636.00        0.00
     0     1      256.00      632.00        0.00
     0     1      253.00      630.00        0.00
     0     1      250.00      628.00        0.00
     0     1      245.00      625.00        0.00
     0     1      242.00      622.00        0.00
     0     1      239.00      620.00        0.00
     0     1      236.00      617.00        0.00
     0     1      234.00      614.00        0.00
     0     1      232.00      611.00        0.00
     0     1      230.00      608.00        0.00
     0     1      228.00      605.00        0.00
     0     1      226.00      602.00        0.00
     0     1      224.00      599.00        0.00
     0     1      222.00      596.00        0.00
     0     1      220.00      593.00        0.00
     0     1      217.00      590.00        0.00
     0     1      216.00      587.00        0.00
     0     1      214.00      584.00        0.00
     0     1      211.00      580.00        0.00
     0     1      208.00      577.00        0.00
     0     1      206.00      574.00        0.00
     0     1      204.00      571.00        0.00
     0     1      201.00      566.00        0.00
     0     1      199.00      561.00        0.00
     0     1      198.00      557.00        0.00
     0     1      197.00      554.00        0.00
     0     1      195.00      548.00        0.00
     0     1      194.00      544.00        0.00
     0     1      193.00      538.00        0.00
     0     1      192.00      535.00        0.00
     0     1      191.00      531.00        0.00
     0     1      190.00      527.00        0.00
     0     1      189.00      524.00        0.00
     0     1      187.00      521.00        0.00
     0     1      185.00      517.00        0.00
     0     1      184.00      513.00        0.00
     0     1      181.00      510.00        0.00
     0     1      179.00      505.00        0.00
     0     1      177.00      502.00        0.00
     0     1      175.00      499.00        0.00
     0     1      173.00      496.00        0.00
     0     1      172.00      493.00        0.00
     0     1      171.00      490.00        0.00
     0     1      169.00      487.00        0.00
     0     1      167.00      483.00        0.00
     0     1      165.00      480.00        0.00
     0     1      163.00      477.00        0.00
     0     1      160.00      473.00        0.00
     0     1      158.00      469.00        0.00
     0     1      155.00      466.00        0.00
     0     1      153.00      462.00        0.00
     0     1      150.00      458.00        0.00
     0     1      148.00      455.00        0.00
     0     1      146.00      452.00        0.00
     0     1      144.00      448.00        0.00
     0     1      142.00      445.00        0.00
     0     1      141.00      441.00        0.00
     0     1      140.00      436.00        0.00
     0     1      139.00      433.00        0.00
     0     1      138.00      429.00        0.00
     0     1      137.00      425.00        0.00
     0     1      137.00      421.00        0.00
     0     1      136.00      416.00        0.00
     0     1      136.00      412.00        0.00
     0     1      135.00      409.00        0.00
     0     1      134.00      405.00        0.00
     0     1      134.00      401.00        0.00
     0     1      133.00      397.00        0.00
     0     1      132.00      393.00        0.00
     0     1      132.00      389.00        0.00
     0     1      132.00      384.00        0.00
     0     1      132.00      379.00        0.00
     0     1      132.00      375.00        0.00
     0     1      133.00      372.00        0.00
     0     1      134.00      368.00        0.00
     0     1      134.00      363.00        0.00
     0     1      135.00      358.00        0.00
     0     1      137.00      353.00        0.00
     0     1      138.00      350.00        0.00
     0     1      139.00      347.00        0.00
     0     1      141.00      343.00        0.00
     0     1      142.00      340.00        0.00
     0     1      145.00      336.00        0.00
     0     1      148.00      333.00        0.00
     0     1      152.00      331.00        0.00
     0     1      155.00      329.00        0.00
     0     1      161.00      327.00        0.00
     0     1      165.00      326.00        0.00
     0     1      169.00      326.00        0.00
     0     1      172.00      325.00        0.00
     0     1      177.00      325.00        0.00
     0     1      181.00      325.00        0.00
     0     1      185.00      325.00        0.00
     0     1      190.00      325.00        0.00
     0     1      194.00      325.00        0.00
     0     1      199.00      326.00        0.00
     0     1      203.00      327.00        0.00
     0     1      208.00      328.00        0.00
     0     1      212.00      329.00        0.00
     0     1      218.00      331.00        0.00
     0     1      223.00      333.00        0.00
     0     1      227.00      334.00        0.00
     0     1      231.00      336.00        0.00
     0     1      234.00      338.00        0.00
     0     1      239.00      340.00        0.00
     0     1      242.00      342.00        0.00
     0     1      246.00      344.00        0.00
     0     1      249.00      346.00        0.00
     0     1      252.00      348.00        0.00
     0     1      255.00      349.00        0.00
     0     1      258.00      351.00        0.00
     0     1      262.00      354.00        0.00
     0     1      265.00      356.00        0.00
     0     1      268.00      359.00        0.00
     0     1      271.00      361.00        0.00
     0     1      274.00      363.00        0.00
     0     1      277.00      366.00        0.00
     0     1      281.00      370.00        0.00
     0     1      283.00      373.00        0.00
     0     1      286.00      376.00        0.00
     0     1      288.00      379.00        0.00
     0     1      291.00      381.00        0.00
     0     1      293.00      384.00        0.00
     0     1      296.00      387.00        0.00
     0     1      299.00      390.00        0.00
     0     1      302.00      393.00        0.00
     0     1      305.00      396.00        0.00
     0     1      308.00      399.00        0.00
     0     1      311.00      401.00        0.00
     0     1      314.00      405.00        0.00
     0     1      317.00      408.00        0.00
     0     1      319.00      411.00        0.00
     0     1      323.00      414.00        0.00
     0     1      326.00      418.00        0.00
     0     1      329.00      421.00        0.00
     0     1      332.00      425.00        0.00
     0     1      335.00      427.00        0.00
     0     1      337.00      430.00        0.00
     0     1      339.00      433.00        0.00
     0     1      342.00      437.00        0.00
     0     1      344.00      441.00        0.00
     0     1      347.00      444.00        0.00
     0     1      349.00      447.00        0.00
     0     1      352.00      451.00        0.00
     0     1      354.00      454.00        0.00
     0     1      356.00      459.00        0.00
     0     1      359.00      461.00        0.00
     0     1      361.00      464.00        0.00
     0     1      364.00      467.00        0.00
     0     1      368.00      470.00        0.00
     0     1      372.00      473.00        0.00
     0     1      377.00      476.00        0.00
     0     1      381.00      478.00        0.00
     0     1      384.00      480.00        0.00
     0     1      388.00      481.00        0.00
     0     1      391.00      483.00        0.00
     0     1      394.00      484.00        0.00
     0     1      399.00      485.00        0.00
     0     1      404.00      487.00        0.00
     0     1      408.00      488.00        0.00
     0     1      412.00      488.00        0.00
     0     1      418.00      490.00        0.00
     0     1      422.00      490.00        0.00
     0     1      427.00      492.00        0.00
     0     1      430.00      493.00        0.00
     0     1      434.00      494.00        0.00
     0     1      437.00      496.00        0.00
     0     1      440.00      497.00        0.00
     0     1      443.00      498.00        0.00
     0     1      447.00      499.00        0.00
     0     1      451.00      499.00        0.00
     0     1      455.00      499.00        0.00
     0     1      458.00      498.00        0.00
     0     1      461.00      496.00        0.00
     0     1      465.00      495.00        0.00
     0     1      468.00      493.00        0.00
     0     1      471.00      491.00        0.00
     0     1      475.00      490.00        0.00
     0     1      478.00      488.00        0.00
     0     1      481.00      486.00        0.00
     0     1      485.00      482.00        0.00
     0     1      488.00      479.00        0.00
     0     1      492.00      475.00        0.00
     0     1      495.00      471.00        0.00
     0     1      498.00      468.00        0.00
     0     1      501.00      464.00        0.00
     0     1      503.00      461.00        0.00
     0     1      505.00      458.00        0.00
     0     1      507.00      455.00        0.00
     0     1      509.00      452.00        0.00
     0     1      511.00      448.00        0.00
     0     1      513.00      444.00        0.00
     0     1      514.00      440.00        0.00
     0     1      516.00      436.00        0.00
     0     1      517.00      433.00        0.00
     0     1      518.00      430.00        0.00
     0     1      519.00      427.00        0.00
     0     1      521.00      423.00        0.00
     0     1      522.00      420.00        0.00
     0     1      524.00      417.00        0.00
     0     1      527.00      414.00        0.00
     0     1      529.00      411.00        0.00
     0     1      532.00      408.00        0.00
     0     1      535.00      405.00        0.00
     0     1      539.00      402.00        0.00
     0     1      542.00      400.00        0.00
     0     1      545.00      397.00        0.00
     0     1      548.00      394.00        0.00
     0     1      551.00      391.00        0.00
     0     1      553.00      388.00        0.00
     0     1      556.00      385.00        0.00
     0     1      559.00      382.00        0.00
     0     1      561.00      378.00        0.00
     0     1      563.00      375.00        0.00
     0     1      566.00      372.00        0.00
     0     1      569.00      369.00        0.00
     0     1      572.00      367.00        0.00
     0     1      576.00      364.00        0.00
     0     1      579.00      362.00        0.00
     0     1      583.00      360.00        0.00
     0     1      587.00      357.00        0.00
     0     1      590.00      354.00        0.00
     0     1      593.00      352.00        0.00
     0     1      595.00      349.00        0.00
     0     1      598.00      346.00        0.00
     0     1      601.00      344.00        0.00
     0     1      604.00      340.00        0.00
     0     1      608.00      334.00        0.00
     0     1      612.00      332.00        0.00
     0     1      616.00      328.00        0.00
     0     1      618.00      325.00        0.00
     0     1      621.00      323.00        0.00
     0     1      624.00      319.00        0.00
     0     1      626.00      316.00        0.00
     0     1      642.00      300.00        0.00
     0     1      648.00      294.00        0.00
     0     1      651.00      290.00        0.00
     0     1      656.00      285.00        0.00
     0     1      660.00      280.00        0.00
     0     1      664.00      277.00        0.00
     0     1      667.00      272.00        0.00
     0     1      669.00      269.00        0.00
     0     1      672.00      264.00        0.00
     0     1      675.00      260.00        0.00
     0     1      677.00      255.00        0.00
     0     1      680.00      250.00        0.00
     0     1      683.00      246.00        0.00
     0     1      685.00      243.00        0.00
     0     1      687.00      240.00        0.00
     0     1      690.00      237.00        0.00
     0     1      693.00      234.00        0.00
     0     1      697.00      230.00        0.00
     0     1      702.00      226.00        0.00
     0     1      707.00      220.00        0.00
     0     1      712.00      216.00        0.00
     0     1      718.00      211.00        0.00
     0     1      726.00      204.00        0.00
     0     1      730.00      201.00        0.00
     0     1      735.00      196.00        0.00
     0     1      739.00      194.00        0.00
     0     1      743.00      192.00        0.00
     0     1      745.00      189.00        0.00
     0     1      748.00      185.00        0.00
     0     1      752.00      182.00        0.00
     0     1      756.00      176.00        0.00
     0     1      758.00      172.00        0.00
     0     1      761.00      169.00        0.00
     0     1      764.00      166.00        0.00
     0     1      766.00      163.00        0.00
     0     1      769.00      160.00        0.00
     0     1      772.00      157.00        0.00
     0     1      775.00      155.00        0.00
     0     1      778.00      152.00        0.00
     0     1      783.00      149.00        0.00
     0     1      787.00      147.00        0.00
     0     1      790.00      144.00        0.00
     0     1      793.00      140.00        0.00
     0     1      798.00      136.00        0.00
     0     1      803.00      130.00        0.00
     0     1      807.00      126.00        0.00
     0     1      811.00      122.00        0.00
     0     1      815.00      119.00        0.00
     0     1      820.00      114.00        0.00
     0     1      824.00      110.00        0.00
     0     1      828.00      106.00        0.00
     0     1      832.00      102.00        0.00
     0     1      837.00       98.00        0.00
     0     1      844.00       92.00        0.00
     0     1      849.00       88.00        0.00
     0     1      854.00       84.00        0.00
     0     1      857.00       81.00        0.00
     0     1      862.00       77.00        0.00
     0     1      865.00       74.00        0.00
     0     1      868.00       71.00        0.00
     0     1      871.00       68.00        0.00
     0     1      873.00       65.00        0.00
     0     1      877.00       62.00        0.00
     0     1      880.00       58.00        0.00
     0     1      883.00       55.00        0.00
     0     1      885.00       52.00        0.00
     0     1      888.00       48.00        0.00
     0     1      892.00       42.00        0.00
     0     1      897.00       36.00        0.00
     0     1      903.00       30.00        0.00
     0     1      906.00       25.00        0.00
     0     1      909.00       21.00        0.00
     0     1      913.00       15.00        0.00
     0     1      915.00       12.00        0.00
     0     1      918.00        8.00        0.00
     0     1      920.00        5.00        0.00
     0     1      923.00        2.00        0.00
     0     1      926.00       -1.00        0.00
     0     1      929.00       -2.00        0.00
     0     1     1155.00        1.00        0.00
     0     1     1152.00        2.00        0.00
     0     1     1149.00        3.00        0.00
     0     1     1146.00        5.00        0.00
     0     1     1143.00        8.00        0.00
     0     1     1141.00       11.00        0.00
     0     1     1138.00       15.00        0.00
     0     1     1135.00       20.00        0.00
     0     1     1132.00       25.00        0.00
     0     1     1128.00       32.00        0.00
     0     1     1126.00       36.00        0.00
     0     1     1123.00       40.00        0.00
     0     1     1121.00       44.00        0.00
     0     1     1117.00       48.00        0.00
     0     1     1114.00       50.00        0.00
     0     1     1112.00       54.00        0.00
     0     1     1110.00       57.00        0.00
     0     1     1107.00       61.00        0.00
     0     1     1104.00       64.00        0.00
     0     1     1101.00       67.00        0.00
     0     1     1099.00       70.00        0.00
     0     1     1096.00       73.00        0.00
     0     1     1094.00       76.00        0.00
     0     1     1091.00       78.00        0.00
     0     1     1088.00       80.00        0.00
     0     1     1085.00       83.00        0.00
     0     1     1082.00       86.00        0.00
     0     1     1078.00       90.00        0.00
     0     1     1075.00       93.00        0.00
     0     1     1073.00       96.00        0.00
     0     1     1070.00      100.00        0.00
     0     1     1066.00      104.00        0.00
     0     1     1060.00      110.00        0.00
     0     1     1057.00      114.00        0.00
     0     1     1055.00      117.00        0.00
     0     1     1053.00      120.00        0.00
     0     1     1051.00      124.00        0.00
     0     1     1050.00      127.00        0.00
     0     1     1048.00      132.00        0.00
     0     1     1046.00      136.00        0.00
     0     1     1045.00      139.00        0.00
     0     1     1044.00      143.00        0.00
     0     1     1043.00      146.00        0.00
     0     1     1041.00      151.00        0.00
     0     1     1038.00      155.00        0.00
     0     1     1037.00      159.00        0.00
     0     1     1035.00      162.00        0.00
     0     1     1033.00      166.00        0.00
     0     1     1031.00      169.00        0.00
     0     1     1029.00      172.00        0.00
     0     1     1027.00      175.00        0.00
     0     1     1024.00      178.00        0.00
     0     1     1021.00      182.00        0.00
     0     1     1019.00      185.00        0.00
     0     1     1017.00      188.00        0.00
     0     1     1015.00      191.00        0.00
     0     1     1012.00      194.00        0.00
     0     1     1009.00      197.00        0.00
     0     1     1007.00      200.00        0.00
     0     1     1003.00      205.00        0.00
     0     1     1000.00      209.00        0.00
     0     1      996.00      214.00        0.00
     0     1      994.00      217.00        0.00
     0     1      991.00      221.00        0.00
     0     1      990.00      225.00        0.00
     0     1      988.00      229.00        0.00
     0     1      987.00      232.00        0.00
     0     1      984.00      236.00        0.00
     0     1      982.00      239.00        0.00
     0     1      979.00      241.00        0.00
     0     1      977.00      244.00        0.00
     0     1      974.00      247.00        0.00
     0     1      971.00      250.00        0.00
     0     1      968.00      253.00        0.00
     0     1      966.00      256.00        0.00
     0     1      964.00      259.00        0.00
     0     1      962.00      262.00        0.00
     0     1      959.00      264.00        0.00
     0     1      956.00      266.00        0.00
     0     1      951.00      270.00        0.00
     0     1      948.00      272.00        0.00
     0     1      945.00      275.00        0.00
     0     1      943.00      278.00        0.00
     0     1      938.00      284.00        0.00
     0     1      935.00      287.00        0.00
     0     1      932.00      291.00        0.00
     0     1      930.00      294.00        0.00
     0     1      928.00      297.00        0.00
     0     1      927.00      300.00        0.00
     0     1      924.00      304.00        0.00
     0     1      920.00      306.00        0.00
     0     1      917.00      308.00        0.00
     0     1      914.00      310.00        0.00
     0     1      909.00      311.00        0.00
     0     1      906.00      312.00        0.00
     0     1      903.00      314.00        0.00
     0     1      899.00      315.00        0.00
     0     1      896.00      316.00        0.00
     0     1      893.00      318.00        0.00
     0     1      887.00      321.00        0.00
     0     1      881.00      324.00        0.00
     0     1      875.00      328.00        0.00
     0     1      866.00      333.00        0.00
     0     1      861.00      336.00        0.00
     0     1      856.00      339.00        0.00
     0     1      853.00      342.00        0.00
     0     1      850.00      345.00        0.00
     0     1      846.00      348.00        0.00
     0     1      843.00      351.00        0.00
     0     1      838.00      353.00        0.00
     0     1      834.00      356.00        0.00
     0     1      830.00      359.00        0.00
     0     1      827.00      361.00        0.00
     0     1      824.00      363.00        0.00
     0     1      821.00      365.00        0.00
     0     1      818.00      368.00        0.00
     0     1      816.00      371.00        0.00
     0     1      813.00      374.00        0.00
     0     1      810.00      377.00        0.00
     0     1      806.00      380.00        0.00
     0     1      802.00      383.00        0.00
     0     1      797.00      387.00        0.00
     0     1      791.00      392.00        0.00
     0     1      787.00      395.00        0.00
     0     1      782.00      397.00        0.00
     0     1      777.00      399.00        0.00
     0     1      772.00      401.00        0.00
     0     1      769.00      403.00        0.00
     0     1      765.00      404.00        0.00
     0     1      762.00      406.00        0.00
     0     1      757.00      407.00        0.00
     0     1      753.00      410.00        0.00
     0     1      750.00      411.00        0.00
     0     1      747.00      413.00        0.00
     0     1      744.00      414.00        0.00
     0     1      732.00      439.00        0.00
     0     1      729.00      448.00        0.00
     0     1      725.00      452.00        0.00
     0     1      723.00      456.00        0.00
     0     1      722.00      459.00        0.00
     0     1      720.00      462.00        0.00
     0     1      717.00      466.00        0.00
     0     1      714.00      470.00        0.00
     0     1      711.00      473.00        0.00
     0     1      709.00      476.00        0.00
     0     1      706.00      478.00        0.00
     0     1      703.00      480.00        0.00
     0     1      701.00      483.00        0.00
     0     1      698.00      485.00        0.00
     0     1      695.00      486.00        0.00
     0     1      692.00      489.00        0.00
     0     1      689.00      492.00        0.00
     0     1      687.00      495.00        0.00
     0     1      685.00      498.00        0.00
     0     1      683.00      501.00        0.00
     0     1      680.00      504.00        0.00
     0     1      678.00      508.00        0.00
     0     1      676.00      511.00        0.00
     0     1      673.00      514.00        0.00
     0     1      669.00      517.00        0.00
     0     1      665.00      519.00        0.00
     0     1      662.00      522.00        0.00
     0     1      660.00      525.00        0.00
     0     1      657.00      527.00        0.00
     0     1      655.00      530.00        0.00
     0     1      652.00      532.00        0.00
     0     1      649.00      533.00        0.00
     0     1      646.00      536.00        0.00
     0     1      642.00      537.00        0.00
     0     1      639.00      539.00        0.00
     0     1      636.00      541.00        0.00
     0     1      633.00      542.00        0.00
     0     1      629.00      545.00        0.00
     0     1      626.00      546.00        0.00
     0     1      622.00      548.00        0.00
     0     1      619.00      550.00        0.00
     0     1      615.00      551.00        0.00
     0     1      611.00      553.00        0.00
     0     1      607.00      556.00        0.00
     0     1      603.00      559.00        0.00
     0     1      600.00      562.00        0.00
     0     1      597.00      567.00        0.00
     0     1      594.00      570.00        0.00
     0     1      590.00      573.00        0.00
     0     1      587.00      576.00        0.00
     0     1      585.00      579.00        0.00
     0     1      582.00      581.00        0.00
     0     1      579.00      583.00        0.00
     0     1      576.00      586.00        0.00
     0     1      572.00      589.00        0.00
     0     1      569.00      591.00        0.00
     0     1      565.00      593.00        0.00
     0     1      562.00      594.00        0.00
     0     1      558.00      596.00        0.00
     0     1      555.00      597.00        0.00
     0     1      551.00      600.00        0.00
     0     1      548.00      601.00        0.00
     0     1      545.00      602.00        0.00
     0     1      541.00      605.00        0.00
     0     1      538.00      606.00        0.00
     0     1      534.00      607.00        0.00
     0     1      529.00      609.00        0.00
     0     1      524.00      610.00        0.00
     0     1      520.00      611.00        0.00
     0     1      517.00      612.00        0.00
     0     1      514.00      614.00        0.00
     0     1      511.00      615.00        0.00
     0     1      507.00      615.00        0.00
     0     1      504.00      616.00        0.00
     0     1      500.00      617.00        0.00
     0     1      496.00      618.00        0.00
     0     1      492.00      619.00        0.00
     0     1      489.00      620.00        0.00
     0     1      484.00      621.00        0.00
     0     1      481.00      622.00        0.00
     0     1      476.00      623.00        0.00
     0     1      473.00      624.00        0.00
     0     1      469.00      624.00        0.00
     0     1      465.00      624.00        0.00
     0     1      462.00      626.00        0.00
     0     1      457.00      627.00        0.00
     0     1      451.00      627.00        0.00
     0     1      439.00      628.00        0.00
     0     1      431.00      630.00        0.00
     0     1      426.00      631.00        0.00
     0     1      423.00      632.00        0.00
     0     1      420.00      633.00        0.00
     0     1      417.00      634.00        0.00
     0     1      413.00      636.00        0.00
     0     1      407.00      638.00        0.00
     0     1      403.00      638.00        0.00
     0     1      397.00      639.00        0.00
     0     1      394.00      640.00        0.00
     0     1      389.00      641.00        0.00
     0     1      385.00      642.00        0.00
     0     1      380.00      643.00        0.00
     0     1      377.00      645.00        0.00
     0     1      374.00      646.00        0.00
     0     1      369.00      647.00        0.00
     0     1      365.00      647.00        0.00
     0     1      361.00      648.00        0.00
     0     1      356.00      649.00        0.00
     0     1      351.00      649.00        0.00
     0     1      348.00      650.00        0.00
     0     1      343.00      650.00        0.00
     0     1      339.00      650.00        0.00
     0     1      335.00      650.00        0.00
     0     1      331.00      650.00        0.00
     0     1      327.00      650.00        0.00
     0     1      322.00      650.00        0.00
     0     1      319.00      651.00        0.00
     0     1      315.00      651.00        0.00
     0     1      310.00      651.00        0.00
     0     1      306.00      651.00        0.00
     0     1      303.00      650.00        0.00
     0     1      299.00      649.00        0.00
     0     1      296.00      648.00        0.00
     0     1      292.00      645.00        0.00
     0     2      522.00      663.00        0.00
     0     2      519.00      664.00        0.00
     0     2      516.00      665.00        0.00
     0     2      512.00      665.00        0.00
     0     2      507.00      665.00        0.00
     0     2      502.00      665.00        0.00
     0     2      498.00      665.00        0.00
     0     2      493.00      666.00        0.00
     0     2      488.00      666.00        0.00
     0     2      484.00      666.00        0.00
     0     2      480.00      667.00        0.00
     0     2      477.00      668.00        0.00
     0     2      474.00      669.00        0.00
     0     2      470.00      670.00        0.00
     0     2      466.00      670.00        0.00
     0     2      463.00      671.00        0.00
     0     2      460.00      672.00        0.00
     0     2      457.00      673.00        0.00
     0     2      454.00      675.00        0.00
     0     2      451.00      677.00        0.00
     0     2      448.00      679.00        0.00
     0     2      445.00      681.00        0.00
     0     2      442.00      683.00        0.00
     0     2      438.00      685.00        0.00
     0     2      434.00      687.00        0.00
     0     2      431.00      688.00        0.00
     0     2      428.00      689.00        0.00
     0     2      424.00      691.00        0.00
     0     2      421.00      692.00        0.00
     0     2      416.00      693.00        0.00
     0     2      413.00      694.00        0.00
     0     2      410.00      696.00        0.00
     0     2      406.00      697.00        0.00
     0     2      402.00      698.00        0.00
     0     2      398.00      699.00        0.00
     0     2      393.00      699.00        0.00
     0     2      388.00      699.00        0.00
     0     2      384.00      699.00        0.00
     0     2      380.00      700.00        0.00
     0     2      376.00      700.00        0.00
     0     2      370.00      700.00        0.00
     0     2      365.00      700.00        0.00
     0     2      360.00      700.00        0.00
     0     2      356.00      700.00        0.00
     0     2      351.00      700.00        0.00
     0     2      347.00      700.00        0.00
     0     2      340.00      699.00        0.00
     0     2      336.00      699.00        0.00
     0     2      332.00      699.00        0.00
     0     2      328.00      698.00        0.00
     0     2      324.00      698.00        0.00
     0     2      319.00      697.00        0.00
     0     2      315.00      696.00        0.00
     0     2      312.00      695.00        0.00
     0     2      307.00      695.00        0.00
     0     2      302.00      695.00        0.00
     0     2      297.00      695.00        0.00
     0     2      293.00      694.00        0.00
     0     2      289.00      694.00        0.00
     0     2      286.00      693.00        0.00
     0     2      281.00      693.00        0.00
     0     2      275.00      692.00        0.00
     0     2      271.00      692.00        0.00
     0     2      267.00      692.00        0.00
     0     2      263.00      692.00        0.00
     0     2      257.00      692.00        0.00
     0     2      252.00      692.00        0.00
     0     2      248.00      691.00        0.00
     0     2      244.00      691.00        0.00
     0     2      240.00      691.00        0.00
     0     2      236.00      691.00        0.00
     0     2      232.00      691.00        0.00
     0     2      227.00      693.00        0.00
     0     2      224.00      694.00        0.00
     0     2      221.00      696.00        0.00
     0     2      217.00      698.00        0.00
     0     2      214.00      699.00        0.00
     0     2      210.00      702.00        0.00
     0     2      207.00      703.00        0.00
     0     2      204.00      705.00        0.00
     0     2      200.00      707.00        0.00
     0     2      197.00      709.00        0.00
     0     2      194.00      711.00        0.00
     0     2      190.00      714.00        0.00
     0     2      186.00      716.00        0.00
     0     2      183.00      718.00        0.00
     0     2      179.00      720.00        0.00
     0     2      176.00      722.00        0.00
     0     2      173.00      724.00        0.00
     0     2      167.00      727.00        0.00
     0     2      162.00      730.00        0.00
     0     2      159.00      731.00        0.00
     0     2      156.00      733.00        0.00
     0     2      153.00      735.00        0.00
     0     2      149.00      735.00        0.00
     0     2      146.00      736.00        0.00
     0     2      140.00      737.00        0.00
     0     2      137.00      738.00        0.00
     0     2      132.00      741.00        0.00
     0     2      127.00      743.00        0.00
     0     2      123.00      746.00        0.00
     0     2      120.00      747.00        0.00
     0     2      117.00      750.00        0.00
     0     2      113.00      753.00        0.00
     0     2      109.00      756.00        0.00
     0     2      107.00      759.00        0.00
     0     2      103.00      762.00        0.00
     0     2       99.00      766.00        0.00
     0     2       95.00      769.00        0.00
     0     2       91.00      772.00        0.00
     0     2       87.00      775.00        0.00
     0     2       83.00      778.00        0.00
     0     2       81.00      781.00        0.00
     0     2       79.00      785.00        0.00
     0     2       75.00      789.00        0.00
     0     2       73.00      792.00        0.00
     0     2       71.00      796.00        0.00
     0     2       69.00      799.00        0.00
     0     2       65.00      803.00        0.00
     0     2       62.00      807.00        0.00
     0     2       59.00      810.00        0.00
     0     2       55.00      814.00        0.00
     0     2       53.00      818.00        0.00
     0     2       51.00      821.00        0.00
     0     2       48.00      823.00        0.00
     0     2       45.00      827.00        0.00
     0     2       42.00      829.00        0.00
     0     2       39.00      832.00        0.00
     0     2       35.00      835.00        0.00
     0     2       31.00      838.00        0.00
     0     2       27.00      841.00        0.00
     0     2       24.00      843.00        0.00
     0     2       20.00      845.00        0.00
     0     2       18.00      848.00        0.00
     0     2       16.00      851.00        0.00
     0     2       14.00      854.00        0.00
     0     2       12.00      857.00        0.00
     0     2        9.00      860.00        0.00
     0     2        6.00      863.00        0.00
     0     2        4.00      866.00        0.00
     0     2        2.00      869.00        0.00
     0     2       -1.00     1033.00        0.00
     0     2      210.00     1032.00        0.00
     0     2      214.00     1030.00        0.00
     0     2      217.00     1027.00        0.00
     0     2      221.00     1024.00        0.00
     0     2      224.00     1021.00        0.00
     0     2      228.00     1017.00        0.00
     0     2      231.00     1013.00        0.00
     0     2      235.00     1009.00        0.00
     0     2      238.00     1006.00        0.00
     0     2      241.00     1003.00        0.00
     0     2      245.00     1000.00        0.00
     0     2      248.00      996.00        0.00
     0     2      251.00      993.00        0.00
     0     2      255.00      989.00        0.00
     0     2      257.00      986.00        0.00
     0     2      260.00      983.00        0.00
     0     2      264.00      980.00        0.00
     0     2      267.00      978.00        0.00
     0     2      271.00      976.00        0.00
     0     2      273.00      973.00        0.00
     0     2      276.00      971.00        0.00
     0     2      279.00      970.00        0.00
     0     2      282.00      967.00        0.00
     0     2      285.00      965.00        0.00
     0     2      289.00      962.00        0.00
     0     2      293.00      960.00        0.00
     0     2      297.00      959.00        0.00
     0     2      300.00      957.00        0.00
     0     2      303.00      956.00        0.00
     0     2      309.00      955.00        0.00
     0     2      313.00      954.00        0.00
     0     2      316.00      953.00        0.00
     0     2      319.00      951.00        0.00
     0     2      322.00      949.00        0.00
     0     2      326.00      947.00        0.00
     0     2      329.00      944.00        0.00
     0     2      333.00      942.00        0.00
     0     2      338.00      939.00        0.00
     0     2      342.00      936.00        0.00
     0     2      346.00      934.00        0.00
     0     2      349.00      933.00        0.00
     0     2      353.00      931.00        0.00
     0     2      357.00      931.00        0.00
     0     2      362.00      930.00        0.00
     0     2      369.00      928.00        0.00
     0     2      375.00      927.00        0.00
     0     2      380.00      926.00        0.00
     0     2      383.00      924.00        0.00
     0     2      386.00      923.00        0.00
     0     2      390.00      922.00        0.00
     0     2      394.00      920.00        0.00
     0     2      399.00      918.00        0.00
     0     2      403.00      916.00        0.00
     0     2      407.00      914.00        0.00
     0     2      410.00      913.00        0.00
     0     2      414.00      911.00        0.00
     0     2      418.00      909.00        0.00
     0     2      423.00      908.00        0.00
     0     2      427.00      907.00        0.00
     0     2      432.00      907.00        0.00
     0     2      438.00      905.00        0.00
     0     2      445.00      904.00        0.00
     0     2      450.00      904.00        0.00
     0     2      455.00      903.00        0.00
     0     2      460.00      902.00        0.00
     0     2      464.00      900.00        0.00
     0     2      469.00      899.00        0.00
     0     2      474.00      898.00        0.00
     0     2      479.00      897.00        0.00
     0     2      487.00      895.00        0.00
     0     2      495.00      894.00        0.00
     0     2      500.00      892.00        0.00
     0     2      504.00      891.00        0.00
     0     2      509.00      889.00        0.00
     0     2      512.00      887.00        0.00
     0     2      516.00      886.00        0.00
     0     2      519.00      884.00        0.00
     0     2      522.00      883.00        0.00
     0     2      527.00      881.00        0.00
     0     2      532.00      879.00        0.00
     0     2      535.00      878.00        0.00
     0     2      539.00      876.00        0.00
     0     2      543.00      875.00        0.00
     0     2      547.00      874.00        0.00
     0     2      550.00      873.00        0.00
     0     2      553.00      872.00        0.00
     0     2      556.00      871.00        0.00
     0     2      559.00      870.00        0.00
     0     2      562.00      868.00        0.00
     0     2      567.00      866.00        0.00
     0     2      571.00      864.00        0.00
     0     2      574.00      862.00        0.00
     0     2      579.00      860.00        0.00
     0     2      582.00      857.00        0.00
     0     2      586.00      854.00        0.00
     0     2      589.00      852.00        0.00
     0     2      592.00      850.00        0.00
     0     2      596.00      846.00        0.00
     0     2      600.00      843.00        0.00
     0     2      601.00      840.00        0.00
     0     2      604.00      837.00        0.00
     0     2      606.00      834.00        0.00
     0     2      608.00      831.00        0.00
     0     2      611.00      828.00        0.00
     0     2      613.00      825.00        0.00
     0     2      617.00      822.00        0.00
     0     2      620.00      820.00        0.00
     0     2      624.00      818.00        0.00
     0     2      629.00      816.00        0.00
     0     2      634.00      814.00        0.00
     0     2      637.00      813.00        0.00
     0     2      642.00      811.00        0.00
     0     2      648.00      808.00        0.00
     0     2      654.00      806.00        0.00
     0     2      661.00      803.00        0.00
     0     2      665.00      801.00        0.00
     0     2      669.00      799.00        0.00
     0     2      672.00      797.00        0.00
     0     2      676.00      795.00        0.00
     0     2      680.00      793.00        0.00
     0     2      683.00      790.00        0.00
     0     2      686.00      787.00        0.00
     0     2      689.00      784.00        0.00
     0     2      692.00      782.00        0.00
     0     2      694.00      779.00        0.00
     0     2      698.00      776.00        0.00
     0     2      700.00      773.00        0.00
     0     2      703.00      769.00        0.00
     0     2      706.00      765.00        0.00
     0     2      708.00      762.00        0.00
     0     2      711.00      759.00        0.00
     0     2      714.00      757.00        0.00
     0     2      718.00      754.00        0.00
     0     2      721.00      752.00        0.00
     0     2      724.00      749.00        0.00
     0     2      728.00      747.00        0.00
     0     2      732.00      744.00        0.00
     0     2      736.00      741.00        0.00
     0     2      740.00      739.00        0.00
     0     2      742.00      736.00        0.00
     0     2      745.00      733.00        0.00
     0     2      747.00      730.00        0.00
     0     2      750.00      727.00        0.00
     0     2      753.00      725.00        0.00
     0     2      756.00      721.00        0.00
     0     2      759.00      718.00        0.00
     0     2      762.00      714.00        0.00
     0     2      765.00      710.00        0.00
     0     2      769.00      706.00        0.00
     0     2      772.00      703.00        0.00
     0     2      774.00      700.00        0.00
     0     2      777.00      699.00        0.00
     0     2      780.00      697.00        0.00
     0     2      783.00      696.00        0.00
     0     2      786.00      694.00        0.00
     0     2      790.00      693.00        0.00
     0     2      795.00      690.00        0.00
     0     2      798.00      688.00        0.00
     0     2      801.00      685.00        0.00
     0     2      803.00      682.00        0.00
     0     2      805.00      679.00        0.00
     0     2      807.00      676.00        0.00
     0     2      809.00      673.00        0.00
     0     2      812.00      669.00        0.00
     0     2      814.00      666.00        0.00
     0     2      817.00      662.00        0.00
     0     2      821.00      658.00        0.00
     0     2      824.00      656.00        0.00
     0     2      827.00      654.00        0.00
     0     2      830.00      652.00        0.00
     0     2      833.00      650.00        0.00
     0     2      837.00      648.00        0.00
     0     2      841.00      646.00        0.00
     0     2      845.00      644.00        0.00
     0     2      849.00      641.00        0.00
     0     2      853.00      638.00        0.00
     0     2      856.00      635.00        0.00
     0     2      859.00      632.00        0.00
     0     2      863.00      629.00        0.00
     0     2      866.00      625.00        0.00
     0     2      869.00      622.00        0.00
     0     2      901.00      609.00        0.00
     0     2      912.00      600.00        0.00
     0     2      920.00      594.00        0.00
     0     2      929.00      585.00        0.00
     0     2      935.00      575.00        0.00
     0     2      943.00      564.00        0.00
     0     2      948.00      557.00        0.00
     0     2      953.00      548.00        0.00
     0     2      957.00      541.00        0.00
     0     2      961.00      533.00        0.00
     0     2      964.00      527.00        0.00
     0     2      968.00      520.00        0.00
     0     2      975.00      513.00        0.00
     0     2      984.00      506.00        0.00
     0     2      996.00      497.00        0.00
     0     2     1005.00      489.00        0.00
     0     2     1014.00      481.00        0.00
     0     2     1020.00      472.00        0.00
     0     2     1027.00      462.00        0.00
     0     2     1034.00      455.00        0.00
     0     2     1041.00      446.00        0.00
     0     2     1047.00      439.00        0.00
     0     2     1054.00      432.00        0.00
     0     2     1062.00      421.00        0.00
     0     2     1067.00      413.00        0.00
     0     2     1072.00      405.00        0.00
     0     2     1079.00      397.00        0.00
     0     2     1086.00      391.00        0.00
     0     2     1092.00      387.00        0.00
     0     2     1100.00      382.00        0.00
     0     2     1105.00      380.00        0.00
     0     2     1112.00      377.00        0.00
     0     2     1119.00      373.00        0.00
     0     2     1124.00      369.00        0.00
     0     2     1131.00      363.00        0.00
     0     2     1136.00      359.00        0.00
     0     2     1144.00      353.00        0.00
     0     2     1149.00      348.00        0.00
     0     2     1155.00      341.00        0.00
     0     2     1161.00      336.00        0.00
     0     2     1166.00      331.00        0.00
     0     2     1173.00      325.00        0.00
     0     2     1178.00      320.00        0.00
     0     2     1182.00      316.00        0.00
     0     2     1186.00      313.00        0.00
     0     2     1188.00      309.00        0.00
     0     2     1192.00      304.00        0.00
     0     2     1194.00      301.00        0.00
     0     2     1195.00      298.00        0.00
     0     2     1198.00      293.00        0.00
     0     2     1200.00      288.00        0.00
     0     2     1204.00      284.00        0.00
     0     2     1206.00      280.00        0.00
     0     2     1210.00      275.00        0.00
     0     2     1214.00      271.00        0.00
     0     2     1218.00      266.00        0.00
     0     2     1221.00      262.00        0.00
     0     2     1225.00      258.00        0.00
     0     2     1230.00      254.00        0.00
     0     2     1233.00      252.00        0.00
     0     2     1234.00      249.00        0.00
     0     2     1231.00      246.00        0.00
     0     2     1088.00      181.00        0.00
     0     2     1081.00      190.00        0.00
     0     2     1078.00      193.00        0.00
     0     2     1073.00      197.00        0.00
     0     2     1067.00      201.00        0.00
     0     2     1060.00      207.00        0.00
     0     2     1051.00      214.00        0.00
     0     2     1045.00      221.00        0.00
     0     2     1038.00      228.00        0.00
     0     2     1033.00      234.00        0.00
     0     2     1029.00      241.00        0.00
     0     2     1023.00      247.00        0.00
     0     2     1020.00      252.00        0.00
     0     2     1017.00      257.00        0.00
     0     2     1013.00      261.00        0.00
     0     2     1008.00      267.00        0.00
     0     2     1003.00      271.00        0.00
     0     2      998.00      275.00        0.00
     0     2      993.00      279.00        0.00
     0     2      988.00      283.00        0.00
     0     2      982.00      288.00        0.00
     0     2      978.00      290.00        0.00
     0     2      973.00      293.00        0.00
     0     2      968.00      297.00        0.00
     0     2      964.00      299.00        0.00
     0     2      960.00      302.00        0.00
     0     2      957.00      305.00        0.00
     0     2      954.00      308.00        0.00
     0     2      949.00      312.00        0.00
     0     2      943.00      318.00        0.00
     0     2      938.00      322.00        0.00
     0     2      932.00      326.00        0.00
     0     2      924.00      332.00        0.00
     0     2      917.00      336.00        0.00
     0     2      910.00      339.00        0.00
     0     2      904.00      343.00        0.00
     0     2      900.00      345.00        0.00
     0     2      896.00      348.00        0.00
     0     2      893.00      351.00        0.00
     0     2      889.00      354.00        0.00
     0     2      886.00      356.00        0.00
     0     2      882.00      359.00        0.00
     0     2      878.00      363.00        0.00
     0     2      875.00      365.00        0.00
     0     2      871.00      369.00        0.00
     0     2      869.00      372.00        0.00
     0     2      865.00      377.00        0.00
     0     2      862.00      380.00        0.00
     0     2      858.00      385.00        0.00
     0     2      856.00      389.00        0.00
     0     2      852.00      395.00        0.00
     0     2      848.00      399.00        0.00
     0     2      843.00      405.00        0.00
     0     2      839.00      409.00        0.00
     0     2      835.00      413.00        0.00
     0     2      830.00      416.00        0.00
     0     2      825.00      420.00        0.00
     0     2      822.00      424.00        0.00
     0     2      818.00      427.00        0.00
     0     2      817.00      430.00        0.00
     0     2      814.00      433.00        0.00
     0     2      811.00      436.00        0.00
     0     2      808.00      439.00        0.00
     0     2      804.00      443.00        0.00
     0     2      800.00      446.00        0.00
     0     2      796.00      448.00        0.00
     0     2      792.00      451.00        0.00
     0     2      788.00      453.00        0.00
     0     2      783.00      455.00        0.00
     0     2      779.00      458.00        0.00
     0     2      775.00      461.00        0.00
     0     2      770.00      465.00        0.00
     0     2      766.00      468.00        0.00
     0     2      762.00      471.00        0.00
     0     2      759.00      475.00        0.00
     0     2      756.00      480.00        0.00
     0     2      754.00      483.00        0.00
     0     2      752.00      487.00        0.00
     0     2      748.00      494.00        0.00
     0     2      746.00      498.00        0.00
     0     2      743.00      503.00        0.00
     0     2      742.00      506.00        0.00
     0     2      739.00      509.00        0.00
     0     2      738.00      512.00        0.00
     0     2      736.00      515.00        0.00
     0     2      733.00      519.00        0.00
     0     2      730.00      522.00        0.00
     0     2      727.00      526.00        0.00
     0     2      724.00      530.00        0.00
     0     2      721.00      532.00        0.00
     0     2      719.00      535.00        0.00
     0     2      716.00      538.00        0.00
     0     2      713.00      541.00        0.00
     0     2      710.00      544.00        0.00
     0     2      708.00      547.00        0.00
     0     2      706.00      550.00        0.00
     0     2      703.00      554.00        0.00
     0     2      700.00      558.00        0.00
     0     2      698.00      561.00        0.00
     0     2      697.00      564.00        0.00
     0     2      696.00      567.00        0.00
     0     2      695.00      570.00        0.00
     0     2      693.00      573.00        0.00
     0     2      691.00      576.00        0.00
     0     2      688.00      579.00        0.00
     0     2      685.00      582.00        0.00
     0     2      682.00      584.00        0.00
     0     2      678.00      587.00        0.00
     0     2      675.00      589.00        0.00
     0     2      672.00      591.00        0.00
     0     2      668.00      594.00        0.00
     0     2      665.00      595.00        0.00
     0     2      661.00      596.00        0.00
     0     2      658.00      597.00        0.00
     0     2      654.00      598.00        0.00
     0     2      650.00      600.00        0.00
     0     2      646.00      601.00        0.00
     0     2      643.00      602.00        0.00
     0     2      640.00      603.00        0.00
     0     2      636.00      605.00        0.00
     0     2      633.00      607.00        0.00
     0     2      629.00      610.00        0.00
     0     2      626.00      613.00        0.00
     0     2      623.00      615.00        0.00
     0     2      620.00      617.00        0.00
     0     2      617.00      620.00        0.00
     0     2      614.00      622.00        0.00
     0     2      613.00      625.00        0.00
     0     2      611.00      628.00        0.00
     0     2      609.00      631.00        0.00
     0     2      606.00      634.00        0.00
     0     2      603.00      636.00        0.00
     0     2      600.00      637.00        0.00
     0     2      596.00      640.00        0.00
     0     2      592.00      642.00        0.00
     0     2      588.00      643.00        0.00
     0     2      583.00      645.00        0.00
     0     2      580.00      646.00        0.00
     0     2      576.00      647.00        0.00
     0     2      572.00      648.00        0.00
     0     2      568.00      650.00        0.00
     0     2      564.00      653.00        0.00
     0     2      560.00      655.00        0.00
     0     2      557.00      657.00        0.00
     0     2      554.00      658.00        0.00
     0     2      551.00      659.00        0.00
     0     2      548.00      661.00        0.00
     0     2      546.00      664.00        0.00
     1     0      237.00      664.00        0.00
     1     0      233.00      670.00        0.00
     1     0      230.00      673.00        0.00
     1     0      227.00      674.00        0.00
     1     0      223.00      675.00        0.00
     1     0      219.00      675.00        0.00
     1     0      215.00      674.00        0.00
     1     0      211.00      674.00        0.00
     1     0      207.00      673.00        0.00
     1     0      203.00      672.00        0.00
     1     0      200.00      669.00        0.00
     1     0      197.00      666.00        0.00
     1     0      194.00      663.00        0.00
     1     0      193.00      660.00        0.00
     1     0      192.00      656.00        0.00
     1     0      192.00      650.00        0.00
     1     0      192.00      645.00        0.00
     1     0      193.00      640.00        0.00
     1     0      195.00      637.00        0.00
     1     0      197.00      634.00        0.00
     1     0      200.00      630.00        0.00
     1     0      203.00      629.00        0.00
     1     0      207.00      627.00        0.00
     1     0      210.00      626.00        0.00
     1     0      214.00      626.00        0.00
     1     0      217.00      627.00        0.00
     1     0      220.00      628.00        0.00
     1     0      223.00      630.00        0.00
     1     0      226.00      632.00        0.00
     1     0      229.00      635.00        0.00
     1     0      231.00      638.00        0.00
     1     0      234.00      641.00        0.00
     1     0      235.00      644.00        0.00
     1     0      237.00      647.00        0.00
     1     0      237.00      651.00        0.00
     1     1      302.00      667.00        0.00
     1     1      302.00      671.00        0.00
     1     1      302.00      675.00        0.00
     1     1      300.00      678.00        0.00
     1     1      297.00      681.00        0.00
     1     1      294.00      683.00        0.00
     1     1      291.00      684.00        0.00
     1     1      288.00      685.00        0.00
     1     1      284.00      686.00        0.00
     1     1      280.00      686.00        0.00
     1     1      275.00      686.00        0.00
     1     1      271.00      686.00        0.00
     1     1      268.00      685.00        0.00
     1     1      265.00      683.00        0.00
     1     1      263.00      680.00        0.00
     1     1      260.00      677.00        0.00
     1     1      259.00      673.00        0.00
     1     1      259.00      669.00        0.00
     1     1      259.00      665.00        0.00
     1     1      260.00      660.00        0.00
     1     1      263.00      657.00        0.00
     1     1      266.00      655.00        0.00
     1     1      269.00      654.00        0.00
     1     1      273.00      654.00        0.00
     1     1      277.00      654.00        0.00
     1     1      281.00      654.00        0.00
     1     1      286.00      655.00        0.00
     1     1      289.00      656.00        0.00
     1     1      293.00      657.00        0.00
     1     1      296.00      658.00        0.00
     1     1      299.00      659.00        0.00
     1     2      362.00      651.00        0.00
     1     2      365.00      657.00        0.00
     1     2      366.00      660.00        0.00
     1     2      366.00      664.00        0.00
     1     2      365.00      669.00        0.00
     1     2      363.00      672.00        0.00
     1     2      360.00      676.00        0.00
     1     2      357.00      677.00        0.00
     1     2      354.00      679.00        0.00
     1     2      350.00      681.00        0.00
     1     2      346.00      682.00        0.00
     1     2      342.00      682.00        0.00
     1     2      339.00      681.00        0.00
     1     2      336.00      677.00        0.00
     1     2      335.00      673.00        0.00
     1     2      334.00      670.00        0.00
     1     2      333.00      666.00        0.00
     1     2      332.00      661.00        0.00
     1     2      332.00      657.00        0.00
     1     2      331.00      654.00        0.00
     1     2      332.00      650.00        0.00
     1     2      334.00      647.00        0.00
     1     2      337.00      645.00        0.00
     1     2      340.00      643.00        0.00
     1     2      345.00      643.00        0.00
     1     2      349.00      643.00        0.00
     1     2      352.00      644.00        0.00
     1     3      433.00      666.00        0.00
     1     3      429.00      672.00        0.00
     1     3      425.00      675.00        0.00
     1     3      422.00      677.00        0.00
     1     3      419.00      678.00        0.00
     1     3      415.00      678.00        0.00
     1     3      413.00      675.00        0.00
     1     3      411.00      672.00        0.00
     1     3      410.00      668.00        0.00
     1     3      410.00      662.00        0.00
     1     3      409.00      657.00        0.00
     1     3      409.00      653.00        0.00
     1     3      410.00      649.00        0.00
     1     3      412.00      645.00        0.00
     1     3      413.00      642.00        0.00
     1     3      416.00      640.00        0.00
     1     3      419.00      639.00        0.00
     1     3      423.00      637.00        0.00
     1     3      426.00      636.00        0.00
     1     3      430.00      636.00        0.00
     1     3      434.00      636.00        0.00
     1     3      437.00      638.00        0.00
     1     3      440.00      641.00        0.00
     1     3      442.00      644.00        0.00
     1     3      443.00      647.00        0.00
     1     3      443.00      651.00        0.00
     1     3      442.00      655.00        0.00
     1     4      483.00      654.00        0.00
     1     4      476.00      661.00        0.00
     1     4      473.00      663.00        0.00
     1     4      469.00      663.00        0.00
     1     4      464.00      664.00        0.00
     1     4      460.00      663.00        0.00
     1     4      457.00      660.00        0.00
     1     4      456.00      657.00        0.00
     1     4      455.00      652.00        0.00
     1     4      454.00      649.00        0.00
     1     4      454.00      645.00        0.00
     1     4      455.00      641.00        0.00
     1     4      457.00      638.00        0.00
     1     4      460.00      635.00        0.00
     1     4      463.00      634.00        0.00
     1     4      467.00      633.00        0.00
     1     4      471.00      633.00        0.00
     1     4      476.00      633.00        0.00
     1     4      480.00      633.00        0.00
     1     4      484.00      633.00        0.00
     1     4      487.00      636.00        0.00
     1     4      487.00      640.00        0.00
     1     4      486.00      643.00        0.00
     1     5      530.00      639.00        0.00
     1     5      528.00      646.00        0.00
     1     5      525.00      649.00        0.00
     1     5      521.00      651.00        0.00
     1     5      518.00      652.00        0.00
     1     5      515.00      653.00        0.00
     1     5      511.00      653.00        0.00
     1     5      508.00      652.00        0.00
     1     5      506.00      648.00        0.00
     1     5      505.00      645.00        0.00
     1     5      505.00      640.00        0.00
     1     5      505.00      636.00        0.00
     1     5      506.00      633.00        0.00
     1     5      509.00      630.00        0.00
     1     5      512.00      627.00        0.00
     1     5      515.00      624.00        0.00
     1     5      519.00      623.00        0.00
     1     5      522.00      622.00        0.00
     1     5      527.00      622.00        0.00
     1     5      531.00      623.00        0.00
     1     6      571.00      626.00        0.00
     1     6      566.00      634.00        0.00
     1     6      564.00      637.00        0.00
     1     6      561.00      638.00        0.00
     1     6      557.00      639.00        0.00
     1     6      553.00      640.00        0.00
     1     6      549.00      640.00        0.00
     1     6      545.00      640.00        0.00
     1     6      542.00      639.00        0.00
     1     6      539.00      636.00        0.00
     1     6      538.00      633.00        0.00
     1     6      538.00      628.00        0.00
     1     6      538.00      623.00        0.00
     1     6      538.00      619.00        0.00
     1     6      540.00      615.00        0.00
     1     6      543.00      612.00        0.00
     1     6      546.00      610.00        0.00
     1     6      551.00      609.00        0.00
     1     6      555.00      608.00        0.00
     1     6      558.00      606.00        0.00
     1     6      562.00      606.00        0.00
     1     6      565.00      607.00        0.00
     1     6      568.00      609.00        0.00
     1     6      569.00      612.00        0.00
     1     6      569.00      616.00        0.00
     1     7      598.00      620.00        0.00
     1     7      594.00      625.00        0.00
     1     7      590.00      626.00        0.00
     1     7      586.00      626.00        0.00
     1     7      583.00      625.00        0.00
     1     7      580.00      622.00        0.00
     1     7      579.00      619.00        0.00
     1     7      578.00      616.00        0.00
     1     7      576.00      613.00        0.00
     1     7      576.00      608.00        0.00
     1     7      576.00      603.00        0.00
     1     7      577.00      599.00        0.00
     1     7      579.00      596.00        0.00
     1     7      582.00      593.00        0.00
     1     7      585.00      591.00        0.00
     1     7      588.00      589.00        0.00
     1     7      591.00      588.00        0.00
     1     7      595.00      589.00        0.00
     1     7      598.00      591.00        0.00
     1     7      601.00      594.00        0.00
     1     7      603.00      597.00        0.00
     1     7      604.00      600.00        0.00
     1     7      604.00      604.00        0.00
     1     7      603.00      607.00        0.00
     1     8      693.00      512.00        0.00
     1     8      698.00      513.00        0.00
     1     8      701.00      515.00        0.00
     1     8      702.00      518.00        0.00
     1     8      703.00      521.00        0.00
     1     8      703.00      525.00        0.00
     1     8      703.00      530.00        0.00
     1     8      702.00      533.00        0.00
     1     8      701.00      537.00        0.00
     1     8      699.00      540.00        0.00
     1     8      696.00      541.00        0.00
     1     8      692.00      541.00        0.00
     1     8      688.00      541.00        0.00
     1     8      685.00      539.00        0.00
     1     8      682.00      537.00        0.00
     1     8      679.00      535.00        0.00
     1     8      677.00      532.00        0.00
     1     8      677.00      528.00        0.00
     1     8      676.00      525.00        0.00
     1     8      677.00      521.00        0.00
     1     8      678.00      518.00        0.00
     1     8      681.00      516.00        0.00
     1     9      747.00      430.00        0.00
     1     9      758.00      432.00        0.00
     1     9      761.00      435.00        0.00
     1     9      764.00      439.00        0.00
     1     9      764.00      443.00        0.00
     1     9      764.00      447.00        0.00
     1     9      764.00      451.00        0.00
     1     9      764.00      455.00        0.00
     1     9      763.00      458.00        0.00
     1     9      762.00      461.00        0.00
     1     9      760.00      465.00        0.00
     1     9      756.00      468.00        0.00
     1     9      753.00      469.00        0.00
     1     9      750.00      468.00        0.00
     1     9      747.00      467.00        0.00
     1     9      744.00      463.00        0.00
     1     9      741.00      459.00        0.00
     1     9      739.00      456.00        0.00
     1     9      736.00      453.00        0.00
     1     9      736.00      449.00        0.00
     1     9      736.00      443.00        0.00
     1     9      737.00      439.00        0.00
     1     9      739.00      436.00        0.00
     1     9      743.00      434.00        0.00
     1    10      770.00      407.00        0.00
     1    10      764.00      416.00        0.00
     1    10      764.00      420.00        0.00
     1    10      764.00      424.00        0.00
     1    10      765.00      427.00        0.00
     1    10      768.00      430.00        0.00
     1    10      771.00      432.00        0.00
     1    10      775.00      433.00        0.00
     1    10      778.00      434.00        0.00
     1    10      782.00      434.00        0.00
     1    10      785.00      433.00        0.00
     1    10      788.00      430.00        0.00
     1    10      791.00      428.00        0.00
     1    10      792.00      425.00        0.00
     1    10      792.00      421.00        0.00
     1    10      792.00      416.00        0.00
     1    10      791.00      413.00        0.00
     1    10      789.00      410.00        0.00
     1    10      786.00      407.00        0.00
     1    10      782.00      407.00        0.00
     1    10      778.00      407.00        0.00
     1    11      800.00      392.00        0.00
     1    11      798.00      395.00        0.00
     1    11      797.00      398.00        0.00
     1    11      798.00      402.00        0.00
     1    11      800.00      405.00        0.00
     1    11      804.00      407.00        0.00
     1    11      809.00      407.00        0.00
     1    11      812.00      406.00        0.00
     1    11      815.00      404.00        0.00
     1    11      818.00      402.00        0.00
     1    11      822.00      399.00        0.00
     1    11      825.00      396.00        0.00
     1    11      828.00      393.00        0.00
     1    11      829.00      390.00        0.00
     1    11      830.00      386.00        0.00
     1    11      829.00      381.00        0.00
     1    11      828.00      377.00        0.00
     1    11      825.00      374.00        0.00
     1    11      820.00      374.00        0.00
     1    11      816.00      376.00        0.00
     1    11      813.00      379.00        0.00
     1    11      810.00      381.00        0.00
     1    11      807.00      384.00        0.00
     1    11      805.00      387.00        0.00
     1    12      837.00      364.00        0.00
     1    12      831.00      372.00        0.00
     1    12      830.00      375.00        0.00
     1    12      831.00      380.00        0.00
     1    12      833.00      383.00        0.00
     1    12      836.00      385.00        0.00
     1    12      839.00      386.00        0.00
     1    12      843.00      387.00        0.00
     1    12      847.00      385.00        0.00
     1    12      851.00      381.00        0.00
     1    12      854.00      377.00        0.00
     1    12      856.00      373.00        0.00
     1    12      856.00      368.00        0.00
     1    12      855.00      364.00        0.00
     1    12      852.00      360.00        0.00
     1    12      849.00      358.00        0.00
     1    12      845.00      358.00        0.00
     1    12      842.00      361.00        0.00
     1    12      839.00      363.00        0.00
     1    13      888.00      329.00        0.00
     1    13      883.00      338.00        0.00
     1    13      881.00      342.00        0.00
     1    13      881.00      347.00        0.00
     1    13      882.00      352.00        0.00
     1    13      883.00      355.00        0.00
     1    13      887.00      357.00        0.00
     1    13      891.00      357.00        0.00
     1    13      894.00      356.00        0.00
     1    13      897.00      353.00        0.00
     1    13      900.00      351.00        0.00
     1    13      902.00      347.00        0.00
     1    13      903.00      344.00        0.00
     1    13      903.00      340.00        0.00
     1    13      902.00      336.00        0.00
     1    13      901.00      333.00        0.00
     1    13      899.00      330.00        0.00
     1    13      895.00      330.00        0.00
     1    14      935.00      296.00        0.00
     1    14      931.00      306.00        0.00
     1    14      931.00      311.00        0.00
     1    14      935.00      313.00        0.00
     1    14      939.00      313.00        0.00
     1    14      944.00      313.00        0.00
     1    14      949.00      312.00        0.00
     1    14      953.00      309.00        0.00
     1    14      957.00      305.00        0.00
     1    14      959.00      302.00        0.00
     1    14      962.00      299.00        0.00
     1    14      962.00      295.00        0.00
     1    14      964.00      292.00        0.00
     1    14      964.00      288.00        0.00
     1    14      963.00      284.00        0.00
     1    14      960.00      281.00        0.00
     1    14      956.00      278.00        0.00
     1    14      952.00      277.00        0.00
     1    14      948.00      277.00        0.00
     1    14      945.00      279.00        0.00
     1    14      943.00      282.00        0.00
     1    14      939.00      285.00        0.00
     1    14      936.00      287.00        0.00
     1    14      934.00      291.00        0.00
     1    15      415.00      928.00        0.00
     1    15      418.00      931.00        0.00
     1    15      419.00      934.00        0.00
     1    15      419.00      938.00        0.00
     1    15      419.00      942.00        0.00
     1    15      417.00      945.00        0.00
     1    15      413.00      948.00        0.00
     1    15      410.00      950.00        0.00
     1    15      406.00      950.00        0.00
     1    15      402.00      950.00        0.00
     1    15      399.00      947.00        0.00
     1    15      398.00      944.00        0.00
     1    15      397.00      941.00        0.00
     1    15      396.00      938.00        0.00
     1    15      396.00      934.00        0.00
     1    15      396.00      930.00        0.00
     1    15      398.00      927.00        0.00
     1    15      401.00      925.00        0.00
     1    15      404.00      924.00        0.00
