     0     0      838.67      456.00        0.00
     0     0      826.67      458.67        0.00
     0     0      816.00      464.00        0.00
     0     0      813.33      466.67        0.00
     0     0      810.67      469.33        0.00
     0     0      808.00      472.00        0.00
     0     0      805.33      476.00        0.00
     0     0      802.67      480.00        0.00
     0     0      800.00      484.00        0.00
     0     0      794.67      486.67        0.00
     0     0      790.67      489.33        0.00
     0     0      786.67      492.00        0.00
     0     0      782.67      494.67        0.00
     0     0      778.67      496.00        0.00
     0     0      774.67      500.00        0.00
     0     0      770.67      502.67        0.00
     0     0      765.33      505.33        0.00
     0     0      761.33      509.33        0.00
     0     0      756.00      512.00        0.00
     0     0      750.67      514.67        0.00
     0     0      745.33      517.33        0.00
     0     0      738.67      518.67        0.00
     0     0      733.33      518.67        0.00
     0     0      728.00      520.00        0.00
     0     0      722.67      520.00        0.00
     0     0      717.33      521.33        0.00
     0     0      712.00      522.67        0.00
     0     0      704.00      525.33        0.00
     0     0      696.00      528.00        0.00
     0     0      689.33      529.33        0.00
     0     0      682.67      532.00        0.00
     0     0      678.67      533.33        0.00
     0     0      674.67      534.67        0.00
     0     0      670.67      536.00        0.00
     0     0      665.33      538.67        0.00
     0     0      661.33      538.67        0.00
     0     0      657.33      541.33        0.00
     0     0      653.33      542.67        0.00
     0     0      649.33      544.00        0.00
     0     0      644.00      546.67        0.00
     0     0      640.00      546.67        0.00
     0     0      636.00      548.00        0.00
     0     0      632.00      549.33        0.00
     0     0      628.00      550.67        0.00
     0     0      624.00      552.00        0.00
     0     0      620.00      553.33        0.00
     0     0      616.00      553.33        0.00
     0     0      613.33      556.00        0.00
     0     0      609.33      557.33        0.00
     0     0      605.33      558.67        0.00
     0     0      601.33      560.00        0.00
     0     0      597.33      560.00        0.00
     0     0      593.33      561.33        0.00
     0     0      589.33      561.33        0.00
     0     0      585.33      562.67        0.00
     0     0      581.33      562.67        0.00
     0     0      577.33      564.00        0.00
     0     0      573.33      565.33        0.00
     0     0      568.00      566.67        0.00
     0     0      562.67      568.00        0.00
     0     0      557.33      568.00        0.00
     0     0      552.00      569.33        0.00
     0     0      545.33      569.33        0.00
     0     0      540.00      569.33        0.00
     0     0      536.00      569.33        0.00
     0     0      532.00      569.33        0.00
     0     0      528.00      570.67        0.00
     0     0      522.67      570.67        0.00
     0     0      517.33      572.00        0.00
     0     0      510.67      572.00        0.00
     0     0      501.33      573.33        0.00
     0     0      496.00      573.33        0.00
     0     0      489.33      573.33        0.00
     0     0      485.33      573.33        0.00
     0     0      480.00      573.33        0.00
     0     0      473.33      573.33        0.00
     0     0      466.67      573.33        0.00
     0     0      461.33      572.00        0.00
     0     0      454.67      572.00        0.00
     0     0      445.33      569.33        0.00
     0     0      440.00      569.33        0.00
     0     0      433.33      568.00        0.00
     0     0      428.00      566.67        0.00
     0     0      420.00      565.33        0.00
     0     0      414.67      562.67        0.00
     0     0      408.00      561.33        0.00
     0     0      402.67      560.00        0.00
     0     0      396.00      558.67        0.00
     0     0      389.33      557.33        0.00
     0     0      385.33      556.00        0.00
     0     0      380.00      554.67        0.00
     0     0      374.67      553.33        0.00
     0     0      369.33      550.67        0.00
     0     0      362.67      549.33        0.00
     0     0      354.67      546.67        0.00
     0     0      350.67      545.33        0.00
     0     0      346.67      544.00        0.00
     0     0      341.33      541.33        0.00
     0     0      332.00      538.67        0.00
     0     0      325.33      537.33        0.00
     0     0      320.00      534.67        0.00
     0     0      313.33      532.00        0.00
     0     0      308.00      530.67        0.00
     0     0      302.67      528.00        0.00
     0     0      297.33      526.67        0.00
     0     0      292.00      525.33        0.00
     0     0      288.00      522.67        0.00
     0     0      282.67      520.00        0.00
     0     0      277.33      517.33        0.00
     0     0      273.33      516.00        0.00
     0     0      269.33      513.33        0.00
     0     0      264.00      510.67        0.00
     0     0      261.33      508.00        0.00
     0     0      257.33      505.33        0.00
     0     0      253.33      504.00        0.00
     0     0      249.33      501.33        0.00
     0     0      246.67      498.67        0.00
     0     0      242.67      496.00        0.00
     0     0      238.67      493.33        0.00
     0     0      236.00      490.67        0.00
     0     0      233.33      488.00        0.00
     0     0      230.67      484.00        0.00
     0     0      226.67      481.33        0.00
     0     0      224.00      478.67        0.00
     0     0      221.33      476.00        0.00
     0     0      218.67      473.33        0.00
     0     0      214.67      469.33        0.00
     0     0      212.00      466.67        0.00
     0     0      209.33      464.00        0.00
     0     0      206.67      460.00        0.00
     0     0      204.00      457.33        0.00
     0     0      201.33      453.33        0.00
     0     0      200.00      449.33        0.00
     0     0      198.67      445.33        0.00
     0     0      197.33      438.67        0.00
     0     0      197.33      432.00        0.00
     0     0      197.33      426.67        0.00
     0     0      197.33      422.67        0.00
     0     0      197.33      416.00        0.00
     0     0      200.00      409.33        0.00
     0     0      201.33      405.33        0.00
     0     0      202.67      401.33        0.00
     0     0      202.67      394.67        0.00
     0     0      202.67      389.33        0.00
     0     0      204.00      385.33        0.00
     0     0      204.00      380.00        0.00
     0     0      205.33      373.33        0.00
     0     0      206.67      368.00        0.00
     0     0      208.00      361.33        0.00
     0     0      208.00      353.33        0.00
     0     0      208.00      344.00        0.00
     0     0      209.33      332.00        0.00
     0     0      209.33      322.67        0.00
     0     0      210.67      312.00        0.00
     0     0      213.33      304.00        0.00
     0     0      214.67      296.00        0.00
     0     0      217.33      286.67        0.00
     0     0      221.33      277.33        0.00
     0     0      225.33      269.33        0.00
     0     0      230.67      260.00        0.00
     0     0      237.33      249.33        0.00
     0     0      244.00      241.33        0.00
     0     0      250.67      232.00        0.00
     0     0      262.67      221.33        0.00
     0     0      273.33      212.00        0.00
     0     0      281.33      204.00        0.00
     0     0      293.33      194.67        0.00
     0     0      301.33      186.67        0.00
     0     0      309.33      180.00        0.00
     0     0      320.00      172.00        0.00
     0     0      328.00      165.33        0.00
     0     0      337.33      157.33        0.00
     0     0      345.33      152.00        0.00
     0     0      353.33      146.67        0.00
     0     0      360.00      142.67        0.00
     0     0      369.33      138.67        0.00
     0     0      377.33      136.00        0.00
     0     0      385.33      133.33        0.00
     0     0      397.33      129.33        0.00
     0     0      406.67      126.67        0.00
     0     0      416.00      121.33        0.00
     0     0      425.33      118.67        0.00
     0     0      438.67      116.00        0.00
     0     0      450.67      113.33        0.00
     0     0      462.67      109.33        0.00
     0     0      470.67      105.33        0.00
     0     0      481.33      104.00        0.00
     0     0      492.00      102.67        0.00
     0     0      498.67      101.33        0.00
     0     0      509.33      100.00        0.00
     0     0      518.67      100.00        0.00
     0     0      530.67       98.67        0.00
     0     0      540.00       97.33        0.00
     0     0      549.33       96.00        0.00
     0     0      557.33       94.67        0.00
     0     0      564.00       93.33        0.00
     0     0      570.67       93.33        0.00
     0     0      574.67       93.33        0.00
     0     0      578.67       93.33        0.00
     0     0      582.67       93.33        0.00
     0     0      589.33       93.33        0.00
     0     0      596.00       93.33        0.00
     0     0      604.00       94.67        0.00
     0     0      610.67       94.67        0.00
     0     0      616.00       94.67        0.00
     0     0      624.00       94.67        0.00
     0     0      629.33       94.67        0.00
     0     0      637.33       94.67        0.00
     0     0      641.33       94.67        0.00
     0     0      646.67       94.67        0.00
     0     0      653.33       94.67        0.00
     0     0      660.00       94.67        0.00
     0     0      666.67       94.67        0.00
     0     0      674.67       94.67        0.00
     0     0      684.00       94.67        0.00
     0     0      692.00       94.67        0.00
     0     0      700.00       94.67        0.00
     0     0      705.33       96.00        0.00
     0     0      714.67       96.00        0.00
     0     0      720.00       97.33        0.00
     0     0      725.33       98.67        0.00
     0     0      733.33      100.00        0.00
     0     0      740.00      101.33        0.00
     0     0      748.00      104.00        0.00
     0     0      754.67      105.33        0.00
     0     0      762.67      108.00        0.00
     0     0      768.00      110.67        0.00
     0     0      778.67      113.33        0.00
     0     0      785.33      116.00        0.00
     0     0      793.33      118.67        0.00
     0     0      798.67      121.33        0.00
     0     0      805.33      124.00        0.00
     0     0      810.67      126.67        0.00
     0     0      814.67      128.00        0.00
     0     0      820.00      132.00        0.00
     0     0      824.00      134.67        0.00
     0     0      829.33      137.33        0.00
     0     0      832.00      140.00        0.00
     0     0      837.33      144.00        0.00
     0     0      841.33      148.00        0.00
     0     0      846.67      152.00        0.00
     0     0      852.00      154.67        0.00
     0     0      856.00      158.67        0.00
     0     0      862.67      162.67        0.00
     0     0      868.00      166.67        0.00
     0     0      873.33      169.33        0.00
     0     0      877.33      173.33        0.00
     0     0      884.00      176.00        0.00
     0     0      888.00      180.00        0.00
     0     0      893.33      182.67        0.00
     0     0      897.33      186.67        0.00
     0     0      902.67      188.00        0.00
     0     0      906.67      190.67        0.00
     0     0      912.00      193.33        0.00
     0     0      917.33      196.00        0.00
     0     0      921.33      197.33        0.00
     0     0      924.00      200.00        0.00
     0     0      929.33      201.33        0.00
     0     0      932.00      204.00        0.00
     0     0      936.00      206.67        0.00
     0     0      938.67      209.33        0.00
     0     0      942.67      213.33        0.00
     0     0      946.67      217.33        0.00
     0     0      950.67      222.67        0.00
     0     0      953.33      225.33        0.00
     0     0      954.67      230.67        0.00
     0     0      958.67      234.67        0.00
     0     0      960.00      238.67        0.00
     0     0      962.67      244.00        0.00
     0     0      964.00      248.00        0.00
     0     0      964.00      252.00        0.00
     0     0      964.00      258.67        0.00
     0     0      964.00      262.67        0.00
     0     0      964.00      266.67        0.00
     0     0      964.00      272.00        0.00
     0     0      964.00      276.00        0.00
     0     0      964.00      281.33        0.00
     0     0      962.67      286.67        0.00
     0     0      960.00      290.67        0.00
     0     0      958.67      294.67        0.00
     0     0      956.00      300.00        0.00
     0     0      953.33      306.67        0.00
     0     0      950.67      312.00        0.00
     0     0      949.33      318.67        0.00
     0     0      948.00      322.67        0.00
     0     0      946.67      326.67        0.00
     0     0      945.33      332.00        0.00
     0     0      944.00      336.00        0.00
     0     0      941.33      338.67        0.00
     0     0      937.33      345.33        0.00
     0     0      933.33      352.00        0.00
     0     0      930.67      356.00        0.00
     0     0      926.67      361.33        0.00
     0     0      924.00      365.33        0.00
     0     0      921.33      369.33        0.00
     0     0      916.00      374.67        0.00
     0     0      913.33      378.67        0.00
     0     0      909.33      382.67        0.00
     0     0      905.33      388.00        0.00
     0     0      902.67      392.00        0.00
     0     0      898.67      397.33        0.00
     0     0      896.00      401.33        0.00
     0     0      892.00      404.00        0.00
     0     0      889.33      406.67        0.00
     0     0      885.33      410.67        0.00
     0     0      882.67      414.67        0.00
     0     0      880.00      418.67        0.00
     0     0      877.33      422.67        0.00
     0     0      873.33      425.33        0.00
     0     0      869.33      428.00        0.00
     0     0      866.67      430.67        0.00
     0     0      862.67      432.00        0.00
     0     0      858.67      433.33        0.00
     0     0      854.67      436.00        0.00
     0     1      608.00      837.00        0.00
     0     1      600.00      838.33        0.00
     0     1      596.00      838.33        0.00
     0     1      592.00      839.67        0.00
     0     1      588.00      839.67        0.00
     0     1      582.67      839.67        0.00
     0     1      578.67      839.67        0.00
     0     1      574.67      839.67        0.00
     0     1      569.33      838.33        0.00
     0     1      562.67      837.00        0.00
     0     1      556.00      837.00        0.00
     0     1      550.67      835.67        0.00
     0     1      545.33      835.67        0.00
     0     1      541.33      834.33        0.00
     0     1      537.33      833.00        0.00
     0     1      533.33      833.00        0.00
     0     1      529.33      831.67        0.00
     0     1      524.00      830.33        0.00
     0     1      518.67      829.00        0.00
     0     1      514.67      829.00        0.00
     0     1      510.67      827.67        0.00
     0     1      506.67      827.67        0.00
     0     1      502.67      827.67        0.00
     0     1      497.33      827.67        0.00
     0     1      492.00      827.67        0.00
     0     1      488.00      827.67        0.00
     0     1      484.00      829.00        0.00
     0     1      478.67      830.33        0.00
     0     1      473.33      831.67        0.00
     0     1      468.00      831.67        0.00
     0     1      462.67      833.00        0.00
     0     1      458.67      833.00        0.00
     0     1      453.33      833.00        0.00
     0     1      448.00      833.00        0.00
     0     1      442.67      833.00        0.00
     0     1      437.33      833.00        0.00
     0     1      433.33      833.00        0.00
     0     1      429.33      833.00        0.00
     0     1      422.67      834.33        0.00
     0     1      418.67      835.67        0.00
     0     1      413.33      835.67        0.00
     0     1      409.33      837.00        0.00
     0     1      405.33      838.33        0.00
     0     1      401.33      838.33        0.00
     0     1      396.00      838.33        0.00
     0     1      390.67      838.33        0.00
     0     1      385.33      838.33        0.00
     0     1      381.33      838.33        0.00
     0     1      377.33      838.33        0.00
     0     1      373.33      838.33        0.00
     0     1      369.33      838.33        0.00
     0     1      365.33      838.33        0.00
     0     1      361.33      838.33        0.00
     0     1      357.33      838.33        0.00
     0     1      353.33      837.00        0.00
     0     1      349.33      835.67        0.00
     0     1      345.33      835.67        0.00
     0     1      340.00      834.33        0.00
     0     1      334.67      833.00        0.00
     0     1      330.67      831.67        0.00
     0     1      326.67      830.33        0.00
     0     1      321.33      830.33        0.00
     0     1      317.33      829.00        0.00
     0     1      312.00      826.33        0.00
     0     1      306.67      825.00        0.00
     0     1      304.00      822.33        0.00
     0     1      300.00      821.00        0.00
     0     1      292.00      817.00        0.00
     0     1      286.67      815.67        0.00
     0     1      282.67      813.00        0.00
     0     1      278.67      811.67        0.00
     0     1      273.33      809.00        0.00
     0     1      268.00      806.33        0.00
     0     1      264.00      802.33        0.00
     0     1      260.00      799.67        0.00
     0     1      256.00      797.00        0.00
     0     1      252.00      794.33        0.00
     0     1      248.00      790.33        0.00
     0     1      244.00      789.00        0.00
     0     1      240.00      786.33        0.00
     0     1      237.33      783.67        0.00
     0     1      234.67      781.00        0.00
     0     1      228.00      775.67        0.00
     0     1      222.67      771.67        0.00
     0     1      220.00      767.67        0.00
     0     1      216.00      763.67        0.00
     0     1      212.00      761.00        0.00
     0     1      208.00      757.00        0.00
     0     1      205.33      753.00        0.00
     0     1      202.67      749.00        0.00
     0     1      200.00      743.67        0.00
     0     1      197.33      739.67        0.00
     0     1      194.67      733.00        0.00
     0     1      193.33      729.00        0.00
     0     1      192.00      725.00        0.00
     0     1      190.67      721.00        0.00
     0     1      189.33      717.00        0.00
     0     1      189.33      713.00        0.00
     0     1      188.00      709.00        0.00
     0     1      186.67      705.00        0.00
     0     1      186.67      701.00        0.00
     0     1      186.67      697.00        0.00
     0     1      185.33      691.67        0.00
     0     1      185.33      687.67        0.00
     0     1      185.33      683.67        0.00
     0     1      185.33      679.67        0.00
     0     1      185.33      675.67        0.00
     0     1      185.33      670.33        0.00
     0     1      185.33      666.33        0.00
     0     1      186.67      662.33        0.00
     0     1      186.67      658.33        0.00
     0     1      186.67      654.33        0.00
     0     1      186.67      650.33        0.00
     0     1      188.00      645.00        0.00
     0     1      188.00      639.67        0.00
     0     1      188.00      635.67        0.00
     0     1      188.00      630.33        0.00
     0     1      188.00      626.33        0.00
     0     1      188.00      621.00        0.00
     0     1      189.33      617.00        0.00
     0     1      189.33      613.00        0.00
     0     1      189.33      607.67        0.00
     0     1      190.67      603.67        0.00
     0     1      190.67      599.67        0.00
     0     1      192.00      594.33        0.00
     0     1      192.00      589.00        0.00
     0     1      193.33      585.00        0.00
     0     1      196.00      581.00        0.00
     0     1      198.67      577.00        0.00
     0     1      201.33      573.00        0.00
     0     1      204.00      570.33        0.00
     0     1      208.00      566.33        0.00
     0     1      210.67      563.67        0.00
     0     1      213.33      561.00        0.00
     0     1      216.00      558.33        0.00
     0     1      218.67      555.67        0.00
     0     1      224.00      554.33        0.00
     0     1      228.00      553.00        0.00
     0     1      232.00      551.67        0.00
     0     1      237.33      550.33        0.00
     0     1      241.33      550.33        0.00
     0     1      248.00      549.00        0.00
     0     1      252.00      547.67        0.00
     0     1      256.00      546.33        0.00
     0     1      260.00      546.33        0.00
     0     1      265.33      545.00        0.00
     0     1      269.33      545.00        0.00
     0     1      276.00      546.33        0.00
     0     1      281.33      546.33        0.00
     0     1      288.00      547.67        0.00
     0     1      294.67      550.33        0.00
     0     1      300.00      550.33        0.00
     0     1      305.33      553.00        0.00
     0     1      313.33      555.67        0.00
     0     1      318.67      557.00        0.00
     0     1      325.33      558.33        0.00
     0     1      334.67      559.67        0.00
     0     1      342.67      561.00        0.00
     0     1      349.33      562.33        0.00
     0     1      356.00      563.67        0.00
     0     1      362.67      563.67        0.00
     0     1      368.00      565.00        0.00
     0     1      376.00      567.67        0.00
     0     1      382.67      570.33        0.00
     0     1      388.00      573.00        0.00
     0     1      393.33      574.33        0.00
     0     1      398.67      577.00        0.00
     0     1      405.33      579.67        0.00
     0     1      410.67      581.00        0.00
     0     1      416.00      582.33        0.00
     0     1      420.00      583.67        0.00
     0     1      426.67      585.00        0.00
     0     1      432.00      586.33        0.00
     0     1      438.67      587.67        0.00
     0     1      444.00      587.67        0.00
     0     1      450.67      589.00        0.00
     0     1      457.33      589.00        0.00
     0     1      462.67      590.33        0.00
     0     1      469.33      590.33        0.00
     0     1      476.00      590.33        0.00
     0     1      484.00      590.33        0.00
     0     1      492.00      589.00        0.00
     0     1      498.67      586.33        0.00
     0     1      506.67      585.00        0.00
     0     1      510.67      583.67        0.00
     0     1      514.67      583.67        0.00
     0     1      518.67      583.67        0.00
     0     1      526.67      583.67        0.00
     0     1      534.67      582.33        0.00
     0     1      546.67      579.67        0.00
     0     1      557.33      577.00        0.00
     0     1      568.00      574.33        0.00
     0     1      576.00      573.00        0.00
     0     1      581.33      571.67        0.00
     0     1      585.33      571.67        0.00
     0     1      590.67      570.33        0.00
     0     1      596.00      570.33        0.00
     0     1      602.67      570.33        0.00
     0     1      606.67      570.33        0.00
     0     1      612.00      569.00        0.00
     0     1      617.33      569.00        0.00
     0     1      624.00      567.67        0.00
     0     1      629.33      566.33        0.00
     0     1      636.00      565.00        0.00
     0     1      642.67      563.67        0.00
     0     1      646.67      563.67        0.00
     0     1      653.33      562.33        0.00
     0     1      658.67      562.33        0.00
     0     1      666.67      561.00        0.00
     0     1      678.67      558.33        0.00
     0     1      689.33      557.00        0.00
     0     1      697.33      554.33        0.00
     0     1      704.00      553.00        0.00
     0     1      709.33      550.33        0.00
     0     1      713.33      549.00        0.00
     0     1      718.67      546.33        0.00
     0     1      722.67      545.00        0.00
     0     1      728.00      542.33        0.00
     0     1      733.33      541.00        0.00
     0     1      738.67      538.33        0.00
     0     1      746.67      537.00        0.00
     0     1      753.33      534.33        0.00
     0     1      760.00      531.67        0.00
     0     1      765.33      529.00        0.00
     0     1      770.67      526.33        0.00
     0     1      777.33      523.67        0.00
     0     1      782.67      522.33        0.00
     0     1      788.00      521.00        0.00
     0     1      792.00      518.33        0.00
     0     1      797.33      517.00        0.00
     0     1      801.33      515.67        0.00
     0     1      806.67      514.33        0.00
     0     1      810.67      513.00        0.00
     0     1      816.00      510.33        0.00
     0     1      820.00      509.00        0.00
     0     1      824.00      506.33        0.00
     0     1      828.00      503.67        0.00
     0     1      832.00      501.00        0.00
     0     1      836.00      498.33        0.00
     0     1      841.33      495.67        0.00
     0     1      845.33      493.00        0.00
     0     1      848.00      490.33        0.00
     0     1      850.67      487.67        0.00
     0     1      853.33      485.00        0.00
     0     1      856.00      481.00        0.00
     0     1      861.33      477.00        0.00
     0     1      865.33      474.33        0.00
     0     1      869.33      470.33        0.00
     0     1      873.33      467.67        0.00
     0     1      877.33      465.00        0.00
     0     1      881.33      462.33        0.00
     0     1      885.33      459.67        0.00
     0     1      890.67      457.00        0.00
     0     1      893.33      454.33        0.00
     0     1      896.00      451.67        0.00
     0     1      900.00      449.00        0.00
     0     1      902.67      446.33        0.00
     0     1      906.67      445.00        0.00
     0     1      909.33      441.00        0.00
     0     1      912.00      438.33        0.00
     0     1      914.67      435.67        0.00
     0     1      917.33      431.67        0.00
     0     1      921.33      429.00        0.00
     0     1      924.00      426.33        0.00
     0     1      926.67      423.67        0.00
     0     1      930.67      421.00        0.00
     0     1      933.33      418.33        0.00
     0     1      937.33      413.00        0.00
     0     1      940.00      410.33        0.00
     0     1      942.67      406.33        0.00
     0     1      945.33      402.33        0.00
     0     1      946.67      398.33        0.00
     0     1      949.33      395.67        0.00
     0     1      952.00      391.67        0.00
     0     1      956.00      387.67        0.00
     0     1      958.67      383.67        0.00
     0     1      961.33      381.00        0.00
     0     1      965.33      377.00        0.00
     0     1      968.00      371.67        0.00
     0     1      970.67      367.67        0.00
     0     1      972.00      363.67        0.00
     0     1      974.67      358.33        0.00
     0     1      977.33      354.33        0.00
     0     1      980.00      349.00        0.00
     0     1      982.67      346.33        0.00
     0     1      986.67      342.33        0.00
     0     1      989.33      339.67        0.00
     0     1      992.00      335.67        0.00
     0     1      996.00      331.67        0.00
     0     1      998.67      329.00        0.00
     0     1     1001.33      326.33        0.00
     0     1     1004.00      323.67        0.00
     0     1     1006.67      321.00        0.00
     0     1     1009.33      318.33        0.00
     0     1     1012.00      315.67        0.00
     0     1     1052.00      276.00        0.00
     0     1     1061.33      264.00        0.00
     0     1     1065.33      261.33        0.00
     0     1     1070.67      258.67        0.00
     0     1     1076.00      253.33        0.00
     0     1     1082.67      249.33        0.00
     0     1     1090.67      246.67        0.00
     0     1     1097.33      244.00        0.00
     0     1     1104.00      240.00        0.00
     0     1     1112.00      237.33        0.00
     0     1     1121.33      236.00        0.00
     0     1     1129.33      234.67        0.00
     0     1     1136.00      234.67        0.00
     0     1     1144.00      233.33        0.00
     0     1     1150.67      233.33        0.00
     0     1     1156.00      233.33        0.00
     0     1     1162.67      233.33        0.00
     0     1     1169.33      233.33        0.00
     0     1     1173.33      233.33        0.00
     0     1     1180.00      233.33        0.00
     0     1     1184.00      233.33        0.00
     0     1     1189.33      233.33        0.00
     0     1     1193.33      233.33        0.00
     0     1     1198.67      233.33        0.00
     0     1     1204.00      233.33        0.00
     0     1     1208.00      233.33        0.00
     0     1     1212.00      233.33        0.00
     0     1     1216.00      233.33        0.00
     0     1     1220.00      233.33        0.00
     0     1     1225.33      233.33        0.00
     0     1     1229.33      234.67        0.00
     0     1     1233.33      236.00        0.00
     0     1     1238.67      237.33        0.00
     0     1     1244.00      237.33        0.00
     0     1     1249.33      240.00        0.00
     0     1     1253.33      241.33        0.00
     0     1     1257.33      244.00        0.00
     0     1     1262.67      245.33        0.00
     0     1     1266.67      248.00        0.00
     0     1     1273.33      252.00        0.00
     0     1     1276.00      254.67        0.00
     0     1     1281.33      257.33        0.00
     0     1     1285.33      260.00        0.00
     0     1     1290.67      262.67        0.00
     0     1     1293.33      265.33        0.00
     0     1     1297.33      268.00        0.00
     0     1     1302.67      270.67        0.00
     0     1     1308.00      273.33        0.00
     0     1     1313.33      276.00        0.00
     0     1     1317.33      278.67        0.00
     0     1     1321.33      281.33        0.00
     0     1     1325.33      284.00        0.00
     0     1     1329.33      288.00        0.00
     0     1     1333.33      290.67        0.00
     0     1     1336.00      293.33        0.00
     0     1     1340.00      296.00        0.00
     0     1     1342.67      298.67        0.00
     0     1     1346.67      301.33        0.00
     0     1     1352.00      304.00        0.00
     0     1     1354.67      306.67        0.00
     0     1     1358.67      308.00        0.00
     0     1     1361.33      310.67        0.00
     0     1     1365.33      314.67        0.00
     0     1     1368.00      317.33        0.00
     0     1     1370.67      320.00        0.00
     0     1     1372.00      324.00        0.00
     0     1     1374.67      326.67        0.00
     0     1     1366.67      441.33        0.00
     0     1     1370.67      444.00        0.00
     0     1     1370.67      448.00        0.00
     0     1     1369.33      452.00        0.00
     0     1     1366.67      454.67        0.00
     0     1     1364.00      458.67        0.00
     0     1     1361.33      462.67        0.00
     0     1     1357.33      468.00        0.00
     0     1     1354.67      470.67        0.00
     0     1     1352.00      474.67        0.00
     0     1     1349.33      477.33        0.00
     0     1     1346.67      481.33        0.00
     0     1     1342.67      485.33        0.00
     0     1     1340.00      488.00        0.00
     0     1     1337.33      492.00        0.00
     0     1     1334.67      494.67        0.00
     0     1     1330.67      497.33        0.00
     0     1     1328.00      501.33        0.00
     0     1     1324.00      504.00        0.00
     0     1     1320.00      506.67        0.00
     0     1     1314.67      509.33        0.00
     0     1     1309.33      510.67        0.00
     0     1     1302.67      513.33        0.00
     0     1     1297.33      516.00        0.00
     0     1     1293.33      517.33        0.00
     0     1     1286.67      520.00        0.00
     0     1     1281.33      522.67        0.00
     0     1     1277.33      524.00        0.00
     0     1     1270.67      526.67        0.00
     0     1     1265.33      529.33        0.00
     0     1     1260.00      530.67        0.00
     0     1     1252.00      533.33        0.00
     0     1     1242.67      537.33        0.00
     0     1     1236.00      538.67        0.00
     0     1     1226.67      542.67        0.00
     0     1     1221.33      545.33        0.00
     0     1     1217.33      545.33        0.00
     0     1     1210.67      548.00        0.00
     0     1     1205.33      549.33        0.00
     0     1     1198.67      550.67        0.00
     0     1     1193.33      550.67        0.00
     0     1     1188.00      552.00        0.00
     0     1     1182.67      552.00        0.00
     0     1     1177.33      553.33        0.00
     0     1     1172.00      554.67        0.00
     0     1     1166.67      556.00        0.00
     0     1     1161.33      557.33        0.00
     0     1     1156.00      558.67        0.00
     0     1     1150.67      561.33        0.00
     0     1     1145.33      564.00        0.00
     0     1     1140.00      565.33        0.00
     0     1     1134.67      568.00        0.00
     0     1     1129.33      569.33        0.00
     0     1     1124.00      572.00        0.00
     0     1     1120.00      574.67        0.00
     0     1     1113.33      578.67        0.00
     0     1     1108.00      582.67        0.00
     0     1     1104.00      585.33        0.00
     0     1     1100.00      588.00        0.00
     0     1     1094.67      592.00        0.00
     0     1     1089.33      594.67        0.00
     0     1     1082.67      598.67        0.00
     0     1     1077.33      601.33        0.00
     0     1     1070.67      605.33        0.00
     0     1     1064.00      608.00        0.00
     0     1     1060.00      609.33        0.00
     0     1     1053.33      612.00        0.00
     0     1     1049.33      613.33        0.00
     0     1     1042.67      617.33        0.00
     0     1     1037.33      620.00        0.00
     0     1     1032.00      622.67        0.00
     0     1     1024.00      625.33        0.00
     0     1     1017.33      628.00        0.00
     0     1     1010.67      632.00        0.00
     0     1     1005.33      634.67        0.00
     0     1     1000.00      638.67        0.00
     0     1      994.67      641.33        0.00
     0     1      986.67      645.33        0.00
     0     1      980.00      648.00        0.00
     0     1      974.67      650.67        0.00
     0     1      969.33      653.33        0.00
     0     1      964.00      656.00        0.00
     0     1      960.00      658.67        0.00
     0     1      956.00      661.33        0.00
     0     1      952.00      665.33        0.00
     0     1      946.67      668.00        0.00
     0     1      942.67      672.00        0.00
     0     1      937.33      674.67        0.00
     0     1      933.33      676.00        0.00
     0     1      928.00      680.00        0.00
     0     1      921.33      682.67        0.00
     0     1      916.00      684.00        0.00
     0     1      909.33      686.67        0.00
     0     1      904.00      689.33        0.00
     0     1      898.67      690.67        0.00
     0     1      890.67      693.33        0.00
     0     1      884.00      696.00        0.00
     0     1      878.67      698.67        0.00
     0     1      874.67      701.33        0.00
     0     1      869.33      704.00        0.00
     0     1      865.33      708.00        0.00
     0     1      858.67      712.00        0.00
     0     1      853.33      714.67        0.00
     0     1      849.33      718.67        0.00
     0     1      845.33      721.33        0.00
     0     1      841.33      725.33        0.00
     0     1      836.00      728.00        0.00
     0     1      829.33      732.00        0.00
     0     1      825.33      734.67        0.00
     0     1      820.00      737.33        0.00
     0     1      814.67      740.00        0.00
     0     1      809.33      741.33        0.00
     0     1      804.00      744.00        0.00
     0     1      801.33      746.67        0.00
     0     1      797.33      749.33        0.00
     0     1      790.67      753.33        0.00
     0     1      785.33      756.00        0.00
     0     1      780.00      760.00        0.00
     0     1      773.33      764.00        0.00
     0     1      768.00      766.67        0.00
     0     1      762.67      769.33        0.00
     0     1      757.33      772.00        0.00
     0     1      752.00      773.33        0.00
     0     1      748.00      776.00        0.00
     0     1      744.00      777.33        0.00
     0     1      738.67      778.67        0.00
     0     1      730.67      781.33        0.00
     0     1      726.67      782.67        0.00
     0     1      721.33      784.00        0.00
     0     1      717.33      786.67        0.00
     0     1      713.33      789.33        0.00
     0     1      708.00      792.00        0.00
     0     1      702.67      794.67        0.00
     0     1      697.33      797.33        0.00
     0     1      694.67      800.00        0.00
     0     1      689.33      802.67        0.00
     0     1      685.33      805.33        0.00
     0     1      680.00      808.00        0.00
     0     1      676.00      809.33        0.00
     0     1      669.33      812.00        0.00
     0     1      664.00      813.33        0.00
     0     1      660.00      814.67        0.00
     0     1      656.00      817.33        0.00
     0     1      650.67      820.00        0.00
     0     1      648.00      822.67        0.00
     0     1      644.00      824.00        0.00
     0     1      640.00      825.33        0.00
     0     1      636.00      825.33        0.00
     0     1      632.00      826.67        0.00
     1     0      134.67      562.67        0.00
     1     0      132.00      565.33        0.00
     1     0      128.00      566.67        0.00
     1     0      125.33      569.33        0.00
     1     0      121.33      570.67        0.00
     1     0      117.33      570.67        0.00
     1     0      113.33      569.33        0.00
     1     0      109.33      568.00        0.00
     1     0      106.67      565.33        0.00
     1     0      102.67      562.67        0.00
     1     0      100.00      558.67        0.00
     1     0      100.00      554.67        0.00
     1     0      101.33      550.67        0.00
     1     0      104.00      546.67        0.00
     1     0      106.67      542.67        0.00
     1     0      112.00      540.00        0.00
     1     0      116.00      540.00        0.00
     1     0      120.00      538.67        0.00
     1     0      124.00      538.67        0.00
     1     0      128.00      540.00        0.00
     1     0      130.67      542.67        0.00
     1     0      133.33      545.33        0.00
     1     0      136.00      548.00        0.00
     1     0      136.00      552.00        0.00
     1     1      194.67      548.00        0.00
     1     1      194.67      554.67        0.00
     1     1      193.33      558.67        0.00
     1     1      189.33      560.00        0.00
     1     1      184.00      561.33        0.00
     1     1      178.67      561.33        0.00
     1     1      174.67      560.00        0.00
     1     1      169.33      557.33        0.00
     1     1      166.67      553.33        0.00
     1     1      164.00      548.00        0.00
     1     1      164.00      542.67        0.00
     1     1      164.00      538.67        0.00
     1     1      164.00      534.67        0.00
     1     1      166.67      530.67        0.00
     1     1      169.33      528.00        0.00
     1     1      173.33      526.67        0.00
     1     1      177.33      526.67        0.00
     1     1      181.33      526.67        0.00
     1     1      185.33      529.33        0.00
     1     1      197.33      536.00        0.00
     1     2      240.00      530.67        0.00
     1     2      237.33      536.00        0.00
     1     2      233.33      537.33        0.00
     1     2      229.33      538.67        0.00
     1     2      222.67      537.33        0.00
     1     2      220.00      534.67        0.00
     1     2      216.00      532.00        0.00
     1     2      213.33      529.33        0.00
     1     2      210.67      526.67        0.00
     1     2      209.33      521.33        0.00
     1     2      209.33      517.33        0.00
     1     2      209.33      513.33        0.00
     1     2      213.33      508.00        0.00
     1     2      216.00      504.00        0.00
     1     2      221.33      502.67        0.00
     1     2      226.67      501.33        0.00
     1     2      230.67      502.67        0.00
     1     2      233.33      505.33        0.00
     1     2      236.00      508.00        0.00
     1     2      238.67      512.00        0.00
     1     2      241.33      516.00        0.00
     1     2      242.67      520.00        0.00
     1     2      242.67      524.00        0.00
     1     3      278.67      518.67        0.00
     1     3      269.33      524.00        0.00
     1     3      264.00      522.67        0.00
     1     3      260.00      520.00        0.00
     1     3      258.67      514.67        0.00
     1     3      258.67      509.33        0.00
     1     3      258.67      504.00        0.00
     1     3      258.67      498.67        0.00
     1     3      261.33      496.00        0.00
     1     3      265.33      494.67        0.00
     1     3      269.33      494.67        0.00
     1     3      273.33      494.67        0.00
     1     3      276.00      497.33        0.00
     1     3      278.67      501.33        0.00
     1     3      280.00      505.33        0.00
     1     3      280.00      509.33        0.00
     1     4      260.00      472.00        0.00
     1     4      260.00      480.00        0.00
     1     4      257.33      484.00        0.00
     1     4      254.67      486.67        0.00
     1     4      250.67      489.33        0.00
     1     4      246.67      489.33        0.00
     1     4      242.67      489.33        0.00
     1     4      238.67      488.00        0.00
     1     4      234.67      485.33        0.00
     1     4      232.00      482.67        0.00
     1     4      229.33      480.00        0.00
     1     4      226.67      477.33        0.00
     1     4      226.67      473.33        0.00
     1     4      226.67      469.33        0.00
     1     4      229.33      465.33        0.00
     1     4      232.00      462.67        0.00
     1     4      236.00      461.33        0.00
     1     4      240.00      460.00        0.00
     1     4      244.00      460.00        0.00
     1     4      248.00      461.33        0.00
     1     4      252.00      464.00        0.00
     1     5      252.00      444.00        0.00
     1     5      242.67      444.00        0.00
     1     5      238.67      445.33        0.00
     1     5      233.33      446.67        0.00
     1     5      229.33      446.67        0.00
     1     5      225.33      446.67        0.00
     1     5      221.33      446.67        0.00
     1     5      218.67      444.00        0.00
     1     5      214.67      441.33        0.00
     1     5      213.33      437.33        0.00
     1     5      213.33      433.33        0.00
     1     5      216.00      430.67        0.00
     1     5      220.00      428.00        0.00
     1     5      225.33      425.33        0.00
     1     5      229.33      422.67        0.00
     1     5      233.33      421.33        0.00
     1     5      237.33      420.00        0.00
     1     5      241.33      420.00        0.00
     1     5      245.33      418.67        0.00
     1     5      249.33      418.67        0.00
     1     5      253.33      420.00        0.00
     1     5      257.33      421.33        0.00
     1     5      260.00      424.00        0.00
     1     5      262.67      426.67        0.00
     1     5      264.00      430.67        0.00
     1     5      264.00      434.67        0.00
     1     5      262.67      438.67        0.00
     1     6      204.00      454.67        0.00
     1     6      206.67      462.67        0.00
     1     6      205.33      466.67        0.00
     1     6      202.67      469.33        0.00
     1     6      198.67      472.00        0.00
     1     6      194.67      472.00        0.00
     1     6      190.67      472.00        0.00
     1     6      186.67      469.33        0.00
     1     6      184.00      466.67        0.00
     1     6      182.67      462.67        0.00
     1     6      181.33      458.67        0.00
     1     6      181.33      454.67        0.00
     1     6      181.33      450.67        0.00
     1     6      184.00      448.00        0.00
     1     6      188.00      446.67        0.00
     1     6      192.00      446.67        0.00
     1     6      196.00      446.67        0.00
     1     6      200.00      448.00        0.00
     1     7      162.67      437.33        0.00
     1     7      164.00      448.00        0.00
     1     7      161.33      450.67        0.00
     1     7      156.00      453.33        0.00
     1     7      152.00      454.67        0.00
     1     7      148.00      454.67        0.00
     1     7      144.00      452.00        0.00
     1     7      142.67      448.00        0.00
     1     7      140.00      445.33        0.00
     1     7      137.33      438.67        0.00
     1     7      137.33      434.67        0.00
     1     7      137.33      430.67        0.00
     1     7      140.00      426.67        0.00
     1     7      142.67      424.00        0.00
     1     7      146.67      422.67        0.00
     1     7      150.67      422.67        0.00
     1     7      154.67      425.33        0.00
     1     7      157.33      428.00        0.00
     1     8      160.00      486.67        0.00
     1     8      161.33      493.33        0.00
     1     8      161.33      497.33        0.00
     1     8      158.67      500.00        0.00
     1     8      154.67      501.33        0.00
     1     8      150.67      502.67        0.00
     1     8      146.67      505.33        0.00
     1     8      144.00      508.00        0.00
     1     8      141.33      510.67        0.00
     1     8      138.67      513.33        0.00
     1     8      134.67      514.67        0.00
     1     8      129.33      514.67        0.00
     1     8      125.33      512.00        0.00
     1     8      122.67      509.33        0.00
     1     8      122.67      505.33        0.00
     1     8      122.67      501.33        0.00
     1     8      124.00      497.33        0.00
     1     8      126.67      492.00        0.00
     1     8      128.00      488.00        0.00
     1     8      132.00      485.33        0.00
     1     8      136.00      482.67        0.00
     1     8      140.00      481.33        0.00
     1     8      144.00      481.33        0.00
     1     8      149.33      481.33        0.00
     1     9      174.67      388.00        0.00
     1     9      165.33      389.33        0.00
     1     9      160.00      388.00        0.00
     1     9      156.00      385.33        0.00
     1     9      152.00      381.33        0.00
     1     9      149.33      378.67        0.00
     1     9      148.00      374.67        0.00
     1     9      146.67      369.33        0.00
     1     9      146.67      365.33        0.00
     1     9      146.67      361.33        0.00
     1     9      148.00      357.33        0.00
     1     9      152.00      354.67        0.00
     1     9      154.67      352.00        0.00
     1     9      160.00      350.67        0.00
     1     9      164.00      349.33        0.00
     1     9      168.00      349.33        0.00
     1     9      173.33      350.67        0.00
     1     9      177.33      352.00        0.00
     1     9      180.00      354.67        0.00
     1     9      182.67      357.33        0.00
     1     9      182.67      361.33        0.00
     1     9      184.00      365.33        0.00
     1     9      184.00      369.33        0.00
     1     9      182.67      373.33        0.00
     1     9      181.33      377.33        0.00
     1    10      221.33      401.33        0.00
     1    10      206.67      408.00        0.00
     1    10      202.67      409.33        0.00
     1    10      198.67      410.67        0.00
     1    10      194.67      410.67        0.00
     1    10      190.67      409.33        0.00
     1    10      188.00      405.33        0.00
     1    10      188.00      400.00        0.00
     1    10      188.00      394.67        0.00
     1    10      188.00      386.67        0.00
     1    10      189.33      382.67        0.00
     1    10      193.33      377.33        0.00
     1    10      196.00      374.67        0.00
     1    10      200.00      372.00        0.00
     1    10      204.00      370.67        0.00
     1    10      209.33      369.33        0.00
     1    10      213.33      369.33        0.00
     1    10      217.33      372.00        0.00
     1    10      221.33      374.67        0.00
     1    10      224.00      377.33        0.00
     1    10      225.33      382.67        0.00
     1    10      225.33      388.00        0.00
     1    11      266.67      345.33        0.00
     1    11      256.00      352.00        0.00
     1    11      252.00      354.67        0.00
     1    11      248.00      354.67        0.00
     1    11      244.00      354.67        0.00
     1    11      240.00      354.67        0.00
     1    11      236.00      352.00        0.00
     1    11      233.33      349.33        0.00
     1    11      232.00      345.33        0.00
     1    11      230.67      341.33        0.00
     1    11      230.67      337.33        0.00
     1    11      230.67      333.33        0.00
     1    11      232.00      329.33        0.00
     1    11      233.33      325.33        0.00
     1    11      236.00      321.33        0.00
     1    11      238.67      317.33        0.00
     1    11      242.67      316.00        0.00
     1    11      246.67      316.00        0.00
     1    11      250.67      316.00        0.00
     1    11      254.67      317.33        0.00
     1    11      258.67      318.67        0.00
     1    11      261.33      321.33        0.00
     1    11      265.33      324.00        0.00
     1    11      268.00      326.67        0.00
     1    11      268.00      330.67        0.00
     1    11      268.00      334.67        0.00
     1    12      216.00      300.00        0.00
     1    12      216.00      309.33        0.00
     1    12      213.33      314.67        0.00
     1    12      209.33      318.67        0.00
     1    12      205.33      320.00        0.00
     1    12      202.67      322.67        0.00
     1    12      198.67      322.67        0.00
     1    12      194.67      322.67        0.00
     1    12      190.67      320.00        0.00
     1    12      188.00      317.33        0.00
     1    12      186.67      313.33        0.00
     1    12      186.67      309.33        0.00
     1    12      186.67      304.00        0.00
     1    12      186.67      298.67        0.00
     1    12      188.00      294.67        0.00
     1    12      192.00      293.33        0.00
     1    12      196.00      290.67        0.00
     1    12      200.00      290.67        0.00
     1    12      204.00      292.00        0.00
     1    13      257.33      256.00        0.00
     1    13      250.67      261.33        0.00
     1    13      246.67      262.67        0.00
     1    13      241.33      265.33        0.00
     1    13      237.33      265.33        0.00
     1    13      232.00      265.33        0.00
     1    13      226.67      264.00        0.00
     1    13      222.67      261.33        0.00
     1    13      218.67      258.67        0.00
     1    13      218.67      254.67        0.00
     1    13      218.67      250.67        0.00
     1    13      218.67      246.67        0.00
     1    13      220.00      241.33        0.00
     1    13      222.67      237.33        0.00
     1    13      225.33      234.67        0.00
     1    13      228.00      232.00        0.00
     1    13      232.00      229.33        0.00
     1    13      234.67      226.67        0.00
     1    13      237.33      224.00        0.00
     1    13      241.33      222.67        0.00
     1    13      244.00      220.00        0.00
     1    13      246.67      217.33        0.00
     1    13      250.67      214.67        0.00
     1    13      254.67      213.33        0.00
     1    13      260.00      213.33        0.00
     1    13      264.00      213.33        0.00
     1    13      268.00      213.33        0.00
     1    13      270.67      217.33        0.00
     1    13      273.33      220.00        0.00
     1    13      274.67      224.00        0.00
     1    13      274.67      228.00        0.00
     1    13      274.67      232.00        0.00
     1    13      274.67      237.33        0.00
     1    13      274.67      241.33        0.00
     1    13      272.00      244.00        0.00
     1    13      268.00      245.33        0.00
     1    14      310.67      296.00        0.00
     1    14      321.33      296.00        0.00
     1    14      325.33      297.33        0.00
     1    14      329.33      300.00        0.00
     1    14      332.00      302.67        0.00
     1    14      333.33      306.67        0.00
     1    14      333.33      310.67        0.00
     1    14      332.00      316.00        0.00
     1    14      328.00      318.67        0.00
     1    14      325.33      321.33        0.00
     1    14      321.33      322.67        0.00
     1    14      317.33      324.00        0.00
     1    14      313.33      324.00        0.00
     1    14      309.33      324.00        0.00
     1    14      305.33      324.00        0.00
     1    14      301.33      321.33        0.00
     1    14      297.33      318.67        0.00
     1    14      296.00      314.67        0.00
     1    14      294.67      310.67        0.00
     1    14      293.33      306.67        0.00
     1    14      294.67      302.67        0.00
     1    14      298.67      301.33        0.00
     1    15      304.00      350.67        0.00
     1    15      306.67      356.00        0.00
     1    15      306.67      361.33        0.00
     1    15      306.67      366.67        0.00
     1    15      306.67      370.67        0.00
     1    15      306.67      374.67        0.00
     1    15      305.33      378.67        0.00
     1    15      304.00      382.67        0.00
     1    15      298.67      384.00        0.00
     1    15      294.67      384.00        0.00
     1    15      292.00      381.33        0.00
     1    15      288.00      380.00        0.00
     1    15      285.33      377.33        0.00
     1    15      282.67      372.00        0.00
     1    15      281.33      368.00        0.00
     1    15      281.33      364.00        0.00
     1    15      281.33      358.67        0.00
     1    15      281.33      354.67        0.00
     1    15      281.33      349.33        0.00
     1    15      281.33      345.33        0.00
     1    15      284.00      342.67        0.00
     1    15      285.33      338.67        0.00
     1    15      289.33      336.00        0.00
     1    15      294.67      336.00        0.00
     1    15      298.67      337.33        0.00
     1    15      300.00      341.33        0.00
     1    16      354.67      368.00        0.00
     1    16      349.33      374.67        0.00
     1    16      346.67      377.33        0.00
     1    16      342.67      378.67        0.00
     1    16      338.67      378.67        0.00
     1    16      334.67      378.67        0.00
     1    16      330.67      376.00        0.00
     1    16      326.67      374.67        0.00
     1    16      324.00      370.67        0.00
     1    16      322.67      366.67        0.00
     1    16      322.67      362.67        0.00
     1    16      322.67      358.67        0.00
     1    16      324.00      354.67        0.00
     1    16      325.33      350.67        0.00
     1    16      329.33      349.33        0.00
     1    16      333.33      346.67        0.00
     1    16      337.33      346.67        0.00
     1    16      341.33      346.67        0.00
     1    16      345.33      346.67        0.00
     1    16      348.00      349.33        0.00
     1    16      350.67      354.67        0.00
     1    17      306.67      404.00        0.00
     1    17      313.33      408.00        0.00
     1    17      316.00      410.67        0.00
     1    17      317.33      414.67        0.00
     1    17      317.33      418.67        0.00
     1    17      317.33      422.67        0.00
     1    17      316.00      428.00        0.00
     1    17      313.33      430.67        0.00
     1    17      309.33      432.00        0.00
     1    17      305.33      432.00        0.00
     1    17      301.33      432.00        0.00
     1    17      297.33      432.00        0.00
     1    17      293.33      430.67        0.00
     1    17      290.67      428.00        0.00
     1    17      286.67      426.67        0.00
     1    17      284.00      424.00        0.00
     1    17      282.67      420.00        0.00
     1    17      280.00      416.00        0.00
     1    17      278.67      412.00        0.00
     1    17      278.67      408.00        0.00
     1    17      278.67      404.00        0.00
     1    17      281.33      401.33        0.00
     1    17      284.00      398.67        0.00
     1    17      288.00      398.67        0.00
     1    17      292.00      398.67        0.00
     1    17      296.00      400.00        0.00
     1    18      304.00      448.00        0.00
     1    18      308.00      453.33        0.00
     1    18      309.33      457.33        0.00
     1    18      310.67      461.33        0.00
     1    18      310.67      465.33        0.00
     1    18      310.67      469.33        0.00
     1    18      308.00      472.00        0.00
     1    18      306.67      476.00        0.00
     1    18      304.00      478.67        0.00
     1    18      300.00      478.67        0.00
     1    18      296.00      478.67        0.00
     1    18      293.33      476.00        0.00
     1    18      289.33      474.67        0.00
     1    18      288.00      470.67        0.00
     1    18      286.67      466.67        0.00
     1    18      286.67      462.67        0.00
     1    18      285.33      458.67        0.00
     1    18      285.33      454.67        0.00
     1    18      285.33      450.67        0.00
     1    18      288.00      448.00        0.00
     1    18      292.00      446.67        0.00
     1    18      296.00      446.67        0.00
     1    19      353.33      512.00        0.00
     1    19      357.33      514.67        0.00
     1    19      361.33      517.33        0.00
     1    19      362.67      521.33        0.00
     1    19      362.67      525.33        0.00
     1    19      362.67      529.33        0.00
     1    19      361.33      533.33        0.00
     1    19      357.33      534.67        0.00
     1    19      354.67      537.33        0.00
     1    19      350.67      538.67        0.00
     1    19      345.33      538.67        0.00
     1    19      341.33      536.00        0.00
     1    19      338.67      533.33        0.00
     1    19      336.00      530.67        0.00
     1    19      334.67      526.67        0.00
     1    19      333.33      522.67        0.00
     1    19      333.33      517.33        0.00
     1    19      332.00      512.00        0.00
     1    19      333.33      508.00        0.00
     1    19      336.00      505.33        0.00
     1    19      340.00      505.33        0.00
     1    19      344.00      505.33        0.00
     1    20      364.00      480.00        0.00
     1    20      356.00      486.67        0.00
     1    20      352.00      488.00        0.00
     1    20      348.00      488.00        0.00
     1    20      342.67      488.00        0.00
     1    20      338.67      486.67        0.00
     1    20      334.67      485.33        0.00
     1    20      332.00      482.67        0.00
     1    20      332.00      478.67        0.00
     1    20      332.00      473.33        0.00
     1    20      333.33      469.33        0.00
     1    20      336.00      466.67        0.00
     1    20      338.67      464.00        0.00
     1    20      342.67      462.67        0.00
     1    20      346.67      461.33        0.00
     1    20      350.67      460.00        0.00
     1    20      354.67      460.00        0.00
     1    20      358.67      461.33        0.00
     1    20      362.67      462.67        0.00
     1    21      400.00      497.33        0.00
     1    21      408.00      498.67        0.00
     1    21      410.67      501.33        0.00
     1    21      414.67      502.67        0.00
     1    21      416.00      506.67        0.00
     1    21      417.33      510.67        0.00
     1    21      418.67      516.00        0.00
     1    21      417.33      520.00        0.00
     1    21      413.33      522.67        0.00
     1    21      408.00      522.67        0.00
     1    21      404.00      522.67        0.00
     1    21      400.00      522.67        0.00
     1    21      394.67      522.67        0.00
     1    21      390.67      521.33        0.00
     1    21      388.00      516.00        0.00
     1    21      388.00      512.00        0.00
     1    21      388.00      508.00        0.00
     1    21      388.00      504.00        0.00
     1    21      390.67      501.33        0.00
     1    23      454.67      532.00        0.00
     1    23      457.33      526.67        0.00
     1    23      460.00      522.67        0.00
     1    23      464.00      521.33        0.00
     1    23      468.00      521.33        0.00
     1    23      472.00      521.33        0.00
     1    23      476.00      522.67        0.00
     1    23      478.67      526.67        0.00
     1    23      480.00      530.67        0.00
     1    23      481.33      534.67        0.00
     1    23      481.33      538.67        0.00
     1    23      481.33      542.67        0.00
     1    23      481.33      546.67        0.00
     1    23      478.67      550.67        0.00
     1    23      476.00      553.33        0.00
     1    23      472.00      553.33        0.00
     1    23      468.00      553.33        0.00
     1    23      464.00      553.33        0.00
     1    23      460.00      552.00        0.00
     1    23      456.00      550.67        0.00
     1    23      452.00      548.00        0.00
     1    23      449.33      545.33        0.00
     1    23      448.00      541.33        0.00
     1    23      448.00      537.33        0.00
     1    24      449.33      480.00        0.00
     1    24      441.33      486.67        0.00
     1    24      436.00      486.67        0.00
     1    24      432.00      486.67        0.00
     1    24      428.00      485.33        0.00
     1    24      424.00      482.67        0.00
     1    24      421.33      480.00        0.00
     1    24      420.00      476.00        0.00
     1    24      420.00      470.67        0.00
     1    24      420.00      466.67        0.00
     1    24      422.67      462.67        0.00
     1    24      425.33      460.00        0.00
     1    24      430.67      458.67        0.00
     1    24      434.67      458.67        0.00
     1    24      438.67      458.67        0.00
     1    24      442.67      460.00        0.00
     1    24      446.67      462.67        0.00
     1    24      446.67      466.67        0.00
     1    24      448.00      470.67        0.00
     1    25      354.67      248.00        0.00
     1    25      353.33      256.00        0.00
     1    25      352.00      260.00        0.00
     1    25      349.33      262.67        0.00
     1    25      346.67      265.33        0.00
     1    25      341.33      266.67        0.00
     1    25      337.33      266.67        0.00
     1    25      333.33      266.67        0.00
     1    25      328.00      266.67        0.00
     1    25      325.33      264.00        0.00
     1    25      321.33      262.67        0.00
     1    25      318.67      260.00        0.00
     1    25      317.33      256.00        0.00
     1    25      316.00      250.67        0.00
     1    25      316.00      246.67        0.00
     1    25      316.00      241.33        0.00
     1    25      318.67      237.33        0.00
     1    25      321.33      233.33        0.00
     1    25      325.33      232.00        0.00
     1    25      329.33      229.33        0.00
     1    25      333.33      228.00        0.00
     1    25      338.67      226.67        0.00
     1    25      342.67      226.67        0.00
     1    25      346.67      226.67        0.00
     1    25      350.67      228.00        0.00
     1    25      353.33      230.67        0.00
     1    25      354.67      234.67        0.00
     1    25      354.67      238.67        0.00
     1    26      325.33      201.33        0.00
     1    26      317.33      205.33        0.00
     1    26      313.33      208.00        0.00
     1    26      309.33      209.33        0.00
     1    26      305.33      210.67        0.00
     1    26      301.33      210.67        0.00
     1    26      297.33      210.67        0.00
     1    26      293.33      209.33        0.00
     1    26      290.67      205.33        0.00
     1    26      289.33      201.33        0.00
     1    26      289.33      196.00        0.00
     1    26      289.33      190.67        0.00
     1    26      289.33      186.67        0.00
     1    26      290.67      182.67        0.00
     1    26      292.00      178.67        0.00
     1    26      293.33      173.33        0.00
     1    26      294.67      169.33        0.00
     1    26      298.67      166.67        0.00
     1    26      302.67      164.00        0.00
     1    26      308.00      162.67        0.00
     1    26      312.00      160.00        0.00
     1    26      316.00      160.00        0.00
     1    26      320.00      161.33        0.00
     1    26      322.67      164.00        0.00
     1    26      325.33      166.67        0.00
     1    26      326.67      170.67        0.00
     1    26      329.33      173.33        0.00
     1    26      330.67      177.33        0.00
     1    26      330.67      181.33        0.00
     1    26      330.67      185.33        0.00
     1    27      392.00      188.00        0.00
     1    27      382.67      197.33        0.00
     1    27      377.33      197.33        0.00
     1    27      373.33      197.33        0.00
     1    27      369.33      194.67        0.00
     1    27      365.33      192.00        0.00
     1    27      362.67      186.67        0.00
     1    27      361.33      181.33        0.00
     1    27      360.00      176.00        0.00
     1    27      361.33      170.67        0.00
     1    27      362.67      166.67        0.00
     1    27      366.67      164.00        0.00
     1    27      370.67      162.67        0.00
     1    27      376.00      162.67        0.00
     1    27      380.00      164.00        0.00
     1    28      321.33      492.00        0.00
     1    28      325.33      493.33        0.00
     1    28      328.00      496.00        0.00
     1    28      332.00      497.33        0.00
     1    28      334.67      501.33        0.00
     1    28      337.33      504.00        0.00
     1    28      337.33      508.00        0.00
     1    28      336.00      512.00        0.00
     1    28      333.33      517.33        0.00
     1    28      330.67      521.33        0.00
     1    28      328.00      524.00        0.00
     1    28      325.33      526.67        0.00
     1    28      321.33      528.00        0.00
     1    28      317.33      528.00        0.00
     1    28      313.33      528.00        0.00
     1    28      310.67      525.33        0.00
     1    28      308.00      522.67        0.00
     1    28      305.33      518.67        0.00
     1    28      302.67      514.67        0.00
     1    28      301.33      510.67        0.00
     1    28      300.00      506.67        0.00
     1    28      300.00      502.67        0.00
     1    28      298.67      498.67        0.00
     1    28      300.00      494.67        0.00
     1    28      302.67      490.67        0.00
     1    28      306.67      489.33        0.00
     1    28      310.67      489.33        0.00
     1    29      412.00      534.67        0.00
     1    29      416.00      536.00        0.00
     1    29      420.00      536.00        0.00
     1    29      424.00      538.67        0.00
     1    29      425.33      542.67        0.00
     1    29      424.00      546.67        0.00
     1    29      421.33      549.33        0.00
     1    29      417.33      550.67        0.00
     1    29      413.33      550.67        0.00
     1    29      409.33      550.67        0.00
     1    29      405.33      549.33        0.00
     1    29      402.67      546.67        0.00
     1    29      400.00      544.00        0.00
     1    29      400.00      540.00        0.00
     1    29      404.00      538.67        0.00
     1    30      396.00      550.67        0.00
     1    30      400.00      552.00        0.00
     1    30      402.67      554.67        0.00
     1    30      405.33      557.33        0.00
     1    30      406.67      561.33        0.00
     1    30      404.00      565.33        0.00
     1    30      401.33      568.00        0.00
     1    30      398.67      570.67        0.00
     1    30      394.67      572.00        0.00
     1    30      389.33      572.00        0.00
     1    30      385.33      572.00        0.00
     1    30      381.33      569.33        0.00
     1    30      378.67      565.33        0.00
     1    30      378.67      561.33        0.00
     1    30      380.00      557.33        0.00
     1    30      382.67      554.67        0.00
     1    30      385.33      552.00        0.00
     1    31      552.00      552.00        0.00
     1    31      553.33      556.00        0.00
     1    31      553.33      560.00        0.00
     1    31      550.67      565.33        0.00
     1    31      546.67      566.67        0.00
     1    31      542.67      568.00        0.00
     1    31      538.67      569.33        0.00
     1    31      534.67      569.33        0.00
     1    31      530.67      569.33        0.00
     1    31      526.67      568.00        0.00
     1    31      522.67      566.67        0.00
     1    31      518.67      564.00        0.00
     1    31      517.33      560.00        0.00
     1    31      516.00      556.00        0.00
     1    31      517.33      550.67        0.00
     1    31      520.00      546.67        0.00
     1    31      522.67      544.00        0.00
     1    31      526.67      541.33        0.00
     1    31      530.67      541.33        0.00
     1    31      534.67      541.33        0.00
     1    31      538.67      541.33        0.00
     1    32      573.33      558.67        0.00
     1    32      577.33      565.33        0.00
     1    32      578.67      570.67        0.00
     1    32      578.67      574.67        0.00
     1    32      576.00      578.67        0.00
     1    32      573.33      581.33        0.00
     1    32      569.33      582.67        0.00
     1    32      565.33      582.67        0.00
     1    32      561.33      582.67        0.00
     1    32      557.33      584.00        0.00
     1    32      553.33      582.67        0.00
     1    32      550.67      580.00        0.00
     1    32      549.33      576.00        0.00
     1    32      548.00      570.67        0.00
     1    32      548.00      565.33        0.00
     1    32      549.33      561.33        0.00
     1    32      553.33      558.67        0.00
     1    32      557.33      557.33        0.00
     1    32      561.33      557.33        0.00
     1    33      612.00      553.33        0.00
     1    33      612.00      561.33        0.00
     1    33      609.33      565.33        0.00
     1    33      606.67      569.33        0.00
     1    33      602.67      570.67        0.00
     1    33      598.67      570.67        0.00
     1    33      594.67      570.67        0.00
     1    33      590.67      568.00        0.00
     1    33      586.67      565.33        0.00
     1    33      584.00      561.33        0.00
     1    33      584.00      557.33        0.00
     1    33      584.00      553.33        0.00
     1    33      586.67      549.33        0.00
     1    33      589.33      546.67        0.00
     1    33      594.67      545.33        0.00
     1    33      598.67      545.33        0.00
     1    34      849.33      485.33        0.00
     1    34      849.33      494.67        0.00
     1    34      846.67      497.33        0.00
     1    34      842.67      501.33        0.00
     1    34      837.33      504.00        0.00
     1    34      833.33      504.00        0.00
     1    34      829.33      504.00        0.00
     1    34      825.33      504.00        0.00
     1    34      820.00      502.67        0.00
     1    34      816.00      498.67        0.00
     1    34      814.67      493.33        0.00
     1    34      813.33      489.33        0.00
     1    34      813.33      484.00        0.00
     1    34      814.67      480.00        0.00
     1    34      817.33      476.00        0.00
     1    34      820.00      473.33        0.00
     1    34      824.00      470.67        0.00
     1    34      829.33      469.33        0.00
     1    34      833.33      469.33        0.00
     1    34      837.33      469.33        0.00
     1    34      838.67      473.33        0.00
     1    35      893.33      453.33        0.00
     1    35      886.67      462.67        0.00
     1    35      884.00      465.33        0.00
     1    35      880.00      468.00        0.00
     1    35      876.00      468.00        0.00
     1    35      872.00      468.00        0.00
     1    35      866.67      468.00        0.00
     1    35      862.67      465.33        0.00
     1    35      860.00      462.67        0.00
     1    35      858.67      457.33        0.00
     1    35      857.33      450.67        0.00
     1    35      857.33      446.67        0.00
     1    35      861.33      442.67        0.00
     1    35      866.67      440.00        0.00
     1    35      872.00      438.67        0.00
     1    35      876.00      438.67        0.00
     1    35      880.00      440.00        0.00
     1    35      882.67      442.67        0.00
     1    35      885.33      445.33        0.00
     1    36      916.00      430.67        0.00
     1    36      906.67      436.00        0.00
     1    36      901.33      436.00        0.00
     1    36      897.33      436.00        0.00
     1    36      893.33      434.67        0.00
     1    36      890.67      432.00        0.00
     1    36      888.00      428.00        0.00
     1    36      885.33      424.00        0.00
     1    36      885.33      420.00        0.00
     1    36      885.33      414.67        0.00
     1    36      888.00      410.67        0.00
     1    36      892.00      408.00        0.00
     1    36      897.33      405.33        0.00
     1    36      901.33      404.00        0.00
     1    36      905.33      404.00        0.00
     1    36      909.33      404.00        0.00
     1    36      913.33      406.67        0.00
     1    36      916.00      409.33        0.00
     1    36      917.33      413.33        0.00
     1    36      918.67      417.33        0.00
     1    37      997.33      258.67        0.00
     1    37      994.67      268.00        0.00
     1    37      992.00      270.67        0.00
     1    37      988.00      272.00        0.00
     1    37      984.00      273.33        0.00
     1    37      980.00      272.00        0.00
     1    37      977.33      269.33        0.00
     1    37      974.67      265.33        0.00
     1    37      972.00      261.33        0.00
     1    37      969.33      254.67        0.00
     1    37      966.67      250.67        0.00
     1    37      965.33      246.67        0.00
     1    37      965.33      242.67        0.00
     1    37      966.67      237.33        0.00
     1    37      970.67      234.67        0.00
     1    37      974.67      232.00        0.00
     1    37      978.67      230.67        0.00
     1    37      984.00      230.67        0.00
     1    37      988.00      229.33        0.00
     1    37      992.00      229.33        0.00
     1    37      996.00      230.67        0.00
     1    37      998.67      233.33        0.00
     1    37     1001.33      237.33        0.00
     1    37     1004.00      241.33        0.00
     1    37     1004.00      245.33        0.00
     1    38      986.67      309.33        0.00
     1    38      992.00      322.67        0.00
     1    38      992.00      326.67        0.00
     1    38      990.67      330.67        0.00
     1    38      988.00      333.33        0.00
     1    38      984.00      334.67        0.00
     1    38      980.00      336.00        0.00
     1    38      976.00      336.00        0.00
     1    38      970.67      336.00        0.00
     1    38      968.00      333.33        0.00
     1    38      965.33      330.67        0.00
     1    38      962.67      328.00        0.00
     1    38      960.00      325.33        0.00
     1    38      958.67      321.33        0.00
     1    38      957.33      316.00        0.00
     1    38      957.33      312.00        0.00
     1    38      957.33      306.67        0.00
     1    38      960.00      304.00        0.00
     1    38      962.67      301.33        0.00
     1    38      966.67      300.00        0.00
     1    38      970.67      300.00        0.00
     1    38      974.67      301.33        0.00
     1    39      969.33      218.67        0.00
     1    39      962.67      222.67        0.00
     1    39      957.33      222.67        0.00
     1    39      953.33      222.67        0.00
     1    39      949.33      222.67        0.00
     1    39      945.33      221.33        0.00
     1    39      941.33      220.00        0.00
     1    39      937.33      218.67        0.00
     1    39      934.67      216.00        0.00
     1    39      930.67      213.33        0.00
     1    39      928.00      210.67        0.00
     1    39      926.67      205.33        0.00
     1    39      925.33      201.33        0.00
     1    39      925.33      197.33        0.00
     1    39      925.33      193.33        0.00
     1    39      928.00      189.33        0.00
     1    39      930.67      186.67        0.00
     1    39      933.33      184.00        0.00
     1    39      937.33      181.33        0.00
     1    39      941.33      180.00        0.00
     1    39      945.33      178.67        0.00
     1    39      949.33      178.67        0.00
     1    39      953.33      180.00        0.00
     1    39      957.33      181.33        0.00
     1    39      960.00      185.33        0.00
     1    39      962.67      189.33        0.00
     1    39      964.00      193.33        0.00
     1    39      965.33      197.33        0.00
     1    39      966.67      201.33        0.00
     1    39      966.67      205.33        0.00
     1    40      598.67      126.67        0.00
     1    40      594.67      128.00        0.00
     1    40      590.67      129.33        0.00
     1    40      585.33      129.33        0.00
     1    40      580.00      128.00        0.00
     1    40      576.00      125.33        0.00
     1    40      573.33      121.33        0.00
     1    40      572.00      117.33        0.00
     1    40      569.33      112.00        0.00
     1    40      569.33      108.00        0.00
     1    40      569.33      104.00        0.00
     1    40      569.33      100.00        0.00
     1    40      572.00       96.00        0.00
     1    40      574.67       93.33        0.00
     1    40      578.67       90.67        0.00
     1    40      582.67       89.33        0.00
     1    40      586.67       89.33        0.00
     1    40      592.00       89.33        0.00
     1    40      596.00       90.67        0.00
     1    40      600.00       92.00        0.00
     1    40      604.00       94.67        0.00
     1    40      606.67       98.67        0.00
     1    40      609.33      101.33        0.00
     1    40      609.33      105.33        0.00
     1    40      610.67      109.33        0.00
     1    40      612.00      113.33        0.00
     1    40      612.00      117.33        0.00
     1    40      612.00      121.33        0.00
     1    40      608.00      122.67        0.00
     1    41      570.67       90.67        0.00
     1    41      562.67       97.33        0.00
     1    41      558.67       98.67        0.00
     1    41      554.67       98.67        0.00
     1    41      549.33       98.67        0.00
     1    41      545.33       98.67        0.00
     1    41      541.33       96.00        0.00
     1    41      538.67       93.33        0.00
     1    41      536.00       89.33        0.00
     1    41      534.67       85.33        0.00
     1    41      534.67       80.00        0.00
     1    41      534.67       76.00        0.00
     1    41      537.33       72.00        0.00
     1    41      541.33       68.00        0.00
     1    41      545.33       66.67        0.00
     1    41      549.33       65.33        0.00
     1    41      554.67       64.00        0.00
     1    41      560.00       62.67        0.00
     1    41      565.33       62.67        0.00
     1    41      569.33       62.67        0.00
     1    41      573.33       62.67        0.00
     1    41      577.33       65.33        0.00
     1    41      580.00       68.00        0.00
     1    41      580.00       72.00        0.00
     1    41      580.00       77.33        0.00
     1    41      581.33       81.33        0.00
     1    41      580.00       85.33        0.00
     1    42      549.33      152.00        0.00
     1    42      554.67      166.67        0.00
     1    42      553.33      172.00        0.00
     1    42      550.67      174.67        0.00
     1    42      545.33      180.00        0.00
     1    42      538.67      182.67        0.00
     1    42      533.33      182.67        0.00
     1    42      528.00      184.00        0.00
     1    42      524.00      184.00        0.00
     1    42      518.67      184.00        0.00
     1    42      514.67      184.00        0.00
     1    42      510.67      181.33        0.00
     1    42      508.00      177.33        0.00
     1    42      506.67      169.33        0.00
     1    42      505.33      162.67        0.00
     1    42      505.33      157.33        0.00
     1    42      505.33      150.67        0.00
     1    42      506.67      146.67        0.00
     1    42      510.67      142.67        0.00
     1    42      514.67      140.00        0.00
     1    42      520.00      140.00        0.00
     1    42      525.33      140.00        0.00
     1    42      529.33      140.00        0.00
     1    42      533.33      140.00        0.00
     1    42      537.33      142.67        0.00
     1    42      537.33      146.67        0.00
