     0     0      991.33      566.33        0.00
     0     0      988.00      566.33        0.00
     0     0      985.33      564.33        0.00
     0     0      982.67      562.33        0.00
     0     0      980.00      560.33        0.00
     0     0      977.33      558.33        0.00
     0     0      974.00      556.33        0.00
     0     0      970.67      554.33        0.00
     0     0      967.33      553.00        0.00
     0     0      964.00      551.67        0.00
     0     0      960.67      549.67        0.00
     0     0      957.33      547.67        0.00
     0     0      954.67      545.67        0.00
     0     0      952.00      543.67        0.00
     0     0      949.33      541.67        0.00
     0     0      947.33      539.00        0.00
     0     0      945.33      535.67        0.00
     0     0      944.67      532.33        0.00
     0     0      944.00      529.00        0.00
     0     0      944.00      525.67        0.00
     0     0      943.33      522.33        0.00
     0     0      943.33      519.00        0.00
     0     0      942.67      515.67        0.00
     0     0      942.00      512.33        0.00
     0     0      941.33      509.00        0.00
     0     0      941.33      505.67        0.00
     0     0      940.67      502.33        0.00
     0     0      940.67      498.33        0.00
     0     0      940.67      495.00        0.00
     0     0      940.67      491.67        0.00
     0     0      940.67      487.67        0.00
     0     0      941.33      484.33        0.00
     0     0      941.33      481.00        0.00
     0     0      942.67      477.67        0.00
     0     0      944.00      474.33        0.00
     0     0      945.33      471.00        0.00
     0     0      946.67      467.67        0.00
     0     0      948.00      464.33        0.00
     0     0      949.33      461.00        0.00
     0     0      950.67      457.67        0.00
     0     0      951.33      454.33        0.00
     0     0      952.67      451.00        0.00
     0     0      954.00      447.67        0.00
     0     0      955.33      444.33        0.00
     0     0      956.67      441.00        0.00
     0     0      957.33      437.67        0.00
     0     0      958.00      434.33        0.00
     0     0      959.33      431.00        0.00
     0     0      960.00      427.67        0.00
     0     0      960.67      424.33        0.00
     0     0      962.00      421.00        0.00
     0     0      963.33      417.67        0.00
     0     0      963.33      414.33        0.00
     0     0      964.67      411.00        0.00
     0     0      965.33      407.67        0.00
     0     0      965.33      404.33        0.00
     0     0      966.67      401.00        0.00
     0     0      968.00      397.67        0.00
     0     0      968.67      394.33        0.00
     0     0      970.67      391.00        0.00
     0     0      970.67      387.67        0.00
     0     0      970.67      384.33        0.00
     0     0      970.67      381.00        0.00
     0     0      970.67      377.67        0.00
     0     0      971.33      374.33        0.00
     0     0      972.00      371.00        0.00
     0     0      974.00      367.67        0.00
     0     0      974.67      364.33        0.00
     0     0      974.67      361.00        0.00
     0     0      976.00      357.67        0.00
     0     0      978.00      354.33        0.00
     0     0      979.33      351.00        0.00
     0     0      981.33      348.33        0.00
     0     0      983.33      345.00        0.00
     0     0      985.33      342.33        0.00
     0     0      987.33      339.67        0.00
     0     0      989.33      337.00        0.00
     0     0      990.67      333.67        0.00
     0     0      992.67      331.00        0.00
     0     0      994.00      327.67        0.00
     0     0      996.00      324.33        0.00
     0     0      997.33      321.00        0.00
     0     0      999.33      318.33        0.00
     0     0     1001.33      315.00        0.00
     0     0     1002.67      311.67        0.00
     0     0     1004.67      308.33        0.00
     0     0     1006.00      305.00        0.00
     0     0     1006.67      301.67        0.00
     0     0     1008.67      297.67        0.00
     0     0     1010.00      294.33        0.00
     0     0     1012.00      290.33        0.00
     0     0     1014.00      287.67        0.00
     0     0     1016.00      285.00        0.00
     0     0     1018.67      281.00        0.00
     0     0     1020.67      277.67        0.00
     0     0     1022.67      274.33        0.00
     0     0     1023.33      271.00        0.00
     0     0     1025.33      268.33        0.00
     0     0     1027.33      265.67        0.00
     0     0     1030.00      263.67        0.00
     0     0     1032.67      261.67        0.00
     0     0     1036.00      260.33        0.00
     0     0     1039.33      258.33        0.00
     0     0     1042.67      257.00        0.00
     0     0     1046.00      255.00        0.00
     0     0     1049.33      254.33        0.00
     0     0     1053.33      253.00        0.00
     0     0     1057.33      251.67        0.00
     0     0     1060.67      251.00        0.00
     0     0     1064.00      250.33        0.00
     0     0     1067.33      250.33        0.00
     0     0     1070.67      250.33        0.00
     0     0     1074.67      250.33        0.00
     0     0     1078.00      250.33        0.00
     0     0     1081.33      250.33        0.00
     0     0     1084.67      250.33        0.00
     0     0     1088.00      251.00        0.00
     0     0     1092.67      251.67        0.00
     0     0     1096.00      252.33        0.00
     0     0     1100.00      253.00        0.00
     0     0     1103.33      253.67        0.00
     0     0     1106.67      255.00        0.00
     0     0     1110.00      257.00        0.00
     0     0     1112.67      259.00        0.00
     0     0     1115.33      261.00        0.00
     0     0     1118.67      263.00        0.00
     0     0     1122.00      263.67        0.00
     0     0     1125.33      264.33        0.00
     0     0     1128.67      265.00        0.00
     0     0     1132.00      265.67        0.00
     0     0     1135.33      266.33        0.00
     0     0     1138.67      266.33        0.00
     0     0     1142.00      267.00        0.00
     0     0     1145.33      268.33        0.00
     0     0     1148.67      269.00        0.00
     0     0     1152.00      270.33        0.00
     0     0     1155.33      271.67        0.00
     0     0     1158.67      273.00        0.00
     0     0     1162.00      273.67        0.00
     0     0     1164.67      275.67        0.00
     0     0     1168.00      277.00        0.00
     0     0     1171.33      277.67        0.00
     0     0     1174.67      278.33        0.00
     0     0     1178.00      279.00        0.00
     0     0     1181.33      279.67        0.00
     0     0     1184.67      281.00        0.00
     0     0     1188.00      283.00        0.00
     0     0     1191.33      284.33        0.00
     0     0     1194.00      286.33        0.00
     0     0     1196.67      289.00        0.00
     0     0     1198.67      291.67        0.00
     0     0     1199.33      295.67        0.00
     0     0     1200.00      299.00        0.00
     0     0     1200.67      302.33        0.00
     0     0     1201.33      305.67        0.00
     0     0     1201.33      309.67        0.00
     0     0     1202.00      314.33        0.00
     0     0     1201.33      319.00        0.00
     0     0     1200.67      323.67        0.00
     0     0     1200.00      327.67        0.00
     0     0     1199.33      332.33        0.00
     0     0     1199.33      337.67        0.00
     0     0     1199.33      341.00        0.00
     0     0     1199.33      344.33        0.00
     0     0     1200.00      347.67        0.00
     0     0     1200.67      352.33        0.00
     0     0     1201.33      356.33        0.00
     0     0     1202.00      360.33        0.00
     0     0     1202.67      364.33        0.00
     0     0     1203.33      368.33        0.00
     0     0     1204.00      374.33        0.00
     0     0     1204.00      379.67        0.00
     0     0     1204.00      385.67        0.00
     0     0     1204.00      390.33        0.00
     0     0     1204.00      395.00        0.00
     0     0     1204.00      398.33        0.00
     0     0     1204.00      402.33        0.00
     0     0     1204.00      405.67        0.00
     0     0     1204.67      409.00        0.00
     0     0     1205.33      413.00        0.00
     0     0     1206.67      417.00        0.00
     0     0     1207.33      421.00        0.00
     0     0     1208.67      425.00        0.00
     0     0     1209.33      428.33        0.00
     0     0     1210.00      432.33        0.00
     0     0     1211.33      435.67        0.00
     0     0     1212.00      439.00        0.00
     0     0     1213.33      443.00        0.00
     0     0     1213.33      446.33        0.00
     0     0     1214.00      449.67        0.00
     0     0     1214.00      453.00        0.00
     0     0     1214.00      456.33        0.00
     0     0     1213.33      459.67        0.00
     0     0     1212.67      463.00        0.00
     0     0     1211.33      466.33        0.00
     0     0     1210.67      469.67        0.00
     0     0     1209.33      473.00        0.00
     0     0     1209.33      476.33        0.00
     0     0     1208.00      479.67        0.00
     0     0     1208.00      483.00        0.00
     0     0     1207.33      486.33        0.00
     0     0     1207.33      489.67        0.00
     0     0     1207.33      493.00        0.00
     0     0     1206.67      496.33        0.00
     0     0     1205.33      499.67        0.00
     0     0     1204.00      503.00        0.00
     0     0     1202.67      506.33        0.00
     0     0     1200.67      509.00        0.00
     0     0     1198.00      511.67        0.00
     0     0     1196.00      514.33        0.00
     0     0     1194.00      517.00        0.00
     0     0     1192.00      520.33        0.00
     0     0     1190.67      523.67        0.00
     0     0     1188.67      526.33        0.00
     0     0     1186.67      529.67        0.00
     0     0     1184.67      532.33        0.00
     0     0     1182.67      535.00        0.00
     0     0     1182.00      538.33        0.00
     0     0     1181.33      541.67        0.00
     0     0     1182.67      545.00        0.00
     0     0     1184.67      547.67        0.00
     0     0     1186.67      551.67        0.00
     0     0     1188.33      579.00        0.00
     0     0     1191.00      586.33        0.00
     0     0     1191.00      590.33        0.00
     0     0     1191.00      594.33        0.00
     0     0     1191.67      598.33        0.00
     0     0     1191.67      601.67        0.00
     0     0     1191.67      605.00        0.00
     0     0     1191.67      608.33        0.00
     0     0     1190.33      612.33        0.00
     0     0     1189.67      615.67        0.00
     0     0     1189.00      620.33        0.00
     0     0     1188.33      623.67        0.00
     0     0     1187.00      627.00        0.00
     0     0     1185.00      629.67        0.00
     0     0     1182.33      631.67        0.00
     0     0     1180.33      634.33        0.00
     0     0     1177.67      636.33        0.00
     0     0     1175.67      639.00        0.00
     0     0     1173.67      641.67        0.00
     0     0     1171.67      644.33        0.00
     0     0     1169.67      647.00        0.00
     0     0     1167.67      649.67        0.00
     0     0     1165.67      652.33        0.00
     0     0     1163.00      654.33        0.00
     0     0     1161.00      657.00        0.00
     0     0     1158.33      659.00        0.00
     0     0     1155.67      661.00        0.00
     0     0     1153.00      663.67        0.00
     0     0     1149.67      665.67        0.00
     0     0     1147.00      667.67        0.00
     0     0     1145.00      670.33        0.00
     0     0     1142.33      673.00        0.00
     0     0     1139.67      675.00        0.00
     0     0     1136.33      677.67        0.00
     0     0     1133.00      679.67        0.00
     0     0     1130.33      681.67        0.00
     0     0     1127.67      683.67        0.00
     0     0     1125.00      685.67        0.00
     0     0     1121.67      687.00        0.00
     0     0     1119.00      689.67        0.00
     0     0     1116.33      692.33        0.00
     0     0     1113.67      695.00        0.00
     0     0     1111.00      697.67        0.00
     0     0     1109.00      700.33        0.00
     0     0     1106.33      703.00        0.00
     0     0     1104.33      705.67        0.00
     0     0     1103.00      709.00        0.00
     0     0     1101.67      712.33        0.00
     0     0     1101.00      716.33        0.00
     0     0     1100.33      719.67        0.00
     0     0     1099.67      723.00        0.00
     0     0     1099.00      726.33        0.00
     0     0     1099.00      729.67        0.00
     0     0     1098.33      735.67        0.00
     0     0     1098.33      739.00        0.00
     0     0     1098.33      743.67        0.00
     0     0     1098.33      747.00        0.00
     0     0     1101.33      792.00        0.00
     0     0     1104.00      798.67        0.00
     0     0     1105.33      802.00        0.00
     0     0     1106.67      805.33        0.00
     0     0     1106.67      808.67        0.00
     0     0     1105.33      812.00        0.00
     0     0     1103.33      814.67        0.00
     0     0     1100.67      816.67        0.00
     0     0     1098.00      818.67        0.00
     0     0     1094.67      820.00        0.00
     0     0     1092.00      822.00        0.00
     0     0     1088.00      824.00        0.00
     0     0     1084.67      825.33        0.00
     0     0     1080.00      827.33        0.00
     0     0     1071.33      830.67        0.00
     0     0     1064.00      833.33        0.00
     0     0     1055.33      837.33        0.00
     0     0     1048.67      840.67        0.00
     0     0     1041.33      842.00        0.00
     0     0     1035.33      843.33        0.00
     0     0     1029.33      844.67        0.00
     0     0     1022.00      846.00        0.00
     0     0     1017.33      846.00        0.00
     0     0     1014.00      847.33        0.00
     0     0     1010.00      848.00        0.00
     0     0     1006.67      848.00        0.00
     0     0     1003.33      848.67        0.00
     0     0     1000.00      848.67        0.00
     0     0      996.00      847.33        0.00
     0     0      990.67      846.67        0.00
     0     0      987.33      846.00        0.00
     0     0      984.00      844.00        0.00
     0     0      980.67      842.00        0.00
     0     0      978.00      840.00        0.00
     0     0      975.33      838.00        0.00
     0     0      973.33      834.67        0.00
     0     0      970.67      832.00        0.00
     0     0      968.67      829.33        0.00
     0     0      966.67      826.67        0.00
     0     0      964.00      823.33        0.00
     0     0      961.33      820.67        0.00
     0     0      959.33      818.00        0.00
     0     0      957.33      815.33        0.00
     0     0      955.33      811.33        0.00
     0     0      953.33      807.33        0.00
     0     0      950.00      802.00        0.00
     0     0      948.67      798.00        0.00
     0     0      947.33      793.33        0.00
     0     0      946.67      789.33        0.00
     0     0      946.00      786.00        0.00
     0     0      945.33      781.33        0.00
     0     0      944.67      778.00        0.00
     0     0      944.67      774.67        0.00
     0     0      944.00      771.33        0.00
     0     0      942.67      768.00        0.00
     0     0      942.67      764.67        0.00
     0     0      942.00      761.33        0.00
     0     0      941.33      758.00        0.00
     0     0      941.33      754.67        0.00
     0     0      941.33      751.33        0.00
     0     0      941.33      748.00        0.00
     0     0      941.33      744.67        0.00
     0     0      942.00      741.33        0.00
     0     0      943.33      738.00        0.00
     0     0      944.00      734.67        0.00
     0     0      944.67      731.33        0.00
     0     0      946.00      728.00        0.00
     0     0      947.33      724.67        0.00
     0     0      948.67      721.33        0.00
     0     0      950.67      718.67        0.00
     0     0      953.33      716.67        0.00
     0     0      956.00      714.00        0.00
     0     0      958.00      711.33        0.00
     0     0      960.67      709.33        0.00
     0     0      963.33      707.33        0.00
     0     0      966.00      705.33        0.00
     0     0      968.67      703.33        0.00
     0     0      971.33      701.33        0.00
     0     0      974.00      698.67        0.00
     0     0      976.67      696.00        0.00
     0     0      978.67      693.33        0.00
     0     0      981.33      690.67        0.00
     0     0      983.33      688.00        0.00
     0     0      985.33      685.33        0.00
     0     0      987.33      682.67        0.00
     0     0      990.00      680.67        0.00
     0     0      992.67      678.67        0.00
     0     0      995.33      676.67        0.00
     0     0      998.00      674.00        0.00
     0     0     1000.67      671.33        0.00
     0     0     1002.67      668.67        0.00
     0     0     1005.33      666.00        0.00
     0     0     1006.67      662.67        0.00
     0     0     1008.00      659.33        0.00
     0     0     1008.67      656.00        0.00
     0     0     1009.33      652.67        0.00
     0     0     1010.00      649.33        0.00
     0     0     1010.00      646.00        0.00
     0     0     1009.33      642.67        0.00
     0     0     1008.00      639.33        0.00
     0     0     1008.00      636.00        0.00
     0     0     1008.00      632.67        0.00
     0     0     1009.33      629.33        0.00
     0     0     1011.33      626.67        0.00
     0     0     1013.33      623.33        0.00
     0     0     1015.33      620.00        0.00
     0     0     1016.67      616.67        0.00
     0     0     1017.33      613.33        0.00
     0     0     1017.33      610.00        0.00
     0     0     1017.33      606.67        0.00
     0     0     1016.00      603.33        0.00
     0     0     1014.00      600.67        0.00
     0     0     1012.00      598.00        0.00
     0     0     1010.00      595.33        0.00
     0     0     1008.00      592.67        0.00
     0     0     1007.33      589.33        0.00
     0     0     1006.67      586.00        0.00
     0     0     1005.33      582.67        0.00
     0     0     1004.00      579.33        0.00
     0     0     1003.33      576.00        0.00
     0     0     1000.67      573.33        0.00
     0     0      998.67      570.67        0.00
     0     1      392.67      805.67        0.00
     0     1      388.00      806.33        0.00
     0     1      384.67      806.33        0.00
     0     1      381.33      805.67        0.00
     0     1      378.00      804.33        0.00
     0     1      374.67      803.67        0.00
     0     1      371.33      803.00        0.00
     0     1      368.00      801.67        0.00
     0     1      364.67      800.33        0.00
     0     1      361.33      799.00        0.00
     0     1      358.00      798.33        0.00
     0     1      354.67      797.67        0.00
     0     1      351.33      796.33        0.00
     0     1      348.00      795.00        0.00
     0     1      344.67      794.33        0.00
     0     1      341.33      793.67        0.00
     0     1      338.00      793.00        0.00
     0     1      334.67      792.33        0.00
     0     1      331.33      791.00        0.00
     0     1      328.00      789.67        0.00
     0     1      324.67      787.67        0.00
     0     1      322.00      785.67        0.00
     0     1      318.67      783.67        0.00
     0     1      316.00      781.67        0.00
     0     1      314.00      779.00        0.00
     0     1      311.33      776.33        0.00
     0     1      309.33      773.67        0.00
     0     1      306.67      771.00        0.00
     0     1      304.67      768.33        0.00
     0     1      302.00      765.67        0.00
     0     1      300.00      763.00        0.00
     0     1      298.00      760.33        0.00
     0     1      295.33      757.67        0.00
     0     1      292.67      755.67        0.00
     0     1      290.67      753.00        0.00
     0     1      288.00      750.33        0.00
     0     1      286.00      747.67        0.00
     0     1      284.00      745.00        0.00
     0     1      282.00      742.33        0.00
     0     1      280.00      739.67        0.00
     0     1      278.00      736.33        0.00
     0     1      276.67      733.00        0.00
     0     1      274.67      730.33        0.00
     0     1      273.33      727.00        0.00
     0     1      272.00      723.67        0.00
     0     1      270.67      720.33        0.00
     0     1      269.33      717.00        0.00
     0     1      268.67      713.67        0.00
     0     1      268.00      710.33        0.00
     0     1      266.67      707.00        0.00
     0     1      266.00      703.67        0.00
     0     1      265.33      700.33        0.00
     0     1      264.67      697.00        0.00
     0     1      264.00      693.67        0.00
     0     1      264.00      690.33        0.00
     0     1      264.67      687.00        0.00
     0     1      265.33      683.67        0.00
     0     1      266.00      680.33        0.00
     0     1      267.33      677.00        0.00
     0     1      268.67      673.67        0.00
     0     1      270.67      671.00        0.00
     0     1      273.33      669.00        0.00
     0     1      276.00      667.00        0.00
     0     1      279.33      665.67        0.00
     0     1      282.00      663.67        0.00
     0     1      284.67      661.67        0.00
     0     1      287.33      659.67        0.00
     0     1      290.00      657.67        0.00
     0     1      292.00      655.00        0.00
     0     1      294.00      652.33        0.00
     0     1      296.00      649.67        0.00
     0     1      297.33      646.33        0.00
     0     1      299.33      643.67        0.00
     0     1      302.00      641.67        0.00
     0     1      305.33      641.00        0.00
     0     1      308.00      639.00        0.00
     0     1      311.33      639.00        0.00
     0     1      314.67      637.67        0.00
     0     1      318.00      635.67        0.00
     0     1      321.33      635.67        0.00
     0     1      324.67      635.00        0.00
     0     1      328.00      635.00        0.00
     0     1      331.33      635.67        0.00
     0     1      334.67      635.67        0.00
     0     1      338.00      636.33        0.00
     0     1      341.33      636.33        0.00
     0     1      344.67      636.33        0.00
     0     1      348.00      635.00        0.00
     0     1      351.33      633.67        0.00
     0     1      354.67      632.33        0.00
     0     1      358.00      630.33        0.00
     0     1      360.67      628.33        0.00
     0     1      363.33      626.33        0.00
     0     1      366.67      625.00        0.00
     0     1      369.33      623.00        0.00
     0     1      372.67      621.67        0.00
     0     1      376.00      620.33        0.00
     0     1      379.33      619.00        0.00
     0     1      382.67      618.33        0.00
     0     1      385.33      616.33        0.00
     0     1      388.00      614.33        0.00
     0     1      391.33      612.33        0.00
     0     1      394.00      609.67        0.00
     0     1      397.33      607.00        0.00
     0     1      400.00      605.00        0.00
     0     1      402.00      602.33        0.00
     0     1      404.67      599.67        0.00
     0     1      406.67      597.00        0.00
     0     1      409.33      595.00        0.00
     0     1      412.00      592.33        0.00
     0     1      414.67      589.67        0.00
     0     1      417.33      587.00        0.00
     0     1      420.00      584.33        0.00
     0     1      422.00      581.67        0.00
     0     1      424.67      579.67        0.00
     0     1      426.67      577.00        0.00
     0     1      428.67      574.33        0.00
     0     1      430.67      571.67        0.00
     0     1      433.33      569.00        0.00
     0     1      438.67      563.00        0.00
     0     1      440.67      560.33        0.00
     0     1      443.33      558.33        0.00
     0     1      446.00      556.33        0.00
     0     1      448.67      554.33        0.00
     0     1      452.00      553.00        0.00
     0     1      454.67      551.00        0.00
     0     1      458.00      549.00        0.00
     0     1      461.33      547.67        0.00
     0     1      464.67      546.33        0.00
     0     1      468.00      545.67        0.00
     0     1      470.67      543.67        0.00
     0     1      474.00      542.33        0.00
     0     1      477.33      541.00        0.00
     0     1      480.67      540.33        0.00
     0     1      483.33      538.33        0.00
     0     1      486.67      537.00        0.00
     0     1      490.00      535.67        0.00
     0     1      493.33      534.33        0.00
     0     1      496.67      532.33        0.00
     0     1      500.00      531.67        0.00
     0     1      503.33      529.67        0.00
     0     1      506.67      529.00        0.00
     0     1      510.67      528.33        0.00
     0     1      514.00      527.67        0.00
     0     1      517.33      527.00        0.00
     0     1      520.67      526.33        0.00
     0     1      524.00      525.67        0.00
     0     1      527.33      525.00        0.00
     0     1      530.67      525.00        0.00
     0     1      534.00      523.67        0.00
     0     1      537.33      523.00        0.00
     0     1      540.67      523.00        0.00
     0     1      544.00      523.00        0.00
     0     1      547.33      523.00        0.00
     0     1      550.67      523.00        0.00
     0     1      554.00      523.00        0.00
     0     1      557.33      523.00        0.00
     0     1      560.67      522.33        0.00
     0     1      564.00      523.67        0.00
     0     1      567.33      524.33        0.00
     0     1      570.67      525.67        0.00
     0     1      574.00      527.67        0.00
     0     1      577.33      529.00        0.00
     0     1      580.00      531.00        0.00
     0     1      582.67      533.00        0.00
     0     1      585.33      535.00        0.00
     0     1      588.67      537.00        0.00
     0     1      592.00      538.33        0.00
     0     1      594.67      540.33        0.00
     0     1      598.00      541.00        0.00
     0     1      601.33      542.33        0.00
     0     1      604.67      544.33        0.00
     0     1      608.00      545.67        0.00
     0     1      611.33      547.00        0.00
     0     1      614.67      548.33        0.00
     0     1      618.00      549.67        0.00
     0     1      621.33      551.00        0.00
     0     1      624.00      553.00        0.00
     0     1      626.67      555.00        0.00
     0     1      628.67      557.67        0.00
     0     1      630.00      561.00        0.00
     0     1      631.33      564.33        0.00
     0     1      633.33      567.67        0.00
     0     1      634.67      571.67        0.00
     0     1      636.67      575.00        0.00
     0     1      638.00      579.00        0.00
     0     1      640.00      581.67        0.00
     0     1      642.00      585.00        0.00
     0     1      642.67      588.33        0.00
     0     1      643.33      591.67        0.00
     0     1      643.33      595.00        0.00
     0     1      644.00      598.33        0.00
     0     1      644.67      601.67        0.00
     0     1      645.33      605.00        0.00
     0     1      646.67      608.33        0.00
     0     1      646.67      611.67        0.00
     0     1      647.33      615.00        0.00
     0     1      647.33      618.33        0.00
     0     1      647.33      621.67        0.00
     0     1      646.67      625.00        0.00
     0     1      646.00      628.33        0.00
     0     1      645.33      631.67        0.00
     0     1      644.00      635.00        0.00
     0     1      642.67      638.33        0.00
     0     1      642.00      641.67        0.00
     0     1      640.67      645.00        0.00
     0     1      639.33      648.33        0.00
     0     1      638.00      651.67        0.00
     0     1      636.67      655.00        0.00
     0     1      635.33      658.33        0.00
     0     1      634.00      661.67        0.00
     0     1      632.00      664.33        0.00
     0     1      630.67      667.67        0.00
     0     1      628.00      670.33        0.00
     0     1      625.33      672.33        0.00
     0     1      622.67      674.33        0.00
     0     1      619.33      675.67        0.00
     0     1      617.33      678.33        0.00
     0     1      615.33      681.00        0.00
     0     1      612.67      683.00        0.00
     0     1      610.00      685.00        0.00
     0     1      607.33      687.67        0.00
     0     1      604.00      689.00        0.00
     0     1      600.67      690.33        0.00
     0     1      597.33      691.67        0.00
     0     1      594.00      693.00        0.00
     0     1      590.00      694.33        0.00
     0     1      586.67      695.00        0.00
     0     1      583.33      695.67        0.00
     0     1      580.00      696.33        0.00
     0     1      576.67      697.00        0.00
     0     1      573.33      699.00        0.00
     0     1      570.00      700.33        0.00
     0     1      566.67      702.33        0.00
     0     1      563.33      703.67        0.00
     0     1      560.67      705.67        0.00
     0     1      557.33      707.00        0.00
     0     1      554.67      709.00        0.00
     0     1      551.33      711.00        0.00
     0     1      548.00      712.33        0.00
     0     1      545.33      714.33        0.00
     0     1      542.67      716.33        0.00
     0     1      540.00      719.00        0.00
     0     1      537.33      721.00        0.00
     0     1      534.67      723.00        0.00
     0     1      531.33      724.33        0.00
     0     1      528.67      726.33        0.00
     0     1      525.33      727.67        0.00
     0     1      522.67      729.67        0.00
     0     1      520.00      731.67        0.00
     0     1      516.67      732.33        0.00
     0     1      513.33      733.67        0.00
     0     1      510.00      735.00        0.00
     0     1      508.00      737.67        0.00
     0     1      505.33      739.67        0.00
     0     1      502.67      741.67        0.00
     0     1      500.00      743.67        0.00
     0     1      497.33      746.33        0.00
     0     1      495.33      749.00        0.00
     0     1      493.33      751.67        0.00
     0     1      491.33      754.33        0.00
     0     1      488.67      756.33        0.00
     0     1      486.67      759.00        0.00
     0     1      484.00      761.67        0.00
     0     1      481.33      763.67        0.00
     0     1      478.67      765.67        0.00
     0     1      475.33      767.67        0.00
     0     1      472.00      769.67        0.00
     0     1      468.67      771.00        0.00
     0     1      465.33      772.33        0.00
     0     1      462.67      774.33        0.00
     0     1      460.00      776.33        0.00
     0     1      457.33      778.33        0.00
     0     1      454.67      780.33        0.00
     0     1      452.67      783.00        0.00
     0     1      449.33      785.00        0.00
     0     1      446.67      787.00        0.00
     0     1      444.00      789.00        0.00
     0     1      441.33      791.00        0.00
     0     1      438.67      793.00        0.00
     0     1      436.00      795.00        0.00
     0     1      432.67      796.33        0.00
     0     1      429.33      797.67        0.00
     0     1      426.00      798.33        0.00
     0     1      422.67      798.33        0.00
     0     1      419.33      799.00        0.00
     0     1      416.00      799.67        0.00
     0     1      412.67      800.33        0.00
     0     1      409.33      801.00        0.00
     0     1      406.00      802.33        0.00
     0     2      109.33     1032.00        0.00
     0     2      112.67     1030.67        0.00
     0     2      115.33     1028.67        0.00
     0     2      117.33     1026.00        0.00
     0     2      120.00     1023.33        0.00
     0     2      122.67     1021.33        0.00
     0     2      126.00     1019.33        0.00
     0     2      128.67     1017.33        0.00
     0     2      132.00     1015.33        0.00
     0     2      134.67     1013.33        0.00
     0     2      137.33     1011.33        0.00
     0     2      140.00     1009.33        0.00
     0     2      142.67     1006.67        0.00
     0     2      145.33     1004.67        0.00
     0     2      147.33     1002.00        0.00
     0     2      150.00     1000.00        0.00
     0     2      153.33      998.00        0.00
     0     2      156.00      996.00        0.00
     0     2      158.67      993.33        0.00
     0     2      161.33      991.33        0.00
     0     2      164.00      989.33        0.00
     0     2      166.67      987.33        0.00
     0     2      169.33      985.33        0.00
     0     2      172.00      983.33        0.00
     0     2      174.67      981.33        0.00
     0     2      177.33      978.67        0.00
     0     2      180.00      976.67        0.00
     0     2      182.67      974.00        0.00
     0     2      185.33      972.00        0.00
     0     2      188.00      969.33        0.00
     0     2      190.67      966.67        0.00
     0     2      192.67      964.00        0.00
     0     2      194.67      961.33        0.00
     0     2      196.67      958.67        0.00
     0     2      198.67      956.00        0.00
     0     2      200.67      953.33        0.00
     0     2      203.33      951.33        0.00
     0     2      205.33      948.67        0.00
     0     2      207.33      946.00        0.00
     0     2      210.00      944.00        0.00
     0     2      212.00      941.33        0.00
     0     2      214.00      938.67        0.00
     0     2      216.00      936.00        0.00
     0     2      218.00      932.67        0.00
     0     2      220.00      929.33        0.00
     0     2      222.00      926.67        0.00
     0     2      224.00      924.00        0.00
     0     2      226.67      921.33        0.00
     0     2      229.33      918.67        0.00
     0     2      232.00      916.67        0.00
     0     2      234.67      914.67        0.00
     0     2      237.33      912.00        0.00
     0     2      240.00      909.33        0.00
     0     2      242.67      907.33        0.00
     0     2      245.33      905.33        0.00
     0     2      249.33      902.67        0.00
     0     2      252.00      900.00        0.00
     0     2      254.67      897.33        0.00
     0     2      258.00      895.33        0.00
     0     2      260.67      892.67        0.00
     0     2      262.67      889.33        0.00
     0     2      264.67      886.67        0.00
     0     2      266.67      884.00        0.00
     0     2      268.00      880.67        0.00
     0     2      270.00      877.33        0.00
     0     2      271.33      874.00        0.00
     0     2      272.67      870.67        0.00
     0     2      274.00      867.33        0.00
     0     2      276.00      864.00        0.00
     0     2      277.33      860.67        0.00
     0     2      278.67      857.33        0.00
     0     2      280.00      854.00        0.00
     0     2      281.33      850.67        0.00
     0     2      282.00      847.33        0.00
     0     2      282.67      844.00        0.00
     0     2      283.33      840.67        0.00
     0     2      284.00      837.33        0.00
     0     2      285.33      834.00        0.00
     0     2      285.33      830.67        0.00
     0     2      285.33      827.33        0.00
     0     2      285.33      824.00        0.00
     0     2      285.33      820.67        0.00
     0     2      284.67      817.33        0.00
     0     2      283.33      814.00        0.00
     0     2      282.67      810.67        0.00
     0     2      281.33      807.33        0.00
     0     2      279.33      804.67        0.00
     0     2      277.33      801.33        0.00
     0     2      274.67      798.67        0.00
     0     2      272.67      796.00        0.00
     0     2      270.67      793.33        0.00
     0     2      268.00      790.00        0.00
     0     2      265.33      787.33        0.00
     0     2      262.67      785.33        0.00
     0     2      260.00      783.33        0.00
     0     2      257.33      781.33        0.00
     0     2      254.67      778.00        0.00
     0     2      250.67      775.33        0.00
     0     2      246.00      772.00        0.00
     0     2      242.67      770.00        0.00
     0     2      240.00      768.00        0.00
     0     2      236.67      766.67        0.00
     0     2      234.00      764.67        0.00
     0     2      230.67      763.33        0.00
     0     2      227.33      762.00        0.00
     0     2      224.00      760.67        0.00
     0     2      220.67      759.33        0.00
     0     2      217.33      758.00        0.00
     0     2      214.00      757.33        0.00
     0     2      210.67      756.67        0.00
     0     2      207.33      756.67        0.00
     0     2      204.00      758.00        0.00
     0     2      200.67      759.33        0.00
     0     2      197.33      760.00        0.00
     0     2      194.00      761.33        0.00
     0     2      190.67      763.33        0.00
     0     2      187.33      764.00        0.00
     0     2      184.00      766.00        0.00
     0     2      180.67      768.00        0.00
     0     2      178.00      770.00        0.00
     0     2      175.33      772.67        0.00
     0     2      173.33      776.00        0.00
     0     2      171.33      778.67        0.00
     0     2      168.00      780.67        0.00
     0     2      165.33      783.33        0.00
     0     2      163.33      786.00        0.00
     0     2      160.67      788.67        0.00
     0     2      158.67      791.33        0.00
     0     2      156.00      793.33        0.00
     0     2      153.33      796.00        0.00
     0     2      150.67      798.00        0.00
     0     2      147.33      800.00        0.00
     0     2      144.67      802.00        0.00
     0     2      141.33      804.00        0.00
     0     2      138.67      806.00        0.00
     0     2      135.33      808.00        0.00
     0     2      132.00      809.33        0.00
     0     2      129.33      812.00        0.00
     0     2      126.67      814.67        0.00
     0     2      124.00      817.33        0.00
     0     2      122.67      820.67        0.00
     0     2      121.33      824.00        0.00
     0     2      119.33      826.67        0.00
     0     2      118.00      830.00        0.00
     0     2      116.67      833.33        0.00
     0     2      115.33      836.67        0.00
     0     2      114.00      840.00        0.00
     0     2      112.67      843.33        0.00
     0     2      112.00      846.67        0.00
     0     2      110.67      850.00        0.00
     0     2      108.67      852.67        0.00
     0     2      108.00      856.00        0.00
     0     2      106.00      858.67        0.00
     0     2      104.67      862.00        0.00
     0     2      102.67      864.67        0.00
     0     2      100.67      868.00        0.00
     0     2       98.67      870.67        0.00
     0     2       96.67      873.33        0.00
     0     2       94.67      876.00        0.00
     0     2       92.00      878.00        0.00
     0     2       90.00      880.67        0.00
     0     2       87.33      882.67        0.00
     0     2       84.67      884.67        0.00
     0     2       82.00      886.67        0.00
     0     2       79.33      888.67        0.00
     0     2       76.67      890.67        0.00
     0     2       74.00      892.67        0.00
     0     2       71.33      895.33        0.00
     0     2       68.67      898.00        0.00
     0     2       66.67      900.67        0.00
     0     2       64.67      903.33        0.00
     0     2       62.67      906.00        0.00
     0     2       60.00      908.00        0.00
     0     2       57.33      910.67        0.00
     0     2       54.67      912.67        0.00
     0     2       51.33      914.67        0.00
     0     2       48.67      916.67        0.00
     0     2       46.00      918.67        0.00
     0     2       42.67      920.67        0.00
     0     2       39.33      922.00        0.00
     0     2       36.00      922.67        0.00
     0     2       32.67      924.00        0.00
     0     2       29.33      926.00        0.00
     0     2       26.00      927.33        0.00
     0     2       22.67      928.00        0.00
     0     2       19.33      929.33        0.00
     0     2       16.00      931.33        0.00
     0     2       13.33      933.33        0.00
     0     2       10.67      935.33        0.00
     0     2        8.00      937.33        0.00
     0     2        6.00      940.00        0.00
     0     2        4.00      942.67        0.00
     0     2        2.00      945.33        0.00
     0     2       -0.67      947.33        0.00
     0     2        3.33     1030.67        0.00
     1     0      306.67      796.00        0.00
     1     0      303.33      797.33        0.00
     1     0      300.00      797.33        0.00
     1     0      296.67      795.33        0.00
     1     0      295.33      792.00        0.00
     1     0      294.67      788.67        0.00
     1     0      295.33      785.33        0.00
     1     0      296.00      782.00        0.00
     1     0      298.67      779.33        0.00
     1     0      301.33      777.33        0.00
     1     0      304.67      777.33        0.00
     1     0      308.00      778.00        0.00
     1     0      311.33      779.33        0.00
     1     0      314.00      782.00        0.00
     1     0      315.33      785.33        0.00
     1     0      316.00      788.67        0.00
     1     0      310.67      794.67        0.00
     1     1      344.00      596.00        0.00
     1     1      343.33      602.00        0.00
     1     1      341.33      604.67        0.00
     1     1      338.00      606.00        0.00
     1     1      334.67      607.33        0.00
     1     1      331.33      608.00        0.00
     1     1      328.00      606.00        0.00
     1     1      326.67      602.67        0.00
     1     1      326.00      599.33        0.00
     1     1      326.00      596.00        0.00
     1     1      326.67      592.67        0.00
     1     1      328.00      589.33        0.00
     1     1      329.33      586.00        0.00
     1     1      332.67      584.67        0.00
     1     1      336.00      584.67        0.00
     1     1      338.67      586.67        0.00
     1     2      513.33      744.00        0.00
     1     2      517.33      746.00        0.00
     1     2      519.33      748.67        0.00
     1     2      520.00      752.00        0.00
     1     2      520.00      755.33        0.00
     1     2      518.00      758.67        0.00
     1     2      515.33      760.67        0.00
     1     2      512.00      762.67        0.00
     1     2      508.67      763.33        0.00
     1     2      505.33      763.33        0.00
     1     2      502.00      761.33        0.00
     1     2      500.00      758.00        0.00
     1     2      499.33      754.67        0.00
     1     2      499.33      751.33        0.00
     1     2      499.33      748.00        0.00
     1     2      500.00      744.67        0.00
     1     2      503.33      743.33        0.00
     1     2      506.67      742.67        0.00
     1     3      480.67      532.33        0.00
     1     3      481.33      535.67        0.00
     1     3      479.33      538.33        0.00
     1     3      477.33      541.00        0.00
     1     3      474.67      543.00        0.00
     1     3      471.33      543.67        0.00
     1     3      468.00      543.67        0.00
     1     3      464.67      543.67        0.00
     1     3      461.33      543.00        0.00
     1     3      458.67      541.00        0.00
     1     3      458.67      537.67        0.00
     1     3      458.67      534.33        0.00
     1     3      460.67      531.67        0.00
     1     3      462.67      529.00        0.00
     1     3      466.00      527.67        0.00
     1     3      469.33      526.33        0.00
     1     3      472.67      525.67        0.00
     1     3      476.00      525.67        0.00
     1     4     1124.33      721.33        0.00
     1     4     1126.33      724.00        0.00
     1     4     1128.33      726.67        0.00
     1     4     1129.67      730.00        0.00
     1     4     1129.00      733.33        0.00
     1     4     1126.33      735.33        0.00
     1     4     1123.67      738.00        0.00
     1     4     1121.67      740.67        0.00
     1     4     1119.00      742.67        0.00
     1     4     1115.67      744.67        0.00
     1     4     1112.33      745.33        0.00
     1     4     1109.00      743.33        0.00
     1     4     1107.00      740.00        0.00
     1     4     1107.00      736.67        0.00
     1     4     1107.00      733.33        0.00
     1     4     1105.67      730.00        0.00
     1     4     1105.67      726.67        0.00
     1     4     1107.00      723.33        0.00
     1     4     1109.00      720.67        0.00
     1     4     1111.67      718.67        0.00
     1     4     1114.33      716.67        0.00
     1     5     1225.33      475.33        0.00
     1     5     1224.00      478.67        0.00
     1     5     1220.67      479.33        0.00
     1     5     1218.00      477.33        0.00
     1     5     1215.33      475.33        0.00
     1     5     1214.67      472.00        0.00
     1     5     1214.67      468.67        0.00
     1     5     1217.33      466.67        0.00
     1     5     1220.67      466.67        0.00
     1     5     1223.33      468.67        0.00
     1     6     1008.67      615.67        0.00
     1     6     1006.67      618.33        0.00
     1     6     1003.33      619.00        0.00
     1     6     1000.00      619.67        0.00
     1     6      996.67      618.33        0.00
     1     6      994.00      616.33        0.00
     1     6      993.33      613.00        0.00
     1     6      994.00      609.67        0.00
     1     6      995.33      606.33        0.00
     1     6      998.00      604.33        0.00
     1     6     1001.33      603.67        0.00
     1     6     1004.67      603.67        0.00
     1     6     1008.00      604.33        0.00
     1     6     1010.67      606.33        0.00
     1     6     1012.00      609.67        0.00
