     0     0     1109.00      644.00        0.00
     0     0     1101.00      640.00        0.00
     0     0     1090.00      639.00        0.00
     0     0     1084.00      638.00        0.00
     0     0     1079.00      637.00        0.00
     0     0     1073.00      636.00        0.00
     0     0     1069.00      635.00        0.00
     0     0     1064.00      634.00        0.00
     0     0     1057.00      632.00        0.00
     0     0     1052.00      630.00        0.00
     0     0     1048.00      629.00        0.00
     0     0     1043.00      628.00        0.00
     0     0     1039.00      626.00        0.00
     0     0     1035.00      624.00        0.00
     0     0     1029.00      621.00        0.00
     0     0     1025.00      619.00        0.00
     0     0     1021.00      617.00        0.00
     0     0     1017.00      615.00        0.00
     0     0     1015.00      612.00        0.00
     0     0     1012.00      609.00        0.00
     0     0     1007.00      607.00        0.00
     0     0     1001.00      605.00        0.00
     0     0      997.00      603.00        0.00
     0     0      992.00      601.00        0.00
     0     0      988.00      599.00        0.00
     0     0      984.00      598.00        0.00
     0     0      979.00      596.00        0.00
     0     0      974.00      593.00        0.00
     0     0      969.00      591.00        0.00
     0     0      965.00      589.00        0.00
     0     0      959.00      586.00        0.00
     0     0      955.00      584.00        0.00
     0     0      948.00      581.00        0.00
     0     0      940.00      578.00        0.00
     0     0      933.00      574.00        0.00
     0     0      927.00      572.00        0.00
     0     0      919.00      568.00        0.00
     0     0      913.00      566.00        0.00
     0     0      906.00      563.00        0.00
     0     0      900.00      560.00        0.00
     0     0      894.00      557.00        0.00
     0     0      887.00      553.00        0.00
     0     0      880.00      550.00        0.00
     0     0      874.00      548.00        0.00
     0     0      868.00      545.00        0.00
     0     0      861.00      541.00        0.00
     0     0      855.00      538.00        0.00
     0     0      849.00      534.00        0.00
     0     0      843.00      531.00        0.00
     0     0      836.00      527.00        0.00
     0     0      830.00      524.00        0.00
     0     0      823.00      519.00        0.00
     0     0      817.00      515.00        0.00
     0     0      811.00      511.00        0.00
     0     0      804.00      507.00        0.00
     0     0      797.00      503.00        0.00
     0     0      788.00      498.00        0.00
     0     0      782.00      495.00        0.00
     0     0      776.00      491.00        0.00
     0     0      768.00      487.00        0.00
     0     0      763.00      485.00        0.00
     0     0      758.00      482.00        0.00
     0     0      753.00      479.00        0.00
     0     0      747.00      476.00        0.00
     0     0      742.00      473.00        0.00
     0     0      735.00      469.00        0.00
     0     0      730.00      465.00        0.00
     0     0      724.00      462.00        0.00
     0     0      718.00      459.00        0.00
     0     0      714.00      456.00        0.00
     0     0      707.00      452.00        0.00
     0     0      703.00      449.00        0.00
     0     0      699.00      444.00        0.00
     0     0      695.00      441.00        0.00
     0     0      692.00      436.00        0.00
     0     0      692.00      432.00        0.00
     0     0      691.00      429.00        0.00
     0     0      691.00      425.00        0.00
     0     0      692.00      421.00        0.00
     0     0      693.00      418.00        0.00
     0     0      694.00      414.00        0.00
     0     0      695.00      411.00        0.00
     0     0      696.00      407.00        0.00
     0     0      698.00      404.00        0.00
     0     0      700.00      401.00        0.00
     0     0      702.00      398.00        0.00
     0     0      703.00      395.00        0.00
     0     0      704.00      390.00        0.00
     0     0      707.00      387.00        0.00
     0     0      710.00      384.00        0.00
     0     0      713.00      380.00        0.00
     0     0      716.00      378.00        0.00
     0     0      720.00      375.00        0.00
     0     0      724.00      372.00        0.00
     0     0      727.00      369.00        0.00
     0     0      729.00      365.00        0.00
     0     0      733.00      361.00        0.00
     0     0      735.00      358.00        0.00
     0     0      739.00      355.00        0.00
     0     0      743.00      350.00        0.00
     0     0      747.00      348.00        0.00
     0     0      750.00      344.00        0.00
     0     0      754.00      341.00        0.00
     0     0      758.00      337.00        0.00
     0     0      761.00      334.00        0.00
     0     0      766.00      330.00        0.00
     0     0      771.00      327.00        0.00
     0     0      776.00      325.00        0.00
     0     0      782.00      322.00        0.00
     0     0      787.00      320.00        0.00
     0     0      794.00      318.00        0.00
     0     0      805.00      316.00        0.00
     0     0      814.00      314.00        0.00
     0     0      820.00      312.00        0.00
     0     0      828.00      311.00        0.00
     0     0      839.00      311.00        0.00
     0     0      844.00      311.00        0.00
     0     0      851.00      311.00        0.00
     0     0      855.00      311.00        0.00
     0     0      860.00      311.00        0.00
     0     0      864.00      312.00        0.00
     0     0      869.00      315.00        0.00
     0     0      874.00      316.00        0.00
     0     0      878.00      316.00        0.00
     0     0      882.00      318.00        0.00
     0     0      888.00      320.00        0.00
     0     0      893.00      322.00        0.00
     0     0      898.00      323.00        0.00
     0     0      904.00      325.00        0.00
     0     0      911.00      326.00        0.00
     0     0      917.00      327.00        0.00
     0     0      924.00      329.00        0.00
     0     0      930.00      332.00        0.00
     0     0      934.00      333.00        0.00
     0     0      939.00      335.00        0.00
     0     0      947.00      339.00        0.00
     0     0      952.00      342.00        0.00
     0     0      958.00      346.00        0.00
     0     0      963.00      349.00        0.00
     0     0      968.00      350.00        0.00
     0     0      972.00      351.00        0.00
     0     0      976.00      354.00        0.00
     0     0      979.00      356.00        0.00
     0     0      983.00      360.00        0.00
     0     0      987.00      362.00        0.00
     0     0      992.00      366.00        0.00
     0     0     1001.00      370.00        0.00
     0     0     1007.00      373.00        0.00
     0     0     1013.00      376.00        0.00
     0     0     1021.00      379.00        0.00
     0     0     1028.00      382.00        0.00
     0     0     1034.00      385.00        0.00
     0     0     1039.00      389.00        0.00
     0     0     1044.00      392.00        0.00
     0     0     1048.00      396.00        0.00
     0     0     1052.00      399.00        0.00
     0     0     1057.00      402.00        0.00
     0     0     1062.00      406.00        0.00
     0     0     1066.00      408.00        0.00
     0     0     1070.00      410.00        0.00
     0     0     1074.00      413.00        0.00
     0     0     1079.00      416.00        0.00
     0     0     1085.00      419.00        0.00
     0     0     1089.00      421.00        0.00
     0     0     1096.00      424.00        0.00
     0     0     1100.00      427.00        0.00
     0     0     1105.00      429.00        0.00
     0     0     1108.00      431.00        0.00
     0     0     1114.00      434.00        0.00
     0     0     1118.00      437.00        0.00
     0     0     1123.00      441.00        0.00
     0     0     1127.00      445.00        0.00
     0     0     1130.00      448.00        0.00
     0     0     1135.00      452.00        0.00
     0     0     1139.00      457.00        0.00
     0     0     1142.00      460.00        0.00
     0     0     1147.00      463.00        0.00
     0     0     1152.00      467.00        0.00
     0     0     1155.00      469.00        0.00
     0     0     1159.00      472.00        0.00
     0     0     1166.00      475.00        0.00
     0     0     1169.00      477.00        0.00
     0     0     1174.00      481.00        0.00
     0     0     1178.00      484.00        0.00
     0     0     1180.00      487.00        0.00
     0     0     1183.00      491.00        0.00
     0     0     1186.00      496.00        0.00
     0     0     1188.00      501.00        0.00
     0     0     1189.00      506.00        0.00
     0     0     1190.00      511.00        0.00
     0     0     1191.00      515.00        0.00
     0     0     1193.00      522.00        0.00
     0     0     1195.00      528.00        0.00
     0     0     1196.00      532.00        0.00
     0     0     1197.00      537.00        0.00
     0     0     1198.00      543.00        0.00
     0     0     1200.00      548.00        0.00
     0     0     1201.00      552.00        0.00
     0     0     1201.00      557.00        0.00
     0     0     1200.00      561.00        0.00
     0     0     1199.00      565.00        0.00
     0     0     1198.00      569.00        0.00
     0     0     1195.00      572.00        0.00
     0     0     1192.00      576.00        0.00
     0     0     1190.00      579.00        0.00
     0     0     1187.00      581.00        0.00
     0     0     1184.00      585.00        0.00
     0     0     1181.00      588.00        0.00
     0     0     1179.00      591.00        0.00
     0     0     1176.00      595.00        0.00
     0     0     1172.00      598.00        0.00
     0     0     1168.00      601.00        0.00
     0     0     1165.00      604.00        0.00
     0     0     1162.00      606.00        0.00
     0     0     1158.00      607.00        0.00
     0     0     1154.00      609.00        0.00
     0     0     1151.00      611.00        0.00
     0     0     1148.00      614.00        0.00
     0     0     1144.00      616.00        0.00
     0     0     1141.00      619.00        0.00
     0     0     1139.00      623.00        0.00
     0     0     1135.00      625.00        0.00
     0     1      802.00     1028.00        0.00
     0     1      792.00     1024.00        0.00
     0     1      788.00     1023.00        0.00
     0     1      784.00     1021.00        0.00
     0     1      780.00     1019.00        0.00
     0     1      775.00     1016.00        0.00
     0     1      772.00     1014.00        0.00
     0     1      767.00     1012.00        0.00
     0     1      764.00     1010.00        0.00
     0     1      761.00     1008.00        0.00
     0     1      756.00     1006.00        0.00
     0     1      751.00     1005.00        0.00
     0     1      744.00     1003.00        0.00
     0     1      739.00     1002.00        0.00
     0     1      732.00     1000.00        0.00
     0     1      727.00      999.00        0.00
     0     1      719.00      997.00        0.00
     0     1      713.00      996.00        0.00
     0     1      707.00      995.00        0.00
     0     1      700.00      993.00        0.00
     0     1      693.00      992.00        0.00
     0     1      686.00      990.00        0.00
     0     1      679.00      988.00        0.00
     0     1      673.00      986.00        0.00
     0     1      668.00      985.00        0.00
     0     1      663.00      984.00        0.00
     0     1      658.00      984.00        0.00
     0     1      651.00      984.00        0.00
     0     1      645.00      983.00        0.00
     0     1      639.00      983.00        0.00
     0     1      633.00      983.00        0.00
     0     1      629.00      983.00        0.00
     0     1      625.00      983.00        0.00
     0     1      619.00      983.00        0.00
     0     1      615.00      983.00        0.00
     0     1      610.00      984.00        0.00
     0     1      605.00      984.00        0.00
     0     1      601.00      985.00        0.00
     0     1      593.00      985.00        0.00
     0     1      588.00      985.00        0.00
     0     1      581.00      985.00        0.00
     0     1      575.00      985.00        0.00
     0     1      569.00      984.00        0.00
     0     1      565.00      982.00        0.00
     0     1      560.00      981.00        0.00
     0     1      556.00      980.00        0.00
     0     1      550.00      980.00        0.00
     0     1      545.00      979.00        0.00
     0     1      540.00      977.00        0.00
     0     1      535.00      975.00        0.00
     0     1      531.00      973.00        0.00
     0     1      527.00      970.00        0.00
     0     1      523.00      968.00        0.00
     0     1      520.00      966.00        0.00
     0     1      516.00      964.00        0.00
     0     1      510.00      962.00        0.00
     0     1      507.00      961.00        0.00
     0     1      502.00      959.00        0.00
     0     1      498.00      958.00        0.00
     0     1      493.00      957.00        0.00
     0     1      487.00      955.00        0.00
     0     1      483.00      954.00        0.00
     0     1      479.00      951.00        0.00
     0     1      475.00      949.00        0.00
     0     1      472.00      948.00        0.00
     0     1      467.00      945.00        0.00
     0     1      463.00      943.00        0.00
     0     1      458.00      942.00        0.00
     0     1      451.00      939.00        0.00
     0     1      445.00      938.00        0.00
     0     1      437.00      935.00        0.00
     0     1      432.00      932.00        0.00
     0     1      428.00      931.00        0.00
     0     1      424.00      929.00        0.00
     0     1      421.00      928.00        0.00
     0     1      417.00      926.00        0.00
     0     1      412.00      924.00        0.00
     0     1      408.00      923.00        0.00
     0     1      403.00      921.00        0.00
     0     1      399.00      919.00        0.00
     0     1      395.00      917.00        0.00
     0     1      390.00      914.00        0.00
     0     1      385.00      912.00        0.00
     0     1      381.00      911.00        0.00
     0     1      378.00      909.00        0.00
     0     1      375.00      908.00        0.00
     0     1      372.00      906.00        0.00
     0     1      369.00      904.00        0.00
     0     1      366.00      903.00        0.00
     0     1      363.00      902.00        0.00
     0     1      360.00      900.00        0.00
     0     1      356.00      897.00        0.00
     0     1      353.00      895.00        0.00
     0     1      351.00      892.00        0.00
     0     1      350.00      887.00        0.00
     0     1      350.00      883.00        0.00
     0     1      350.00      879.00        0.00
     0     1      350.00      874.00        0.00
     0     1      350.00      870.00        0.00
     0     1      350.00      866.00        0.00
     0     1      350.00      861.00        0.00
     0     1      350.00      857.00        0.00
     0     1      351.00      853.00        0.00
     0     1      352.00      848.00        0.00
     0     1      354.00      841.00        0.00
     0     1      355.00      835.00        0.00
     0     1      358.00      832.00        0.00
     0     1      361.00      828.00        0.00
     0     1      363.00      825.00        0.00
     0     1      365.00      822.00        0.00
     0     1      367.00      819.00        0.00
     0     1      370.00      814.00        0.00
     0     1      373.00      810.00        0.00
     0     1      375.00      806.00        0.00
     0     1      378.00      802.00        0.00
     0     1      381.00      797.00        0.00
     0     1      384.00      794.00        0.00
     0     1      386.00      791.00        0.00
     0     1      389.00      788.00        0.00
     0     1      391.00      784.00        0.00
     0     1      393.00      781.00        0.00
     0     1      396.00      777.00        0.00
     0     1      400.00      771.00        0.00
     0     1      403.00      767.00        0.00
     0     1      408.00      763.00        0.00
     0     1      411.00      759.00        0.00
     0     1      414.00      756.00        0.00
     0     1      417.00      753.00        0.00
     0     1      420.00      750.00        0.00
     0     1      423.00      746.00        0.00
     0     1      427.00      741.00        0.00
     0     1      430.00      738.00        0.00
     0     1      432.00      734.00        0.00
     0     1      435.00      730.00        0.00
     0     1      438.00      726.00        0.00
     0     1      441.00      723.00        0.00
     0     1      444.00      719.00        0.00
     0     1      449.00      715.00        0.00
     0     1      452.00      712.00        0.00
     0     1      455.00      709.00        0.00
     0     1      460.00      706.00        0.00
     0     1      463.00      704.00        0.00
     0     1      467.00      700.00        0.00
     0     1      470.00      697.00        0.00
     0     1      473.00      692.00        0.00
     0     1      475.00      689.00        0.00
     0     1      478.00      685.00        0.00
     0     1      481.00      682.00        0.00
     0     1      485.00      679.00        0.00
     0     1      489.00      676.00        0.00
     0     1      493.00      674.00        0.00
     0     1      498.00      672.00        0.00
     0     1      502.00      671.00        0.00
     0     1      506.00      671.00        0.00
     0     1      510.00      672.00        0.00
     0     1      515.00      672.00        0.00
     0     1      519.00      673.00        0.00
     0     1      523.00      673.00        0.00
     0     1      528.00      675.00        0.00
     0     1      532.00      677.00        0.00
     0     1      537.00      679.00        0.00
     0     1      542.00      680.00        0.00
     0     1      547.00      681.00        0.00
     0     1      552.00      682.00        0.00
     0     1      557.00      683.00        0.00
     0     1      562.00      684.00        0.00
     0     1      567.00      685.00        0.00
     0     1      574.00      687.00        0.00
     0     1      581.00      689.00        0.00
     0     1      590.00      692.00        0.00
     0     1      594.00      694.00        0.00
     0     1      599.00      697.00        0.00
     0     1      603.00      700.00        0.00
     0     1      609.00      704.00        0.00
     0     1      613.00      707.00        0.00
     0     1      616.00      710.00        0.00
     0     1      622.00      715.00        0.00
     0     1      626.00      719.00        0.00
     0     1      631.00      723.00        0.00
     0     1      639.00      728.00        0.00
     0     1      643.00      731.00        0.00
     0     1      647.00      734.00        0.00
     0     1      653.00      739.00        0.00
     0     1      658.00      742.00        0.00
     0     1      664.00      745.00        0.00
     0     1      670.00      748.00        0.00
     0     1      675.00      752.00        0.00
     0     1      682.00      757.00        0.00
     0     1      688.00      761.00        0.00
     0     1      692.00      765.00        0.00
     0     1      699.00      770.00        0.00
     0     1      703.00      772.00        0.00
     0     1      708.00      776.00        0.00
     0     1      714.00      780.00        0.00
     0     1      719.00      783.00        0.00
     0     1      724.00      787.00        0.00
     0     1      729.00      790.00        0.00
     0     1      734.00      793.00        0.00
     0     1      740.00      795.00        0.00
     0     1      745.00      797.00        0.00
     0     1      752.00      800.00        0.00
     0     1      760.00      803.00        0.00
     0     1      767.00      806.00        0.00
     0     1      774.00      808.00        0.00
     0     1      779.00      809.00        0.00
     0     1      787.00      812.00        0.00
     0     1      796.00      815.00        0.00
     0     1      803.00      817.00        0.00
     0     1      812.00      819.00        0.00
     0     1      819.00      822.00        0.00
     0     1      827.00      824.00        0.00
     0     1      835.00      826.00        0.00
     0     1      842.00      828.00        0.00
     0     1      849.00      830.00        0.00
     0     1      856.00      833.00        0.00
     0     1      863.00      836.00        0.00
     0     1      870.00      839.00        0.00
     0     1      875.00      842.00        0.00
     0     1      880.00      844.00        0.00
     0     1      886.00      846.00        0.00
     0     1      892.00      849.00        0.00
     0     1      896.00      852.00        0.00
     0     1      901.00      855.00        0.00
     0     1      904.00      858.00        0.00
     0     1      907.00      863.00        0.00
     0     1      909.00      868.00        0.00
     0     1      914.00      874.00        0.00
     0     1      918.00      879.00        0.00
     0     1      923.00      884.00        0.00
     0     1      928.00      888.00        0.00
     0     1      932.00      892.00        0.00
     0     1      937.00      895.00        0.00
     0     1      943.00      898.00        0.00
     0     1      948.00      902.00        0.00
     0     1      954.00      905.00        0.00
     0     1      959.00      908.00        0.00
     0     1      964.00      911.00        0.00
     0     1      971.00      914.00        0.00
     0     1      975.00      916.00        0.00
     0     1      978.00      918.00        0.00
     0     1      982.00      919.00        0.00
     0     1      987.00      921.00        0.00
     0     1      992.00      923.00        0.00
     0     1      997.00      925.00        0.00
     0     1     1003.00      925.00        0.00
     0     1     1007.00      926.00        0.00
     0     1     1012.00      926.00        0.00
     0     1     1019.00      927.00        0.00
     0     1     1024.00      928.00        0.00
     0     1     1028.00      929.00        0.00
     0     1     1032.00      930.00        0.00
     0     1     1038.00      932.00        0.00
     0     1     1043.00      934.00        0.00
     0     1     1047.00      935.00        0.00
     0     1     1051.00      936.00        0.00
     0     1     1055.00      937.00        0.00
     0     1     1058.00      940.00        0.00
     0     1     1059.00      943.00        0.00
     0     1     1108.00      958.00        0.00
     0     1     1117.00      964.00        0.00
     0     1     1122.00      966.00        0.00
     0     1     1127.00      968.00        0.00
     0     1     1136.00      970.00        0.00
     0     1     1142.00      972.00        0.00
     0     1     1148.00      975.00        0.00
     0     1     1154.00      977.00        0.00
     0     1     1160.00      979.00        0.00
     0     1     1165.00      982.00        0.00
     0     1     1172.00      985.00        0.00
     0     1     1176.00      987.00        0.00
     0     1     1181.00      989.00        0.00
     0     1     1188.00      992.00        0.00
     0     1     1192.00      994.00        0.00
     0     1     1198.00      997.00        0.00
     0     1     1202.00      999.00        0.00
     0     1     1207.00     1001.00        0.00
     0     1     1213.00     1002.00        0.00
     0     1     1219.00     1004.00        0.00
     0     1     1223.00     1005.00        0.00
     0     1     1226.00     1006.00        0.00
     0     1     1231.00     1007.00        0.00
     0     1     1234.00     1008.00        0.00
     0     1     1237.00     1010.00        0.00
     0     1     1240.00     1011.00        0.00
     0     1     1244.00     1013.00        0.00
     0     1     1247.00     1015.00        0.00
     0     1     1250.00     1018.00        0.00
     0     1     1253.00     1020.00        0.00
     0     1     1256.00     1023.00        0.00
     0     1     1259.00     1024.00        0.00
     0     1     1261.00     1027.00        0.00
     0     1     1264.00     1029.00        0.00
     0     2      300.00      848.00        0.00
     0     2      297.00      851.00        0.00
     0     2      294.00      855.00        0.00
     0     2      291.00      857.00        0.00
     0     2      288.00      859.00        0.00
     0     2      285.00      861.00        0.00
     0     2      282.00      863.00        0.00
     0     2      279.00      865.00        0.00
     0     2      276.00      866.00        0.00
     0     2      271.00      869.00        0.00
     0     2      267.00      871.00        0.00
     0     2      263.00      872.00        0.00
     0     2      258.00      874.00        0.00
     0     2      255.00      875.00        0.00
     0     2      252.00      876.00        0.00
     0     2      247.00      876.00        0.00
     0     2      242.00      876.00        0.00
     0     2      238.00      876.00        0.00
     0     2      233.00      876.00        0.00
     0     2      229.00      875.00        0.00
     0     2      226.00      874.00        0.00
     0     2      222.00      872.00        0.00
     0     2      218.00      871.00        0.00
     0     2      214.00      869.00        0.00
     0     2      210.00      867.00        0.00
     0     2      205.00      865.00        0.00
     0     2      202.00      864.00        0.00
     0     2      199.00      863.00        0.00
     0     2      195.00      862.00        0.00
     0     2      191.00      861.00        0.00
     0     2      186.00      860.00        0.00
     0     2      181.00      860.00        0.00
     0     2      178.00      858.00        0.00
     0     2      173.00      857.00        0.00
     0     2      168.00      855.00        0.00
     0     2      165.00      854.00        0.00
     0     2      161.00      852.00        0.00
     0     2      157.00      850.00        0.00
     0     2      154.00      849.00        0.00
     0     2      151.00      848.00        0.00
     0     2      147.00      846.00        0.00
     0     2      144.00      845.00        0.00
     0     2      140.00      843.00        0.00
     0     2      137.00      841.00        0.00
     0     2      133.00      839.00        0.00
     0     2      130.00      836.00        0.00
     0     2      127.00      834.00        0.00
     0     2      124.00      832.00        0.00
     0     2      121.00      830.00        0.00
     0     2      117.00      826.00        0.00
     0     2      114.00      824.00        0.00
     0     2      109.00      820.00        0.00
     0     2      105.00      817.00        0.00
     0     2      102.00      813.00        0.00
     0     2       98.00      808.00        0.00
     0     2       95.00      803.00        0.00
     0     2       93.00      799.00        0.00
     0     2       89.00      794.00        0.00
     0     2       87.00      789.00        0.00
     0     2       86.00      785.00        0.00
     0     2       84.00      781.00        0.00
     0     2       83.00      777.00        0.00
     0     2       82.00      772.00        0.00
     0     2       80.00      767.00        0.00
     0     2       78.00      763.00        0.00
     0     2       77.00      759.00        0.00
     0     2       76.00      755.00        0.00
     0     2       74.00      750.00        0.00
     0     2       73.00      747.00        0.00
     0     2       72.00      743.00        0.00
     0     2       71.00      740.00        0.00
     0     2       69.00      735.00        0.00
     0     2       68.00      731.00        0.00
     0     2       68.00      727.00        0.00
     0     2       67.00      724.00        0.00
     0     2       66.00      719.00        0.00
     0     2       66.00      714.00        0.00
     0     2       66.00      709.00        0.00
     0     2       66.00      701.00        0.00
     0     2       66.00      696.00        0.00
     0     2       67.00      692.00        0.00
     0     2       67.00      686.00        0.00
     0     2       68.00      681.00        0.00
     0     2       70.00      678.00        0.00
     0     2       71.00      675.00        0.00
     0     2       72.00      671.00        0.00
     0     2       74.00      668.00        0.00
     0     2       76.00      663.00        0.00
     0     2       78.00      660.00        0.00
     0     2       81.00      657.00        0.00
     0     2       83.00      653.00        0.00
     0     2       86.00      649.00        0.00
     0     2       87.00      646.00        0.00
     0     2       89.00      643.00        0.00
     0     2       90.00      640.00        0.00
     0     2       92.00      637.00        0.00
     0     2       94.00      633.00        0.00
     0     2       96.00      630.00        0.00
     0     2       98.00      626.00        0.00
     0     2      100.00      623.00        0.00
     0     2      102.00      619.00        0.00
     0     2      103.00      616.00        0.00
     0     2      105.00      613.00        0.00
     0     2      107.00      610.00        0.00
     0     2      108.00      607.00        0.00
     0     2      110.00      604.00        0.00
     0     2      111.00      601.00        0.00
     0     2      114.00      598.00        0.00
     0     2      116.00      595.00        0.00
     0     2      118.00      592.00        0.00
     0     2      121.00      589.00        0.00
     0     2      124.00      587.00        0.00
     0     2      127.00      584.00        0.00
     0     2      130.00      581.00        0.00
     0     2      133.00      578.00        0.00
     0     2      136.00      576.00        0.00
     0     2      138.00      573.00        0.00
     0     2      142.00      569.00        0.00
     0     2      145.00      566.00        0.00
     0     2      148.00      562.00        0.00
     0     2      150.00      559.00        0.00
     0     2      152.00      556.00        0.00
     0     2      154.00      552.00        0.00
     0     2      156.00      549.00        0.00
     0     2      157.00      546.00        0.00
     0     2      160.00      542.00        0.00
     0     2      162.00      539.00        0.00
     0     2      165.00      536.00        0.00
     0     2      168.00      534.00        0.00
     0     2      173.00      532.00        0.00
     0     2      176.00      530.00        0.00
     0     2      180.00      529.00        0.00
     0     2      184.00      527.00        0.00
     0     2      187.00      524.00        0.00
     0     2      191.00      523.00        0.00
     0     2      194.00      520.00        0.00
     0     2      197.00      517.00        0.00
     0     2      200.00      514.00        0.00
     0     2      202.00      511.00        0.00
     0     2      205.00      508.00        0.00
     0     2      208.00      504.00        0.00
     0     2      211.00      501.00        0.00
     0     2      214.00      499.00        0.00
     0     2      217.00      497.00        0.00
     0     2      221.00      494.00        0.00
     0     2      224.00      490.00        0.00
     0     2      227.00      488.00        0.00
     0     2      230.00      486.00        0.00
     0     2      233.00      483.00        0.00
     0     2      237.00      479.00        0.00
     0     2      240.00      476.00        0.00
     0     2      243.00      474.00        0.00
     0     2      246.00      472.00        0.00
     0     2      254.00      447.00        0.00
     0     2      255.00      443.00        0.00
     0     2      257.00      440.00        0.00
     0     2      260.00      438.00        0.00
     0     2      263.00      436.00        0.00
     0     2      265.00      433.00        0.00
     0     2      268.00      430.00        0.00
     0     2      269.00      427.00        0.00
     0     2      271.00      423.00        0.00
     0     2      272.00      420.00        0.00
     0     2      274.00      417.00        0.00
     0     2      276.00      413.00        0.00
     0     2      277.00      410.00        0.00
     0     2      279.00      407.00        0.00
     0     2      282.00      404.00        0.00
     0     2      283.00      401.00        0.00
     0     2      286.00      399.00        0.00
     0     2      288.00      395.00        0.00
     0     2      290.00      392.00        0.00
     0     2      292.00      388.00        0.00
     0     2      294.00      384.00        0.00
     0     2      297.00      380.00        0.00
     0     2      299.00      377.00        0.00
     0     2      302.00      375.00        0.00
     0     2      305.00      373.00        0.00
     0     2      308.00      370.00        0.00
     0     2      312.00      367.00        0.00
     0     2      315.00      364.00        0.00
     0     2      318.00      361.00        0.00
     0     2      321.00      358.00        0.00
     0     2      324.00      354.00        0.00
     0     2      327.00      352.00        0.00
     0     2      329.00      349.00        0.00
     0     2      333.00      346.00        0.00
     0     2      337.00      342.00        0.00
     0     2      340.00      339.00        0.00
     0     2      342.00      336.00        0.00
     0     2      345.00      333.00        0.00
     0     2      347.00      330.00        0.00
     0     2      348.00      327.00        0.00
     0     2      350.00      324.00        0.00
     0     2      351.00      321.00        0.00
     0     2      353.00      317.00        0.00
     0     2      356.00      314.00        0.00
     0     2      358.00      310.00        0.00
     0     2      360.00      307.00        0.00
     0     2      362.00      304.00        0.00
     0     2      365.00      302.00        0.00
     0     2      367.00      299.00        0.00
     0     2      370.00      297.00        0.00
     0     2      372.00      294.00        0.00
     0     2      375.00      292.00        0.00
     0     2      376.00      289.00        0.00
     0     2      379.00      286.00        0.00
     0     2      381.00      283.00        0.00
     0     2      384.00      280.00        0.00
     0     2      387.00      277.00        0.00
     0     2      389.00      274.00        0.00
     0     2      393.00      271.00        0.00
     0     2      395.00      268.00        0.00
     0     2      398.00      266.00        0.00
     0     2      400.00      263.00        0.00
     0     2      402.00      260.00        0.00
     0     2      404.00      257.00        0.00
     0     2      406.00      254.00        0.00
     0     2      408.00      251.00        0.00
     0     2      409.00      247.00        0.00
     0     2      410.00      244.00        0.00
     0     2      411.00      241.00        0.00
     0     2      413.00      238.00        0.00
     0     2      415.00      235.00        0.00
     0     2      418.00      233.00        0.00
     0     2      420.00      230.00        0.00
     0     2      423.00      228.00        0.00
     0     2      426.00      227.00        0.00
     0     2      431.00      226.00        0.00
     0     2      434.00      225.00        0.00
     0     2      438.00      224.00        0.00
     0     2      443.00      223.00        0.00
     0     2      447.00      222.00        0.00
     0     2      450.00      220.00        0.00
     0     2      453.00      218.00        0.00
     0     2      456.00      217.00        0.00
     0     2      460.00      216.00        0.00
     0     2      463.00      214.00        0.00
     0     2      468.00      211.00        0.00
     0     2      473.00      209.00        0.00
     0     2      478.00      206.00        0.00
     0     2      483.00      204.00        0.00
     0     2      488.00      201.00        0.00
     0     2      492.00      198.00        0.00
     0     2      496.00      196.00        0.00
     0     2      500.00      193.00        0.00
     0     2      505.00      192.00        0.00
     0     2      508.00      190.00        0.00
     0     2      512.00      187.00        0.00
     0     2      516.00      185.00        0.00
     0     2      521.00      183.00        0.00
     0     2      526.00      182.00        0.00
     0     2      532.00      181.00        0.00
     0     2      537.00      179.00        0.00
     0     2      542.00      178.00        0.00
     0     2      546.00      176.00        0.00
     0     2      552.00      175.00        0.00
     0     2      557.00      174.00        0.00
     0     2      562.00      172.00        0.00
     0     2      568.00      170.00        0.00
     0     2      575.00      168.00        0.00
     0     2      580.00      167.00        0.00
     0     2      587.00      165.00        0.00
     0     2      592.00      163.00        0.00
     0     2      598.00      160.00        0.00
     0     2      602.00      158.00        0.00
     0     2      607.00      156.00        0.00
     0     2      611.00      155.00        0.00
     0     2      618.00      152.00        0.00
     0     2      623.00      150.00        0.00
     0     2      628.00      147.00        0.00
     0     2      634.00      144.00        0.00
     0     2      637.00      142.00        0.00
     0     2      641.00      139.00        0.00
     0     2      645.00      136.00        0.00
     0     2      650.00      133.00        0.00
     0     2      654.00      132.00        0.00
     0     2      659.00      129.00        0.00
     0     2      663.00      127.00        0.00
     0     2      667.00      125.00        0.00
     0     2      672.00      122.00        0.00
     0     2      676.00      120.00        0.00
     0     2      681.00      118.00        0.00
     0     2      684.00      117.00        0.00
     0     2      689.00      114.00        0.00
     0     2      692.00      112.00        0.00
     0     2      697.00      110.00        0.00
     0     2      701.00      109.00        0.00
     0     2      704.00      107.00        0.00
     0     2      708.00      106.00        0.00
     0     2      711.00      104.00        0.00
     0     2      716.00      103.00        0.00
     0     2      721.00      103.00        0.00
     0     2      728.00      102.00        0.00
     0     2      735.00      101.00        0.00
     0     2      742.00      100.00        0.00
     0     2      748.00      100.00        0.00
     0     2      752.00       99.00        0.00
     0     2      758.00       98.00        0.00
     0     2      763.00       97.00        0.00
     0     2      767.00       96.00        0.00
     0     2      771.00       95.00        0.00
     0     2      776.00       95.00        0.00
     0     2      780.00       94.00        0.00
     0     2      785.00       94.00        0.00
     0     2      790.00       94.00        0.00
     0     2      795.00       94.00        0.00
     0     2      800.00       94.00        0.00
     0     2      804.00       94.00        0.00
     0     2      810.00       94.00        0.00
     0     2      815.00       94.00        0.00
     0     2      822.00       94.00        0.00
     0     2      826.00       94.00        0.00
     0     2      832.00       94.00        0.00
     0     2      838.00       94.00        0.00
     0     2      843.00       94.00        0.00
     0     2      848.00       94.00        0.00
     0     2      853.00       94.00        0.00
     0     2      857.00       94.00        0.00
     0     2      861.00       94.00        0.00
     0     2      864.00       93.00        0.00
     0     2      869.00       93.00        0.00
     0     2      873.00       93.00        0.00
     0     2      877.00       94.00        0.00
     0     2      881.00       95.00        0.00
     0     2      885.00       95.00        0.00
     0     2      888.00       97.00        0.00
     0     2      891.00      100.00        0.00
     0     2      895.00      103.00        0.00
     0     2      900.00      107.00        0.00
     0     2      904.00      109.00        0.00
     0     2      908.00      113.00        0.00
     0     2      912.00      116.00        0.00
     0     2      917.00      118.00        0.00
     0     2      921.00      120.00        0.00
     0     2      924.00      121.00        0.00
     0     2      927.00      123.00        0.00
     0     2      930.00      124.00        0.00
     0     2      933.00      128.00        0.00
     0     2      934.00      131.00        0.00
     0     2      934.00      135.00        0.00
     0     2      935.00      140.00        0.00
     0     2      936.00      144.00        0.00
     0     2      936.00      149.00        0.00
     0     2      937.00      153.00        0.00
     0     2      937.00      158.00        0.00
     0     2      936.00      163.00        0.00
     0     2      935.00      167.00        0.00
     0     2      935.00      172.00        0.00
     0     2      934.00      176.00        0.00
     0     2      933.00      182.00        0.00
     0     2      932.00      185.00        0.00
     0     2      931.00      188.00        0.00
     0     2      929.00      191.00        0.00
     0     2      928.00      194.00        0.00
     0     2      926.00      199.00        0.00
     0     2      924.00      202.00        0.00
     0     2      922.00      205.00        0.00
     0     2      920.00      209.00        0.00
     0     2      916.00      213.00        0.00
     0     2      913.00      216.00        0.00
     0     2      910.00      219.00        0.00
     0     2      907.00      221.00        0.00
     0     2      904.00      222.00        0.00
     0     2      901.00      225.00        0.00
     0     2      898.00      227.00        0.00
     0     2      894.00      229.00        0.00
     0     2      891.00      232.00        0.00
     0     2      888.00      235.00        0.00
     0     2      885.00      237.00        0.00
     0     2      882.00      240.00        0.00
     0     2      879.00      241.00        0.00
     0     2      876.00      243.00        0.00
     0     2      872.00      244.00        0.00
     0     2      869.00      245.00        0.00
     0     2      866.00      246.00        0.00
     0     2      862.00      247.00        0.00
     0     2      842.00      259.00        0.00
     0     2      837.00      263.00        0.00
     0     2      833.00      264.00        0.00
     0     2      828.00      265.00        0.00
     0     2      825.00      266.00        0.00
     0     2      821.00      267.00        0.00
     0     2      815.00      269.00        0.00
     0     2      810.00      271.00        0.00
     0     2      803.00      271.00        0.00
     0     2      797.00      273.00        0.00
     0     2      794.00      275.00        0.00
     0     2      791.00      276.00        0.00
     0     2      787.00      278.00        0.00
     0     2      784.00      280.00        0.00
     0     2      780.00      282.00        0.00
     0     2      776.00      284.00        0.00
     0     2      769.00      287.00        0.00
     0     2      763.00      289.00        0.00
     0     2      755.00      293.00        0.00
     0     2      750.00      295.00        0.00
     0     2      744.00      298.00        0.00
     0     2      740.00      299.00        0.00
     0     2      735.00      302.00        0.00
     0     2      728.00      305.00        0.00
     0     2      724.00      308.00        0.00
     0     2      717.00      312.00        0.00
     0     2      713.00      316.00        0.00
     0     2      708.00      320.00        0.00
     0     2      704.00      324.00        0.00
     0     2      700.00      329.00        0.00
     0     2      698.00      332.00        0.00
     0     2      695.00      335.00        0.00
     0     2      692.00      339.00        0.00
     0     2      689.00      341.00        0.00
     0     2      686.00      344.00        0.00
     0     2      683.00      347.00        0.00
     0     2      678.00      350.00        0.00
     0     2      674.00      353.00        0.00
     0     2      669.00      357.00        0.00
     0     2      665.00      361.00        0.00
     0     2      660.00      364.00        0.00
     0     2      653.00      368.00        0.00
     0     2      649.00      371.00        0.00
     0     2      643.00      374.00        0.00
     0     2      639.00      378.00        0.00
     0     2      633.00      382.00        0.00
     0     2      629.00      385.00        0.00
     0     2      625.00      390.00        0.00
     0     2      621.00      393.00        0.00
     0     2      617.00      397.00        0.00
     0     2      613.00      400.00        0.00
     0     2      609.00      403.00        0.00
     0     2      606.00      406.00        0.00
     0     2      602.00      410.00        0.00
     0     2      599.00      413.00        0.00
     0     2      595.00      417.00        0.00
     0     2      590.00      421.00        0.00
     0     2      586.00      425.00        0.00
     0     2      581.00      429.00        0.00
     0     2      578.00      431.00        0.00
     0     2      573.00      434.00        0.00
     0     2      569.00      436.00        0.00
     0     2      564.00      438.00        0.00
     0     2      560.00      440.00        0.00
     0     2      557.00      443.00        0.00
     0     2      554.00      445.00        0.00
     0     2      551.00      447.00        0.00
     0     2      548.00      450.00        0.00
     0     2      545.00      452.00        0.00
     0     2      541.00      456.00        0.00
     0     2      539.00      459.00        0.00
     0     2      535.00      462.00        0.00
     0     2      532.00      465.00        0.00
     0     2      528.00      470.00        0.00
     0     2      525.00      473.00        0.00
     0     2      521.00      476.00        0.00
     0     2      515.00      480.00        0.00
     0     2      510.00      483.00        0.00
     0     2      503.00      487.00        0.00
     0     2      499.00      490.00        0.00
     0     2      495.00      493.00        0.00
     0     2      490.00      496.00        0.00
     0     2      485.00      498.00        0.00
     0     2      482.00      499.00        0.00
     0     2      478.00      500.00        0.00
     0     2      473.00      502.00        0.00
     0     2      469.00      503.00        0.00
     0     2      465.00      505.00        0.00
     0     2      462.00      507.00        0.00
     0     2      458.00      510.00        0.00
     0     2      455.00      511.00        0.00
     0     2      452.00      513.00        0.00
     0     2      447.00      515.00        0.00
     0     2      444.00      518.00        0.00
     0     2      418.00      547.00        0.00
     0     2      416.00      551.00        0.00
     0     2      414.00      554.00        0.00
     0     2      413.00      558.00        0.00
     0     2      411.00      563.00        0.00
     0     2      410.00      566.00        0.00
     0     2      409.00      570.00        0.00
     0     2      407.00      576.00        0.00
     0     2      406.00      581.00        0.00
     0     2      405.00      586.00        0.00
     0     2      404.00      592.00        0.00
     0     2      403.00      596.00        0.00
     0     2      402.00      603.00        0.00
     0     2      401.00      609.00        0.00
     0     2      400.00      614.00        0.00
     0     2      400.00      620.00        0.00
     0     2      398.00      626.00        0.00
     0     2      398.00      630.00        0.00
     0     2      398.00      635.00        0.00
     0     2      398.00      642.00        0.00
     0     2      398.00      646.00        0.00
     0     2      398.00      651.00        0.00
     0     2      398.00      657.00        0.00
     0     2      398.00      662.00        0.00
     0     2      398.00      666.00        0.00
     0     2      398.00      671.00        0.00
     0     2      397.00      676.00        0.00
     0     2      396.00      680.00        0.00
     0     2      395.00      684.00        0.00
     0     2      394.00      687.00        0.00
     0     2      392.00      691.00        0.00
     0     2      391.00      694.00        0.00
     0     2      378.00      711.00        0.00
     0     2      377.00      711.00        0.00
     0     2      371.00      725.00        0.00
     0     2      367.00      735.00        0.00
     0     2      365.00      738.00        0.00
     0     2      364.00      743.00        0.00
     0     2      362.00      746.00        0.00
     0     2      361.00      750.00        0.00
     0     2      360.00      753.00        0.00
     0     2      359.00      757.00        0.00
     0     2      357.00      762.00        0.00
     0     2      355.00      765.00        0.00
     0     2      354.00      769.00        0.00
     0     2      352.00      773.00        0.00
     0     2      349.00      777.00        0.00
     0     2      347.00      781.00        0.00
     0     2      344.00      785.00        0.00
     0     2      342.00      788.00        0.00
     0     2      340.00      791.00        0.00
     0     2      337.00      794.00        0.00
     0     2      336.00      797.00        0.00
     0     2      333.00      799.00        0.00
     0     2      331.00      803.00        0.00
     0     2      329.00      806.00        0.00
     0     2      328.00      809.00        0.00
     0     2      325.00      812.00        0.00
     0     2      322.00      815.00        0.00
     0     2      319.00      817.00        0.00
     0     2      316.00      819.00        0.00
     0     2      313.00      821.00        0.00
     0     2      311.00      824.00        0.00
     0     2      309.00      827.00        0.00
     0     2      308.00      830.00        0.00
     1     0      347.00      836.00        0.00
     1     0      346.00      839.00        0.00
     1     0      343.00      842.00        0.00
     1     0      340.00      843.00        0.00
     1     0      337.00      844.00        0.00
     1     0      333.00      844.00        0.00
     1     0      329.00      843.00        0.00
     1     0      326.00      840.00        0.00
     1     0      324.00      837.00        0.00
     1     0      324.00      832.00        0.00
     1     0      324.00      828.00        0.00
     1     0      324.00      824.00        0.00
     1     0      325.00      821.00        0.00
     1     0      328.00      820.00        0.00
     1     0      331.00      819.00        0.00
     1     0      335.00      819.00        0.00
     1     0      338.00      820.00        0.00
     1     0      341.00      821.00        0.00
     1     0      344.00      823.00        0.00
     1     0      347.00      824.00        0.00
     1     0      349.00      827.00        0.00
     1     1      371.00      799.00        0.00
     1     1      367.00      804.00        0.00
     1     1      365.00      807.00        0.00
     1     1      362.00      808.00        0.00
     1     1      359.00      809.00        0.00
     1     1      356.00      810.00        0.00
     1     1      353.00      809.00        0.00
     1     1      351.00      805.00        0.00
     1     1      350.00      802.00        0.00
     1     1      349.00      799.00        0.00
     1     1      349.00      795.00        0.00
     1     1      350.00      792.00        0.00
     1     1      351.00      789.00        0.00
     1     1      352.00      786.00        0.00
     1     1      355.00      783.00        0.00
     1     1      357.00      780.00        0.00
     1     1      360.00      779.00        0.00
     1     1      363.00      778.00        0.00
     1     1      367.00      778.00        0.00
     1     1      370.00      780.00        0.00
     1     1      373.00      782.00        0.00
     1     1      375.00      785.00        0.00
     1     1      375.00      789.00        0.00
     1     1      374.00      792.00        0.00
     1     2      368.00      925.00        0.00
     1     2      366.00      928.00        0.00
     1     2      363.00      931.00        0.00
     1     2      360.00      932.00        0.00
     1     2      357.00      933.00        0.00
     1     2      353.00      932.00        0.00
     1     2      350.00      931.00        0.00
     1     2      347.00      930.00        0.00
     1     2      344.00      928.00        0.00
     1     2      341.00      925.00        0.00
     1     2      340.00      921.00        0.00
     1     2      339.00      917.00        0.00
     1     2      339.00      913.00        0.00
     1     2      339.00      909.00        0.00
     1     2      340.00      906.00        0.00
     1     2      342.00      903.00        0.00
     1     2      345.00      901.00        0.00
     1     2      349.00      900.00        0.00
     1     2      353.00      900.00        0.00
     1     2      356.00      901.00        0.00
     1     2      359.00      903.00        0.00
     1     2      362.00      906.00        0.00
     1     2      364.00      909.00        0.00
     1     2      367.00      911.00        0.00
     1     2      367.00      915.00        0.00
     1     3      428.00      947.00        0.00
     1     3      435.00      955.00        0.00
     1     3      437.00      958.00        0.00
     1     3      436.00      962.00        0.00
     1     3      433.00      965.00        0.00
     1     3      430.00      966.00        0.00
     1     3      427.00      967.00        0.00
     1     3      424.00      968.00        0.00
     1     3      420.00      969.00        0.00
     1     3      416.00      968.00        0.00
     1     3      413.00      965.00        0.00
     1     3      411.00      962.00        0.00
     1     3      410.00      959.00        0.00
     1     3      410.00      955.00        0.00
     1     3      410.00      950.00        0.00
     1     3      411.00      946.00        0.00
     1     3      414.00      945.00        0.00
     1     3      418.00      944.00        0.00
     1     3      422.00      944.00        0.00
     1     4      469.00      969.00        0.00
     1     4      474.00      979.00        0.00
     1     4      476.00      982.00        0.00
     1     4      475.00      985.00        0.00
     1     4      472.00      987.00        0.00
     1     4      468.00      988.00        0.00
     1     4      463.00      988.00        0.00
     1     4      459.00      988.00        0.00
     1     4      455.00      987.00        0.00
     1     4      451.00      986.00        0.00
     1     4      447.00      985.00        0.00
     1     4      445.00      982.00        0.00
     1     4      445.00      978.00        0.00
     1     4      445.00      974.00        0.00
     1     4      448.00      971.00        0.00
     1     4      451.00      969.00        0.00
     1     4      454.00      967.00        0.00
     1     4      458.00      967.00        0.00
     1     5      789.00     1022.00        0.00
     1     5      789.00     1028.00        0.00
     1     5      786.00     1030.00        0.00
     1     5      783.00     1031.00        0.00
     1     5      778.00     1031.00        0.00
     1     5      774.00     1031.00        0.00
     1     5      769.00     1030.00        0.00
     1     5      766.00     1027.00        0.00
     1     5      763.00     1025.00        0.00
     1     5      762.00     1022.00        0.00
     1     5      761.00     1019.00        0.00
     1     5      761.00     1015.00        0.00
     1     5      760.00     1012.00        0.00
     1     5      761.00     1008.00        0.00
     1     5      762.00     1005.00        0.00
     1     5      766.00     1002.00        0.00
     1     5      769.00     1001.00        0.00
     1     5      773.00     1001.00        0.00
     1     5      777.00     1001.00        0.00
     1     5      780.00     1002.00        0.00
     1     5      784.00     1004.00        0.00
     1     5      787.00     1006.00        0.00
     1     5      790.00     1008.00        0.00
     1     5      792.00     1011.00        0.00
     1     6      754.00      997.00        0.00
     1     6      759.00     1006.00        0.00
     1     6      760.00     1009.00        0.00
     1     6      761.00     1012.00        0.00
     1     6      761.00     1016.00        0.00
     1     6      758.00     1018.00        0.00
     1     6      755.00     1020.00        0.00
     1     6      751.00     1020.00        0.00
     1     6      747.00     1019.00        0.00
     1     6      743.00     1017.00        0.00
     1     6      740.00     1014.00        0.00
     1     6      739.00     1011.00        0.00
     1     6      739.00     1007.00        0.00
     1     6      739.00     1003.00        0.00
     1     6      740.00     1000.00        0.00
     1     6      743.00      998.00        0.00
     1     6      746.00      996.00        0.00
     1     6      749.00      994.00        0.00
     1     7      824.00     1003.00        0.00
     1     7      832.00     1008.00        0.00
     1     7      834.00     1012.00        0.00
     1     7      833.00     1016.00        0.00
     1     7      830.00     1019.00        0.00
     1     7      826.00     1021.00        0.00
     1     7      822.00     1022.00        0.00
     1     7      818.00     1021.00        0.00
     1     7      815.00     1020.00        0.00
     1     7      813.00     1017.00        0.00
     1     7      811.00     1014.00        0.00
     1     7      811.00     1010.00        0.00
     1     7      811.00     1006.00        0.00
     1     7      813.00     1003.00        0.00
     1     8      855.00      984.00        0.00
     1     8      848.00      990.00        0.00
     1     8      845.00      991.00        0.00
     1     8      842.00      990.00        0.00
     1     8      838.00      988.00        0.00
     1     8      835.00      985.00        0.00
     1     8      834.00      982.00        0.00
     1     8      835.00      978.00        0.00
     1     8      837.00      974.00        0.00
     1     8      842.00      972.00        0.00
     1     8      846.00      971.00        0.00
     1     8      849.00      970.00        0.00
     1     8      852.00      972.00        0.00
     1     8      853.00      975.00        0.00
     1     8      854.00      978.00        0.00
     1     9      802.00      931.00        0.00
     1     9      804.00      939.00        0.00
     1     9      804.00      943.00        0.00
     1     9      800.00      946.00        0.00
     1     9      798.00      949.00        0.00
     1     9      795.00      951.00        0.00
     1     9      791.00      952.00        0.00
     1     9      788.00      949.00        0.00
     1     9      786.00      945.00        0.00
     1     9      784.00      942.00        0.00
     1     9      783.00      939.00        0.00
     1     9      783.00      934.00        0.00
     1     9      784.00      931.00        0.00
     1     9      786.00      928.00        0.00
     1     9      790.00      926.00        0.00
     1     9      794.00      926.00        0.00
     1     9      798.00      927.00        0.00
     1    10      825.00      869.00        0.00
     1    10      817.00      875.00        0.00
     1    10      814.00      876.00        0.00
     1    10      810.00      877.00        0.00
     1    10      806.00      876.00        0.00
     1    10      805.00      873.00        0.00
     1    10      805.00      868.00        0.00
     1    10      805.00      864.00        0.00
     1    10      805.00      860.00        0.00
     1    10      805.00      856.00        0.00
     1    10      806.00      853.00        0.00
     1    10      809.00      850.00        0.00
     1    10      812.00      847.00        0.00
     1    10      817.00      847.00        0.00
     1    10      822.00      848.00        0.00
     1    10      825.00      850.00        0.00
     1    10      827.00      854.00        0.00
     1    10      827.00      858.00        0.00
     1    11      928.00      914.00        0.00
     1    11      933.00      923.00        0.00
     1    11      934.00      926.00        0.00
     1    11      934.00      930.00        0.00
     1    11      933.00      933.00        0.00
     1    11      930.00      936.00        0.00
     1    11      925.00      937.00        0.00
     1    11      920.00      937.00        0.00
     1    11      917.00      935.00        0.00
     1    11      913.00      932.00        0.00
     1    11      911.00      929.00        0.00
     1    11      910.00      926.00        0.00
     1    11      910.00      922.00        0.00
     1    11      911.00      919.00        0.00
     1    11      913.00      916.00        0.00
     1    11      916.00      915.00        0.00
     1    12      990.00      964.00        0.00
     1    12      989.00      973.00        0.00
     1    12      986.00      974.00        0.00
     1    12      983.00      976.00        0.00
     1    12      979.00      977.00        0.00
     1    12      975.00      977.00        0.00
     1    12      971.00      977.00        0.00
     1    12      968.00      976.00        0.00
     1    12      964.00      973.00        0.00
     1    12      963.00      970.00        0.00
     1    12      962.00      967.00        0.00
     1    12      962.00      962.00        0.00
     1    12      964.00      957.00        0.00
     1    12      967.00      954.00        0.00
     1    12      971.00      952.00        0.00
     1    12      975.00      952.00        0.00
     1    12      980.00      952.00        0.00
     1    12      983.00      953.00        0.00
     1    12      986.00      954.00        0.00
     1    13     1017.00      926.00        0.00
     1    13     1014.00      933.00        0.00
     1    13     1010.00      934.00        0.00
     1    13     1006.00      934.00        0.00
     1    13     1003.00      932.00        0.00
     1    13     1000.00      929.00        0.00
     1    13      997.00      925.00        0.00
     1    13      995.00      920.00        0.00
     1    13      994.00      915.00        0.00
     1    13      994.00      911.00        0.00
     1    13      994.00      907.00        0.00
     1    13      996.00      902.00        0.00
     1    13      999.00      900.00        0.00
     1    13     1002.00      898.00        0.00
     1    13     1005.00      896.00        0.00
     1    13     1010.00      896.00        0.00
     1    13     1011.00      899.00        0.00
     1    13     1013.00      902.00        0.00
     1    13     1015.00      905.00        0.00
     1    13     1015.00      909.00        0.00
     1    13     1016.00      913.00        0.00
     1    14      663.00      392.00        0.00
     1    14      662.00      397.00        0.00
     1    14      659.00      400.00        0.00
     1    14      655.00      401.00        0.00
     1    14      651.00      401.00        0.00
     1    14      647.00      400.00        0.00
     1    14      645.00      397.00        0.00
     1    14      643.00      394.00        0.00
     1    14      642.00      391.00        0.00
     1    14      642.00      387.00        0.00
     1    14      643.00      383.00        0.00
     1    14      644.00      378.00        0.00
     1    14      647.00      376.00        0.00
     1    14      651.00      373.00        0.00
     1    14      654.00      371.00        0.00
     1    14      658.00      367.00        0.00
     1    14      661.00      365.00        0.00
     1    14      665.00      362.00        0.00
     1    14      669.00      362.00        0.00
     1    14      673.00      362.00        0.00
     1    14      676.00      363.00        0.00
     1    14      679.00      365.00        0.00
     1    14      681.00      368.00        0.00
     1    14      682.00      371.00        0.00
     1    14      682.00      375.00        0.00
     1    14      681.00      378.00        0.00
     1    14      679.00      381.00        0.00
     1    15      715.00      360.00        0.00
     1    15      714.00      364.00        0.00
     1    15      713.00      367.00        0.00
     1    15      710.00      369.00        0.00
     1    15      707.00      370.00        0.00
     1    15      704.00      371.00        0.00
     1    15      700.00      370.00        0.00
     1    15      697.00      368.00        0.00
     1    15      694.00      366.00        0.00
     1    15      693.00      363.00        0.00
     1    15      693.00      359.00        0.00
     1    15      693.00      354.00        0.00
     1    15      695.00      351.00        0.00
     1    15      698.00      348.00        0.00
     1    15      700.00      345.00        0.00
     1    15      704.00      344.00        0.00
     1    15      707.00      343.00        0.00
     1    15      710.00      342.00        0.00
     1    15      714.00      342.00        0.00
     1    15      717.00      344.00        0.00
     1    15      720.00      346.00        0.00
     1    15      721.00      349.00        0.00
     1    15      722.00      352.00        0.00
     1    16      744.00      326.00        0.00
     1    16      743.00      331.00        0.00
     1    16      739.00      333.00        0.00
     1    16      735.00      334.00        0.00
     1    16      730.00      334.00        0.00
     1    16      726.00      334.00        0.00
     1    16      723.00      333.00        0.00
     1    16      721.00      330.00        0.00
     1    16      721.00      326.00        0.00
     1    16      723.00      322.00        0.00
     1    16      725.00      319.00        0.00
     1    16      728.00      317.00        0.00
     1    16      732.00      316.00        0.00
     1    16      736.00      316.00        0.00
     1    16      741.00      317.00        0.00
     1    16      743.00      320.00        0.00
     1    17      765.00      312.00        0.00
     1    17      761.00      317.00        0.00
     1    17      758.00      318.00        0.00
     1    17      754.00      318.00        0.00
     1    17      751.00      316.00        0.00
     1    17      749.00      313.00        0.00
     1    17      749.00      309.00        0.00
     1    17      750.00      303.00        0.00
     1    17      751.00      299.00        0.00
     1    17      754.00      295.00        0.00
     1    17      756.00      292.00        0.00
     1    17      759.00      290.00        0.00
     1    17      762.00      289.00        0.00
     1    17      767.00      289.00        0.00
     1    17      770.00      290.00        0.00
     1    17      773.00      293.00        0.00
     1    17      774.00      296.00        0.00
     1    17      775.00      299.00        0.00
     1    18      255.00      432.00        0.00
     1    18      252.00      434.00        0.00
     1    18      248.00      435.00        0.00
     1    18      243.00      435.00        0.00
     1    18      240.00      434.00        0.00
     1    18      237.00      433.00        0.00
     1    18      234.00      432.00        0.00
     1    18      231.00      430.00        0.00
     1    18      229.00      427.00        0.00
     1    18      229.00      423.00        0.00
     1    18      229.00      418.00        0.00
     1    18      230.00      415.00        0.00
     1    18      232.00      412.00        0.00
     1    18      235.00      409.00        0.00
     1    18      238.00      407.00        0.00
     1    18      241.00      406.00        0.00
     1    18      245.00      405.00        0.00
     1    18      249.00      406.00        0.00
     1    18      252.00      407.00        0.00
     1    18      256.00      410.00        0.00
     1    18      259.00      414.00        0.00
     1    18      260.00      417.00        0.00
     1    18      261.00      420.00        0.00
