     0     0      871.00       -2.00        0.00
     0     0      870.00        2.00        0.00
     0     0      864.00       10.00        0.00
     0     0      862.00       14.00        0.00
     0     0      860.00       17.00        0.00
     0     0      859.00       20.00        0.00
     0     0      859.00       24.00        0.00
     0     0      858.00       27.00        0.00
     0     0      857.00       30.00        0.00
     0     0      857.00       34.00        0.00
     0     0      857.00       38.00        0.00
     0     0      856.00       42.00        0.00
     0     0      856.00       46.00        0.00
     0     0      856.00       51.00        0.00
     0     0      856.00       55.00        0.00
     0     0      856.00       60.00        0.00
     0     0      856.00       65.00        0.00
     0     0      856.00       70.00        0.00
     0     0      856.00       74.00        0.00
     0     0      856.00       78.00        0.00
     0     0      856.00       82.00        0.00
     0     0      856.00       87.00        0.00
     0     0      858.00       91.00        0.00
     0     0      859.00       94.00        0.00
     0     0      861.00       98.00        0.00
     0     0      862.00      103.00        0.00
     0     0      864.00      107.00        0.00
     0     0      866.00      110.00        0.00
     0     0      868.00      113.00        0.00
     0     0      869.00      116.00        0.00
     0     0      872.00      119.00        0.00
     0     0      874.00      122.00        0.00
     0     0      877.00      126.00        0.00
     0     0      880.00      129.00        0.00
     0     0      883.00      132.00        0.00
     0     0      886.00      135.00        0.00
     0     0      889.00      138.00        0.00
     0     0      891.00      141.00        0.00
     0     0      894.00      144.00        0.00
     0     0      898.00      147.00        0.00
     0     0      900.00      150.00        0.00
     0     0      903.00      154.00        0.00
     0     0      906.00      157.00        0.00
     0     0      909.00      160.00        0.00
     0     0      913.00      163.00        0.00
     0     0      916.00      166.00        0.00
     0     0      920.00      170.00        0.00
     0     0      923.00      172.00        0.00
     0     0      927.00      176.00        0.00
     0     0      930.00      179.00        0.00
     0     0      933.00      183.00        0.00
     0     0      938.00      188.00        0.00
     0     0      940.00      191.00        0.00
     0     0      944.00      195.00        0.00
     0     0      946.00      198.00        0.00
     0     0      947.00      201.00        0.00
     0     0      949.00      205.00        0.00
     0     0      951.00      208.00        0.00
     0     0      954.00      211.00        0.00
     0     0      955.00      214.00        0.00
     0     0      959.00      218.00        0.00
     0     0      962.00      221.00        0.00
     0     0      965.00      225.00        0.00
     0     0      967.00      228.00        0.00
     0     0      969.00      231.00        0.00
     0     0      972.00      235.00        0.00
     0     0      975.00      238.00        0.00
     0     0      980.00      242.00        0.00
     0     0      983.00      245.00        0.00
     0     0      986.00      246.00        0.00
     0     0      989.00      248.00        0.00
     0     0      994.00      251.00        0.00
     0     0      999.00      253.00        0.00
     0     0     1004.00      256.00        0.00
     0     0     1011.00      260.00        0.00
     0     0     1015.00      262.00        0.00
     0     0     1019.00      263.00        0.00
     0     0     1023.00      266.00        0.00
     0     0     1027.00      267.00        0.00
     0     0     1030.00      269.00        0.00
     0     0     1035.00      271.00        0.00
     0     0     1038.00      272.00        0.00
     0     0     1044.00      274.00        0.00
     0     0     1051.00      277.00        0.00
     0     0     1056.00      278.00        0.00
     0     0     1059.00      279.00        0.00
     0     0     1063.00      280.00        0.00
     0     0     1068.00      280.00        0.00
     0     0     1073.00      280.00        0.00
     0     0     1077.00      280.00        0.00
     0     0     1081.00      280.00        0.00
     0     0     1084.00      278.00        0.00
     0     0     1090.00      277.00        0.00
     0     0     1094.00      276.00        0.00
     0     0     1097.00      275.00        0.00
     0     0     1100.00      274.00        0.00
     0     0     1103.00      273.00        0.00
     0     0     1106.00      270.00        0.00
     0     0     1109.00      268.00        0.00
     0     0     1112.00      265.00        0.00
     0     0     1114.00      260.00        0.00
     0     0     1117.00      256.00        0.00
     0     0     1119.00      253.00        0.00
     0     0     1120.00      250.00        0.00
     0     0     1122.00      246.00        0.00
     0     0     1122.00      241.00        0.00
     0     0     1123.00      236.00        0.00
     0     0     1123.00      232.00        0.00
     0     0     1123.00      228.00        0.00
     0     0     1123.00      224.00        0.00
     0     0     1122.00      219.00        0.00
     0     0     1121.00      215.00        0.00
     0     0     1119.00      210.00        0.00
     0     0     1117.00      207.00        0.00
     0     0     1116.00      204.00        0.00
     0     0     1113.00      199.00        0.00
     0     0     1112.00      193.00        0.00
     0     0     1109.00      188.00        0.00
     0     0     1108.00      184.00        0.00
     0     0     1108.00      179.00        0.00
     0     0     1108.00      174.00        0.00
     0     0     1110.00      169.00        0.00
     0     0     1111.00      165.00        0.00
     0     0     1112.00      159.00        0.00
     0     0     1114.00      153.00        0.00
     0     0     1117.00      148.00        0.00
     0     0     1118.00      142.00        0.00
     0     0     1120.00      136.00        0.00
     0     0     1122.00      131.00        0.00
     0     0     1124.00      126.00        0.00
     0     0     1126.00      121.00        0.00
     0     0     1128.00      116.00        0.00
     0     0     1130.00      111.00        0.00
     0     0     1132.00      107.00        0.00
     0     0     1135.00      102.00        0.00
     0     0     1137.00       99.00        0.00
     0     0     1139.00       94.00        0.00
     0     0     1142.00       90.00        0.00
     0     0     1143.00       86.00        0.00
     0     0     1145.00       80.00        0.00
     0     0     1146.00       77.00        0.00
     0     0     1146.00       72.00        0.00
     0     0     1145.00       68.00        0.00
     0     0     1143.00       62.00        0.00
     0     0     1142.00       57.00        0.00
     0     0     1142.00       53.00        0.00
     0     0     1141.00       49.00        0.00
     0     0     1141.00       44.00        0.00
     0     0     1141.00       39.00        0.00
     0     0     1141.00       35.00        0.00
     0     0     1141.00       30.00        0.00
     0     0     1142.00       26.00        0.00
     0     0     1143.00       22.00        0.00
     0     0     1144.00       15.00        0.00
     0     0     1145.00       11.00        0.00
     0     0     1146.00        7.00        0.00
     0     0     1147.00        4.00        0.00
     0     1      300.00      666.00        0.00
     0     1      298.00      669.00        0.00
     0     1      297.00      672.00        0.00
     0     1      294.00      676.00        0.00
     0     1      292.00      679.00        0.00
     0     1      289.00      682.00        0.00
     0     1      285.00      685.00        0.00
     0     1      283.00      688.00        0.00
     0     1      280.00      690.00        0.00
     0     1      277.00      693.00        0.00
     0     1      274.00      695.00        0.00
     0     1      271.00      698.00        0.00
     0     1      268.00      700.00        0.00
     0     1      263.00      701.00        0.00
     0     1      258.00      702.00        0.00
     0     1      252.00      703.00        0.00
     0     1      245.00      704.00        0.00
     0     1      239.00      704.00        0.00
     0     1      231.00      703.00        0.00
     0     1      226.00      701.00        0.00
     0     1      218.00      697.00        0.00
     0     1      213.00      694.00        0.00
     0     1      205.00      689.00        0.00
     0     1      200.00      685.00        0.00
     0     1      194.00      680.00        0.00
     0     1      189.00      675.00        0.00
     0     1      185.00      670.00        0.00
     0     1      182.00      665.00        0.00
     0     1      180.00      659.00        0.00
     0     1      179.00      653.00        0.00
     0     1      177.00      645.00        0.00
     0     1      174.00      636.00        0.00
     0     1      172.00      628.00        0.00
     0     1      172.00      619.00        0.00
     0     1      172.00      612.00        0.00
     0     1      171.00      604.00        0.00
     0     1      172.00      597.00        0.00
     0     1      173.00      590.00        0.00
     0     1      175.00      581.00        0.00
     0     1      176.00      575.00        0.00
     0     1      178.00      568.00        0.00
     0     1      179.00      562.00        0.00
     0     1      181.00      555.00        0.00
     0     1      182.00      549.00        0.00
     0     1      183.00      545.00        0.00
     0     1      185.00      538.00        0.00
     0     1      186.00      532.00        0.00
     0     1      187.00      526.00        0.00
     0     1      188.00      521.00        0.00
     0     1      190.00      513.00        0.00
     0     1      191.00      508.00        0.00
     0     1      193.00      502.00        0.00
     0     1      193.00      497.00        0.00
     0     1      194.00      494.00        0.00
     0     1      195.00      488.00        0.00
     0     1      196.00      484.00        0.00
     0     1      197.00      480.00        0.00
     0     1      198.00      474.00        0.00
     0     1      199.00      469.00        0.00
     0     1      200.00      465.00        0.00
     0     1      200.00      459.00        0.00
     0     1      201.00      456.00        0.00
     0     1      202.00      453.00        0.00
     0     1      204.00      448.00        0.00
     0     1      206.00      444.00        0.00
     0     1      208.00      438.00        0.00
     0     1      211.00      434.00        0.00
     0     1      215.00      428.00        0.00
     0     1      218.00      424.00        0.00
     0     1      222.00      419.00        0.00
     0     1      224.00      415.00        0.00
     0     1      227.00      412.00        0.00
     0     1      231.00      408.00        0.00
     0     1      234.00      405.00        0.00
     0     1      238.00      402.00        0.00
     0     1      241.00      399.00        0.00
     0     1      245.00      395.00        0.00
     0     1      248.00      392.00        0.00
     0     1      251.00      389.00        0.00
     0     1      253.00      386.00        0.00
     0     1      256.00      383.00        0.00
     0     1      259.00      379.00        0.00
     0     1      262.00      376.00        0.00
     0     1      265.00      372.00        0.00
     0     1      268.00      369.00        0.00
     0     1      270.00      365.00        0.00
     0     1      272.00      361.00        0.00
     0     1      274.00      357.00        0.00
     0     1      276.00      354.00        0.00
     0     1      278.00      351.00        0.00
     0     1      280.00      347.00        0.00
     0     1      282.00      344.00        0.00
     0     1      284.00      340.00        0.00
     0     1      286.00      337.00        0.00
     0     1      289.00      334.00        0.00
     0     1      291.00      331.00        0.00
     0     1      295.00      327.00        0.00
     0     1      299.00      323.00        0.00
     0     1      303.00      321.00        0.00
     0     1      306.00      319.00        0.00
     0     1      309.00      317.00        0.00
     0     1      312.00      314.00        0.00
     0     1      316.00      311.00        0.00
     0     1      319.00      308.00        0.00
     0     1      323.00      305.00        0.00
     0     1      326.00      303.00        0.00
     0     1      330.00      300.00        0.00
     0     1      333.00      298.00        0.00
     0     1      337.00      296.00        0.00
     0     1      340.00      294.00        0.00
     0     1      343.00      292.00        0.00
     0     1      346.00      290.00        0.00
     0     1      349.00      288.00        0.00
     0     1      352.00      285.00        0.00
     0     1      355.00      283.00        0.00
     0     1      358.00      280.00        0.00
     0     1      362.00      277.00        0.00
     0     1      364.00      274.00        0.00
     0     1      367.00      271.00        0.00
     0     1      370.00      268.00        0.00
     0     1      373.00      267.00        0.00
     0     1      376.00      265.00        0.00
     0     1      380.00      263.00        0.00
     0     1      383.00      262.00        0.00
     0     1      386.00      261.00        0.00
     0     1      390.00      260.00        0.00
     0     1      393.00      259.00        0.00
     0     1      397.00      258.00        0.00
     0     1      401.00      257.00        0.00
     0     1      405.00      256.00        0.00
     0     1      410.00      256.00        0.00
     0     1      413.00      255.00        0.00
     0     1      419.00      255.00        0.00
     0     1      424.00      255.00        0.00
     0     1      430.00      255.00        0.00
     0     1      434.00      255.00        0.00
     0     1      438.00      255.00        0.00
     0     1      442.00      256.00        0.00
     0     1      446.00      256.00        0.00
     0     1      450.00      256.00        0.00
     0     1      454.00      256.00        0.00
     0     1      459.00      257.00        0.00
     0     1      464.00      258.00        0.00
     0     1      468.00      258.00        0.00
     0     1      472.00      259.00        0.00
     0     1      476.00      260.00        0.00
     0     1      479.00      261.00        0.00
     0     1      482.00      263.00        0.00
     0     1      485.00      264.00        0.00
     0     1      490.00      266.00        0.00
     0     1      493.00      268.00        0.00
     0     1      498.00      270.00        0.00
     0     1      501.00      271.00        0.00
     0     1      506.00      273.00        0.00
     0     1      509.00      274.00        0.00
     0     1      512.00      276.00        0.00
     0     1      515.00      277.00        0.00
     0     1      518.00      279.00        0.00
     0     1      521.00      280.00        0.00
     0     1      524.00      282.00        0.00
     0     1      527.00      284.00        0.00
     0     1      530.00      286.00        0.00
     0     1      533.00      289.00        0.00
     0     1      536.00      291.00        0.00
     0     1      538.00      294.00        0.00
     0     1      541.00      296.00        0.00
     0     1      544.00      300.00        0.00
     0     1      546.00      303.00        0.00
     0     1      550.00      305.00        0.00
     0     1      553.00      307.00        0.00
     0     1      556.00      309.00        0.00
     0     1      559.00      311.00        0.00
     0     1      562.00      313.00        0.00
     0     1      566.00      315.00        0.00
     0     1      569.00      318.00        0.00
     0     1      572.00      320.00        0.00
     0     1      575.00      323.00        0.00
     0     1      577.00      326.00        0.00
     0     1      580.00      330.00        0.00
     0     1      582.00      335.00        0.00
     0     1      584.00      338.00        0.00
     0     1      585.00      341.00        0.00
     0     1      586.00      346.00        0.00
     0     1      587.00      351.00        0.00
     0     1      587.00      358.00        0.00
     0     1      587.00      362.00        0.00
     0     1      587.00      366.00        0.00
     0     1      586.00      371.00        0.00
     0     1      586.00      375.00        0.00
     0     1      586.00      379.00        0.00
     0     1      585.00      383.00        0.00
     0     1      584.00      387.00        0.00
     0     1      582.00      390.00        0.00
     0     1      581.00      394.00        0.00
     0     1      579.00      399.00        0.00
     0     1      577.00      402.00        0.00
     0     1      575.00      407.00        0.00
     0     1      572.00      411.00        0.00
     0     1      571.00      415.00        0.00
     0     1      570.00      419.00        0.00
     0     1      567.00      424.00        0.00
     0     1      566.00      428.00        0.00
     0     1      564.00      431.00        0.00
     0     1      562.00      434.00        0.00
     0     1      559.00      439.00        0.00
     0     1      557.00      442.00        0.00
     0     1      554.00      445.00        0.00
     0     1      552.00      448.00        0.00
     0     1      550.00      451.00        0.00
     0     1      548.00      454.00        0.00
     0     1      546.00      457.00        0.00
     0     1      543.00      460.00        0.00
     0     1      539.00      463.00        0.00
     0     1      537.00      466.00        0.00
     0     1      534.00      468.00        0.00
     0     1      532.00      471.00        0.00
     0     1      529.00      472.00        0.00
     0     1      526.00      474.00        0.00
     0     1      523.00      475.00        0.00
     0     1      520.00      477.00        0.00
     0     1      516.00      479.00        0.00
     0     1      498.00      485.00        0.00
     0     1      496.00      488.00        0.00
     0     1      494.00      491.00        0.00
     0     1      492.00      494.00        0.00
     0     1      489.00      497.00        0.00
     0     1      487.00      500.00        0.00
     0     1      484.00      503.00        0.00
     0     1      481.00      506.00        0.00
     0     1      478.00      508.00        0.00
     0     1      475.00      512.00        0.00
     0     1      472.00      514.00        0.00
     0     1      469.00      516.00        0.00
     0     1      466.00      519.00        0.00
     0     1      463.00      520.00        0.00
     0     1      460.00      521.00        0.00
     0     1      457.00      522.00        0.00
     0     1      453.00      523.00        0.00
     0     1      449.00      523.00        0.00
     0     1      444.00      523.00        0.00
     0     1      438.00      523.00        0.00
     0     1      434.00      523.00        0.00
     0     1      429.00      523.00        0.00
     0     1      422.00      523.00        0.00
     0     1      415.00      523.00        0.00
     0     1      410.00      523.00        0.00
     0     1      406.00      523.00        0.00
     0     1      400.00      522.00        0.00
     0     1      395.00      522.00        0.00
     0     1      391.00      522.00        0.00
     0     1      387.00      522.00        0.00
     0     1      382.00      522.00        0.00
     0     1      378.00      522.00        0.00
     0     1      375.00      523.00        0.00
     0     1      370.00      524.00        0.00
     0     1      367.00      525.00        0.00
     0     1      363.00      526.00        0.00
     0     1      359.00      527.00        0.00
     0     1      356.00      528.00        0.00
     0     1      353.00      530.00        0.00
     0     1      349.00      532.00        0.00
     0     1      344.00      535.00        0.00
     0     1      341.00      537.00        0.00
     0     1      339.00      540.00        0.00
     0     1      336.00      541.00        0.00
     0     1      332.00      544.00        0.00
     0     1      328.00      546.00        0.00
     0     1      325.00      548.00        0.00
     0     1      321.00      552.00        0.00
     0     1      318.00      555.00        0.00
     0     1      315.00      558.00        0.00
     0     1      313.00      561.00        0.00
     0     1      310.00      566.00        0.00
     0     1      308.00      570.00        0.00
     0     1      307.00      574.00        0.00
     0     1      306.00      578.00        0.00
     0     1      305.00      581.00        0.00
     0     1      303.00      584.00        0.00
     0     1      302.00      588.00        0.00
     0     1      301.00      591.00        0.00
     0     1      300.00      594.00        0.00
     0     1      299.00      597.00        0.00
     0     1      299.00      601.00        0.00
     0     1      299.00      605.00        0.00
     0     1      299.00      609.00        0.00
     0     1      299.00      613.00        0.00
     0     1      299.00      618.00        0.00
     0     1      299.00      622.00        0.00
     0     1      300.00      627.00        0.00
     0     1      301.00      630.00        0.00
     0     1      302.00      633.00        0.00
     0     1      303.00      636.00        0.00
     0     1      305.00      639.00        0.00
     0     1      306.00      642.00        0.00
     0     1      307.00      645.00        0.00
     0     1      309.00      648.00        0.00
     0     1      309.00      652.00        0.00
     0     1      310.00      655.00        0.00
     0     1      310.00      659.00        0.00
     0     1      310.00      663.00        0.00
     0     2      671.00      796.00        0.00
     0     2      663.00      800.00        0.00
     0     2      660.00      802.00        0.00
     0     2      656.00      803.00        0.00
     0     2      649.00      803.00        0.00
     0     2      645.00      803.00        0.00
     0     2      639.00      802.00        0.00
     0     2      635.00      801.00        0.00
     0     2      630.00      799.00        0.00
     0     2      627.00      796.00        0.00
     0     2      623.00      791.00        0.00
     0     2      620.00      789.00        0.00
     0     2      618.00      784.00        0.00
     0     2      616.00      780.00        0.00
     0     2      613.00      774.00        0.00
     0     2      611.00      770.00        0.00
     0     2      609.00      766.00        0.00
     0     2      608.00      763.00        0.00
     0     2      607.00      760.00        0.00
     0     2      605.00      755.00        0.00
     0     2      605.00      751.00        0.00
     0     2      605.00      747.00        0.00
     0     2      605.00      742.00        0.00
     0     2      606.00      738.00        0.00
     0     2      606.00      734.00        0.00
     0     2      607.00      728.00        0.00
     0     2      609.00      722.00        0.00
     0     2      611.00      715.00        0.00
     0     2      613.00      709.00        0.00
     0     2      613.00      704.00        0.00
     0     2      615.00      697.00        0.00
     0     2      616.00      692.00        0.00
     0     2      616.00      688.00        0.00
     0     2      617.00      684.00        0.00
     0     2      618.00      679.00        0.00
     0     2      619.00      673.00        0.00
     0     2      621.00      666.00        0.00
     0     2      623.00      663.00        0.00
     0     2      625.00      659.00        0.00
     0     2      628.00      654.00        0.00
     0     2      630.00      650.00        0.00
     0     2      634.00      647.00        0.00
     0     2      638.00      644.00        0.00
     0     2      641.00      642.00        0.00
     0     2      644.00      640.00        0.00
     0     2      647.00      638.00        0.00
     0     2      648.00      635.00        0.00
     0     2      651.00      631.00        0.00
     0     2      653.00      627.00        0.00
     0     2      655.00      624.00        0.00
     0     2      657.00      620.00        0.00
     0     2      659.00      617.00        0.00
     0     2      662.00      615.00        0.00
     0     2      665.00      613.00        0.00
     0     2      668.00      611.00        0.00
     0     2      672.00      609.00        0.00
     0     2      675.00      606.00        0.00
     0     2      678.00      605.00        0.00
     0     2      681.00      604.00        0.00
     0     2      684.00      602.00        0.00
     0     2      687.00      601.00        0.00
     0     2      691.00      599.00        0.00
     0     2      695.00      596.00        0.00
     0     2      700.00      594.00        0.00
     0     2      704.00      590.00        0.00
     0     2      708.00      589.00        0.00
     0     2      711.00      587.00        0.00
     0     2      714.00      586.00        0.00
     0     2      717.00      584.00        0.00
     0     2      720.00      582.00        0.00
     0     2      723.00      581.00        0.00
     0     2      726.00      579.00        0.00
     0     2      729.00      577.00        0.00
     0     2      733.00      576.00        0.00
     0     2      736.00      575.00        0.00
     0     2      740.00      574.00        0.00
     0     2      743.00      573.00        0.00
     0     2      747.00      573.00        0.00
     0     2      750.00      572.00        0.00
     0     2      754.00      570.00        0.00
     0     2      758.00      569.00        0.00
     0     2      763.00      568.00        0.00
     0     2      766.00      567.00        0.00
     0     2      769.00      566.00        0.00
     0     2      774.00      565.00        0.00
     0     2      778.00      564.00        0.00
     0     2      781.00      563.00        0.00
     0     2      785.00      562.00        0.00
     0     2      788.00      561.00        0.00
     0     2      791.00      560.00        0.00
     0     2      796.00      559.00        0.00
     0     2      799.00      558.00        0.00
     0     2      804.00      557.00        0.00
     0     2      809.00      557.00        0.00
     0     2      813.00      556.00        0.00
     0     2      818.00      556.00        0.00
     0     2      823.00      555.00        0.00
     0     2      829.00      555.00        0.00
     0     2      835.00      555.00        0.00
     0     2      841.00      555.00        0.00
     0     2      846.00      556.00        0.00
     0     2      851.00      558.00        0.00
     0     2      855.00      559.00        0.00
     0     2      860.00      560.00        0.00
     0     2      864.00      562.00        0.00
     0     2      868.00      564.00        0.00
     0     2      872.00      568.00        0.00
     0     2      874.00      572.00        0.00
     0     2      877.00      578.00        0.00
     0     2      879.00      583.00        0.00
     0     2      880.00      590.00        0.00
     0     2      881.00      595.00        0.00
     0     2      883.00      599.00        0.00
     0     2      886.00      604.00        0.00
     0     2      888.00      608.00        0.00
     0     2      892.00      613.00        0.00
     0     2      897.00      617.00        0.00
     0     2      901.00      621.00        0.00
     0     2      903.00      624.00        0.00
     0     2      907.00      629.00        0.00
     0     2      910.00      632.00        0.00
     0     2      911.00      635.00        0.00
     0     2      912.00      640.00        0.00
     0     2      911.00      645.00        0.00
     0     2      909.00      651.00        0.00
     0     2      907.00      656.00        0.00
     0     2      905.00      660.00        0.00
     0     2      902.00      665.00        0.00
     0     2      900.00      668.00        0.00
     0     2      896.00      671.00        0.00
     0     2      892.00      675.00        0.00
     0     2      888.00      678.00        0.00
     0     2      885.00      681.00        0.00
     0     2      882.00      683.00        0.00
     0     2      879.00      686.00        0.00
     0     2      877.00      690.00        0.00
     0     2      874.00      693.00        0.00
     0     2      872.00      697.00        0.00
     0     2      871.00      700.00        0.00
     0     2      870.00      705.00        0.00
     0     2      869.00      710.00        0.00
     0     2      867.00      714.00        0.00
     0     2      865.00      718.00        0.00
     0     2      864.00      721.00        0.00
     0     2      861.00      725.00        0.00
     0     2      859.00      728.00        0.00
     0     2      856.00      730.00        0.00
     0     2      853.00      732.00        0.00
     0     2      850.00      735.00        0.00
     0     2      846.00      738.00        0.00
     0     2      843.00      740.00        0.00
     0     2      840.00      742.00        0.00
     0     2      836.00      744.00        0.00
     0     2      833.00      746.00        0.00
     0     2      830.00      748.00        0.00
     0     2      826.00      752.00        0.00
     0     2      823.00      756.00        0.00
     0     2      820.00      760.00        0.00
     0     2      816.00      765.00        0.00
     0     2      813.00      770.00        0.00
     0     2      810.00      774.00        0.00
     0     2      808.00      777.00        0.00
     0     2      807.00      780.00        0.00
     0     2      805.00      783.00        0.00
     0     2      803.00      786.00        0.00
     0     2      800.00      789.00        0.00
     0     2      797.00      792.00        0.00
     0     2      793.00      794.00        0.00
     0     2      790.00      795.00        0.00
     0     2      786.00      796.00        0.00
     0     2      782.00      796.00        0.00
     0     2      778.00      796.00        0.00
     0     2      774.00      796.00        0.00
     0     2      771.00      795.00        0.00
     0     2      768.00      794.00        0.00
     0     2      765.00      793.00        0.00
     0     2      762.00      792.00        0.00
     0     2      757.00      790.00        0.00
     0     2      753.00      789.00        0.00
     0     2      748.00      789.00        0.00
     0     2      744.00      788.00        0.00
     0     2      739.00      787.00        0.00
     0     2      733.00      785.00        0.00
     0     2      727.00      784.00        0.00
     0     2      723.00      784.00        0.00
     0     2      718.00      784.00        0.00
     0     2      713.00      784.00        0.00
     0     2      709.00      784.00        0.00
     0     2      704.00      784.00        0.00
     0     2      701.00      783.00        0.00
     0     2      697.00      783.00        0.00
     0     2      693.00      783.00        0.00
     0     2      689.00      783.00        0.00
     0     2      684.00      785.00        0.00
     0     2      679.00      791.00        0.00
     0     3      547.00      508.00        0.00
     0     3      550.00      505.00        0.00
     0     3      554.00      501.00        0.00
     0     3      557.00      499.00        0.00
     0     3      560.00      497.00        0.00
     0     3      563.00      495.00        0.00
     0     3      566.00      492.00        0.00
     0     3      568.00      489.00        0.00
     0     3      570.00      486.00        0.00
     0     3      573.00      483.00        0.00
     0     3      575.00      480.00        0.00
     0     3      577.00      477.00        0.00
     0     3      580.00      474.00        0.00
     0     3      583.00      470.00        0.00
     0     3      585.00      466.00        0.00
     0     3      586.00      463.00        0.00
     0     3      588.00      460.00        0.00
     0     3      589.00      456.00        0.00
     0     3      590.00      453.00        0.00
     0     3      591.00      449.00        0.00
     0     3      592.00      446.00        0.00
     0     3      593.00      443.00        0.00
     0     3      595.00      440.00        0.00
     0     3      597.00      436.00        0.00
     0     3      599.00      433.00        0.00
     0     3      602.00      429.00        0.00
     0     3      604.00      426.00        0.00
     0     3      607.00      422.00        0.00
     0     3      608.00      419.00        0.00
     0     3      610.00      416.00        0.00
     0     3      613.00      412.00        0.00
     0     3      616.00      408.00        0.00
     0     3      619.00      404.00        0.00
     0     3      621.00      400.00        0.00
     0     3      623.00      397.00        0.00
     0     3      626.00      394.00        0.00
     0     3      630.00      390.00        0.00
     0     3      631.00      387.00        0.00
     0     3      634.00      385.00        0.00
     0     3      638.00      382.00        0.00
     0     3      640.00      379.00        0.00
     0     3      641.00      376.00        0.00
     0     3      643.00      372.00        0.00
     0     3      644.00      369.00        0.00
     0     3      646.00      366.00        0.00
     0     3      646.00      362.00        0.00
     0     3      647.00      359.00        0.00
     0     3      648.00      354.00        0.00
     0     3      648.00      349.00        0.00
     0     3      650.00      345.00        0.00
     0     3      651.00      341.00        0.00
     0     3      653.00      337.00        0.00
     0     3      654.00      334.00        0.00
     0     3      655.00      331.00        0.00
     0     3      657.00      327.00        0.00
     0     3      658.00      324.00        0.00
     0     3      659.00      320.00        0.00
     0     3      659.00      314.00        0.00
     0     3      660.00      310.00        0.00
     0     3      662.00      307.00        0.00
     0     3      665.00      302.00        0.00
     0     3      667.00      299.00        0.00
     0     3      669.00      295.00        0.00
     0     3      672.00      291.00        0.00
     0     3      675.00      287.00        0.00
     0     3      677.00      283.00        0.00
     0     3      680.00      280.00        0.00
     0     3      682.00      277.00        0.00
     0     3      685.00      273.00        0.00
     0     3      688.00      269.00        0.00
     0     3      690.00      265.00        0.00
     0     3      693.00      259.00        0.00
     0     3      695.00      255.00        0.00
     0     3      698.00      252.00        0.00
     0     3      701.00      249.00        0.00
     0     3      706.00      246.00        0.00
     0     3      711.00      243.00        0.00
     0     3      718.00      239.00        0.00
     0     3      723.00      236.00        0.00
     0     3      729.00      233.00        0.00
     0     3      735.00      230.00        0.00
     0     3      741.00      229.00        0.00
     0     3      748.00      228.00        0.00
     0     3      755.00      228.00        0.00
     0     3      764.00      228.00        0.00
     0     3      770.00      228.00        0.00
     0     3      776.00      229.00        0.00
     0     3      782.00      229.00        0.00
     0     3      788.00      230.00        0.00
     0     3      794.00      230.00        0.00
     0     3      798.00      230.00        0.00
     0     3      804.00      230.00        0.00
     0     3      808.00      229.00        0.00
     0     3      813.00      228.00        0.00
     0     3      817.00      227.00        0.00
     0     3      823.00      225.00        0.00
     0     3      829.00      224.00        0.00
     0     3      834.00      224.00        0.00
     0     3      839.00      224.00        0.00
     0     3      844.00      224.00        0.00
     0     3      850.00      224.00        0.00
     0     3      856.00      226.00        0.00
     0     3      860.00      227.00        0.00
     0     3      864.00      228.00        0.00
     0     3      868.00      230.00        0.00
     0     3      872.00      233.00        0.00
     0     3      876.00      235.00        0.00
     0     3      880.00      238.00        0.00
     0     3      886.00      242.00        0.00
     0     3      891.00      246.00        0.00
     0     3      896.00      250.00        0.00
     0     3      901.00      254.00        0.00
     0     3      905.00      257.00        0.00
     0     3      909.00      261.00        0.00
     0     3      913.00      263.00        0.00
     0     3      916.00      266.00        0.00
     0     3      920.00      269.00        0.00
     0     3      924.00      272.00        0.00
     0     3      927.00      276.00        0.00
     0     3      930.00      280.00        0.00
     0     3      934.00      284.00        0.00
     0     3      937.00      288.00        0.00
     0     3      940.00      291.00        0.00
     0     3      942.00      294.00        0.00
     0     3      944.00      298.00        0.00
     0     3      946.00      301.00        0.00
     0     3      948.00      307.00        0.00
     0     3      949.00      310.00        0.00
     0     3      949.00      315.00        0.00
     0     3      949.00      319.00        0.00
     0     3      949.00      324.00        0.00
     0     3      949.00      329.00        0.00
     0     3      949.00      335.00        0.00
     0     3      950.00      342.00        0.00
     0     3      950.00      347.00        0.00
     0     3      950.00      353.00        0.00
     0     3      950.00      358.00        0.00
     0     3      950.00      363.00        0.00
     0     3      949.00      367.00        0.00
     0     3      948.00      371.00        0.00
     0     3      945.00      377.00        0.00
     0     3      942.00      381.00        0.00
     0     3      938.00      386.00        0.00
     0     3      935.00      389.00        0.00
     0     3      931.00      393.00        0.00
     0     3      928.00      396.00        0.00
     0     3      924.00      400.00        0.00
     0     3      921.00      403.00        0.00
     0     3      918.00      405.00        0.00
     0     3      915.00      410.00        0.00
     0     3      912.00      413.00        0.00
     0     3      909.00      417.00        0.00
     0     3      907.00      420.00        0.00
     0     3      904.00      425.00        0.00
     0     3      901.00      430.00        0.00
     0     3      898.00      435.00        0.00
     0     3      896.00      438.00        0.00
     0     3      894.00      442.00        0.00
     0     3      891.00      446.00        0.00
     0     3      889.00      449.00        0.00
     0     3      886.00      453.00        0.00
     0     3      884.00      456.00        0.00
     0     3      880.00      460.00        0.00
     0     3      877.00      462.00        0.00
     0     3      873.00      466.00        0.00
     0     3      870.00      469.00        0.00
     0     3      866.00      472.00        0.00
     0     3      861.00      476.00        0.00
     0     3      857.00      479.00        0.00
     0     3      853.00      483.00        0.00
     0     3      850.00      485.00        0.00
     0     3      845.00      488.00        0.00
     0     3      842.00      491.00        0.00
     0     3      837.00      494.00        0.00
     0     3      833.00      497.00        0.00
     0     3      829.00      501.00        0.00
     0     3      825.00      504.00        0.00
     0     3      821.00      506.00        0.00
     0     3      817.00      510.00        0.00
     0     3      813.00      513.00        0.00
     0     3      810.00      516.00        0.00
     0     3      807.00      518.00        0.00
     0     3      803.00      521.00        0.00
     0     3      800.00      523.00        0.00
     0     3      795.00      525.00        0.00
     0     3      791.00      527.00        0.00
     0     3      787.00      528.00        0.00
     0     3      782.00      530.00        0.00
     0     3      779.00      531.00        0.00
     0     3      774.00      533.00        0.00
     0     3      769.00      534.00        0.00
     0     3      766.00      535.00        0.00
     0     3      760.00      536.00        0.00
     0     3      757.00      538.00        0.00
     0     3      753.00      539.00        0.00
     0     3      747.00      540.00        0.00
     0     3      744.00      541.00        0.00
     0     3      741.00      542.00        0.00
     0     3      738.00      543.00        0.00
     0     3      735.00      545.00        0.00
     0     3      732.00      546.00        0.00
     0     3      729.00      547.00        0.00
     0     3      725.00      548.00        0.00
     0     3      721.00      550.00        0.00
     0     3      718.00      551.00        0.00
     0     3      715.00      553.00        0.00
     0     3      711.00      555.00        0.00
     0     3      708.00      556.00        0.00
     0     3      704.00      558.00        0.00
     0     3      701.00      559.00        0.00
     0     3      697.00      561.00        0.00
     0     3      692.00      562.00        0.00
     0     3      689.00      564.00        0.00
     0     3      685.00      565.00        0.00
     0     3      681.00      567.00        0.00
     0     3      678.00      569.00        0.00
     0     3      675.00      571.00        0.00
     0     3      672.00      573.00        0.00
     0     3      669.00      576.00        0.00
     0     3      666.00      578.00        0.00
     0     3      663.00      580.00        0.00
     0     3      660.00      582.00        0.00
     0     3      657.00      584.00        0.00
     0     3      653.00      587.00        0.00
     0     3      650.00      589.00        0.00
     0     3      647.00      592.00        0.00
     0     3      643.00      595.00        0.00
     0     3      639.00      599.00        0.00
     0     3      635.00      602.00        0.00
     0     3      630.00      607.00        0.00
     0     3      626.00      611.00        0.00
     0     3      621.00      616.00        0.00
     0     3      617.00      619.00        0.00
     0     3      612.00      622.00        0.00
     0     3      608.00      625.00        0.00
     0     3      604.00      627.00        0.00
     0     3      599.00      629.00        0.00
     0     3      595.00      631.00        0.00
     0     3      589.00      634.00        0.00
     0     3      584.00      636.00        0.00
     0     3      579.00      638.00        0.00
     0     3      575.00      640.00        0.00
     0     3      570.00      643.00        0.00
     0     3      567.00      644.00        0.00
     0     3      564.00      646.00        0.00
     0     3      560.00      648.00        0.00
     0     3      556.00      651.00        0.00
     0     3      553.00      653.00        0.00
     0     3      550.00      655.00        0.00
     0     3      546.00      658.00        0.00
     0     3      542.00      661.00        0.00
     0     3      539.00      664.00        0.00
     0     3      536.00      667.00        0.00
     0     3      533.00      669.00        0.00
     0     3      530.00      671.00        0.00
     0     3      527.00      673.00        0.00
     0     3      524.00      675.00        0.00
     0     3      521.00      678.00        0.00
     0     3      518.00      680.00        0.00
     0     3      517.00      683.00        0.00
     0     3      515.00      686.00        0.00
     0     3      513.00      690.00        0.00
     0     3      513.00      694.00        0.00
     0     3      512.00      697.00        0.00
     0     3      512.00      701.00        0.00
     0     3      511.00      704.00        0.00
     0     3      511.00      708.00        0.00
     0     3      510.00      711.00        0.00
     0     3      509.00      714.00        0.00
     0     3      508.00      717.00        0.00
     0     3      506.00      720.00        0.00
     0     3      502.00      724.00        0.00
     0     3      496.00      727.00        0.00
     0     3      478.00      745.00        0.00
     0     3      475.00      748.00        0.00
     0     3      471.00      752.00        0.00
     0     3      467.00      754.00        0.00
     0     3      462.00      757.00        0.00
     0     3      459.00      759.00        0.00
     0     3      456.00      760.00        0.00
     0     3      453.00      762.00        0.00
     0     3      449.00      765.00        0.00
     0     3      445.00      768.00        0.00
     0     3      442.00      771.00        0.00
     0     3      439.00      774.00        0.00
     0     3      436.00      777.00        0.00
     0     3      433.00      780.00        0.00
     0     3      430.00      783.00        0.00
     0     3      427.00      786.00        0.00
     0     3      425.00      789.00        0.00
     0     3      423.00      792.00        0.00
     0     3      421.00      795.00        0.00
     0     3      418.00      798.00        0.00
     0     3      415.00      801.00        0.00
     0     3      413.00      804.00        0.00
     0     3      410.00      806.00        0.00
     0     3      407.00      809.00        0.00
     0     3      404.00      811.00        0.00
     0     3      401.00      814.00        0.00
     0     3      398.00      816.00        0.00
     0     3      395.00      819.00        0.00
     0     3      392.00      821.00        0.00
     0     3      389.00      822.00        0.00
     0     3      386.00      825.00        0.00
     0     3      385.00      828.00        0.00
     0     3      382.00      830.00        0.00
     0     3      362.00      809.00        0.00
     0     3      353.00      800.00        0.00
     0     3      349.00      795.00        0.00
     0     3      344.00      790.00        0.00
     0     3      340.00      784.00        0.00
     0     3      336.00      777.00        0.00
     0     3      333.00      769.00        0.00
     0     3      331.00      763.00        0.00
     0     3      330.00      755.00        0.00
     0     3      329.00      749.00        0.00
     0     3      328.00      743.00        0.00
     0     3      327.00      734.00        0.00
     0     3      325.00      727.00        0.00
     0     3      324.00      720.00        0.00
     0     3      324.00      712.00        0.00
     0     3      324.00      704.00        0.00
     0     3      325.00      698.00        0.00
     0     3      327.00      692.00        0.00
     0     3      330.00      685.00        0.00
     0     3      334.00      679.00        0.00
     0     3      337.00      674.00        0.00
     0     3      342.00      670.00        0.00
     0     3      347.00      665.00        0.00
     0     3      352.00      661.00        0.00
     0     3      359.00      656.00        0.00
     0     3      363.00      653.00        0.00
     0     3      366.00      649.00        0.00
     0     3      369.00      645.00        0.00
     0     3      372.00      641.00        0.00
     0     3      374.00      638.00        0.00
     0     3      376.00      634.00        0.00
     0     3      380.00      630.00        0.00
     0     3      383.00      626.00        0.00
     0     3      388.00      622.00        0.00
     0     3      391.00      617.00        0.00
     0     3      396.00      613.00        0.00
     0     3      400.00      609.00        0.00
     0     3      405.00      605.00        0.00
     0     3      408.00      601.00        0.00
     0     3      412.00      597.00        0.00
     0     3      419.00      591.00        0.00
     0     3      421.00      588.00        0.00
     0     3      424.00      585.00        0.00
     0     3      426.00      582.00        0.00
     0     3      429.00      578.00        0.00
     0     3      433.00      575.00        0.00
     0     3      437.00      573.00        0.00
     0     3      441.00      571.00        0.00
     0     3      444.00      569.00        0.00
     0     3      447.00      568.00        0.00
     0     3      451.00      565.00        0.00
     0     3      457.00      563.00        0.00
     0     3      461.00      561.00        0.00
     0     3      464.00      559.00        0.00
     0     3      468.00      557.00        0.00
     0     3      471.00      555.00        0.00
     0     3      475.00      553.00        0.00
     0     3      478.00      551.00        0.00
     0     3      481.00      549.00        0.00
     0     3      484.00      546.00        0.00
     0     3      487.00      545.00        0.00
     0     3      490.00      543.00        0.00
     0     3      493.00      542.00        0.00
     0     3      496.00      541.00        0.00
     0     3      499.00      540.00        0.00
     0     3      502.00      539.00        0.00
     0     3      505.00      536.00        0.00
     0     3      508.00      535.00        0.00
     0     3      511.00      533.00        0.00
     0     3      514.00      531.00        0.00
     0     3      516.00      528.00        0.00
     0     3      519.00      525.00        0.00
     0     3      522.00      524.00        0.00
     0     3      525.00      522.00        0.00
     0     3      528.00      520.00        0.00
     0     3      531.00      518.00        0.00
     0     3      534.00      516.00        0.00
     0     3      538.00      514.00        0.00
     1     0      168.00      667.50        0.00
     1     0      165.00      669.00        0.00
     1     0      161.00      669.00        0.00
     1     0      158.00      668.50        0.00
     1     0      154.50      667.00        0.00
     1     0      152.50      664.50        0.00
     1     0      151.00      661.00        0.00
     1     0      149.50      657.00        0.00
     1     0      148.50      654.50        0.00
     1     0      148.00      652.00        0.00
     1     0      148.00      649.00        0.00
     1     0      148.50      646.00        0.00
     1     0      151.00      643.00        0.00
     1     0      155.00      641.50        0.00
     1     0      158.00      641.00        0.00
     1     0      161.00      641.00        0.00
     1     0      164.00      641.50        0.00
     1     0      167.00      643.00        0.00
     1     0      169.50      645.00        0.00
     1     0      171.50      647.50        0.00
     1     0      174.00      650.00        0.00
     1     0      175.00      653.00        0.00
     1     0      176.00      655.50        0.00
     1     0      176.00      658.00        0.00
     1     0      174.50      660.00        0.00
     1     1      199.50      638.50        0.00
     1     1      194.00      639.50        0.00
     1     1      191.00      639.50        0.00
     1     1      188.50      638.50        0.00
     1     1      185.00      636.50        0.00
     1     1      182.50      634.00        0.00
     1     1      181.00      631.00        0.00
     1     1      180.00      628.50        0.00
     1     1      179.00      626.00        0.00
     1     1      179.00      623.50        0.00
     1     1      179.00      621.00        0.00
     1     1      180.50      618.00        0.00
     1     1      183.00      615.00        0.00
     1     1      185.50      612.50        0.00
     1     1      188.00      610.50        0.00
     1     1      190.50      609.50        0.00
     1     1      193.50      609.00        0.00
     1     1      196.00      609.00        0.00
     1     1      199.50      610.00        0.00
     1     1      202.00      611.50        0.00
     1     1      204.50      613.50        0.00
     1     1      206.50      615.00        0.00
     1     1      208.50      617.00        0.00
     1     1      210.00      619.00        0.00
     1     1      211.00      622.00        0.00
     1     1      210.50      625.00        0.00
     1     1      209.50      628.00        0.00
     1     1      207.00      629.50        0.00
     1     2      223.00      662.50        0.00
     1     2      222.00      674.50        0.00
     1     2      216.50      676.50        0.00
     1     2      213.50      677.00        0.00
     1     2      211.00      677.00        0.00
     1     2      208.00      676.00        0.00
     1     2      205.00      674.00        0.00
     1     2      203.50      672.00        0.00
     1     2      203.50      669.50        0.00
     1     2      203.50      667.00        0.00
     1     2      204.00      664.50        0.00
     1     2      205.00      661.50        0.00
     1     2      206.50      659.50        0.00
     1     2      209.00      658.00        0.00
     1     2      212.50      658.00        0.00
     1     2      216.00      658.50        0.00
     1     2      219.00      660.00        0.00
     1     3      261.00      666.50        0.00
     1     3      256.00      668.50        0.00
     1     3      252.00      668.50        0.00
     1     3      249.50      668.50        0.00
     1     3      246.50      668.00        0.00
     1     3      244.00      667.00        0.00
     1     3      241.50      666.00        0.00
     1     3      239.50      663.50        0.00
     1     3      238.50      660.50        0.00
     1     3      238.50      658.00        0.00
     1     3      241.00      655.00        0.00
     1     3      244.50      652.50        0.00
     1     3      248.50      650.50        0.00
     1     3      251.00      650.00        0.00
     1     3      254.50      649.00        0.00
     1     3      257.50      649.50        0.00
     1     3      260.00      650.50        0.00
     1     3      262.00      652.50        0.00
     1     3      263.00      655.00        0.00
     1     3      262.50      657.50        0.00
     1     4      185.50      500.00        0.00
     1     4      181.00      502.50        0.00
     1     4      178.00      504.00        0.00
     1     4      175.50      504.50        0.00
     1     4      171.50      506.00        0.00
     1     4      168.00      506.00        0.00
     1     4      165.00      506.00        0.00
     1     4      162.00      504.50        0.00
     1     4      160.50      502.50        0.00
     1     4      160.00      499.50        0.00
     1     4      159.50      497.00        0.00
     1     4      159.50      494.00        0.00
     1     4      161.00      490.00        0.00
     1     4      162.50      487.50        0.00
     1     4      164.50      485.00        0.00
     1     4      166.50      483.00        0.00
     1     4      169.50      480.50        0.00
     1     4      172.00      480.00        0.00
     1     4      175.00      479.50        0.00
     1     4      177.50      479.50        0.00
     1     4      180.50      479.50        0.00
     1     4      183.00      480.00        0.00
     1     4      185.00      481.50        0.00
     1     4      187.00      483.50        0.00
     1     4      188.00      486.50        0.00
     1     4      188.50      490.00        0.00
     1     4      188.50      492.50        0.00
     1     5      271.00      346.00        0.00
     1     5      270.50      349.00        0.00
     1     5      270.50      351.50        0.00
     1     5      270.50      355.50        0.00
     1     5      269.00      359.00        0.00
     1     5      267.50      361.50        0.00
     1     5      265.50      363.00        0.00
     1     5      262.50      363.50        0.00
     1     5      259.00      362.50        0.00
     1     5      256.00      360.50        0.00
     1     5      254.00      358.00        0.00
     1     5      253.00      355.50        0.00
     1     5      252.00      353.00        0.00
     1     5      251.50      349.50        0.00
     1     5      251.50      345.00        0.00
     1     5      252.00      342.00        0.00
     1     5      253.00      338.50        0.00
     1     5      254.50      336.00        0.00
     1     5      257.00      334.50        0.00
     1     5      259.50      334.50        0.00
     1     5      262.00      336.50        0.00
     1     5      263.00      339.00        0.00
     1     6      288.00      337.00        0.00
     1     6      282.50      338.50        0.00
     1     6      279.00      338.50        0.00
     1     6      276.50      338.50        0.00
     1     6      274.00      337.50        0.00
     1     6      272.50      335.50        0.00
     1     6      270.50      332.50        0.00
     1     6      269.50      330.00        0.00
     1     6      269.50      326.50        0.00
     1     6      269.50      323.50        0.00
     1     6      270.50      321.00        0.00
     1     6      272.50      318.00        0.00
     1     6      275.00      316.00        0.00
     1     6      279.00      314.50        0.00
     1     6      282.50      314.00        0.00
     1     6      286.00      314.50        0.00
     1     6      288.50      315.50        0.00
     1     6      291.00      316.50        0.00
     1     6      293.00      318.00        0.00
     1     6      295.00      320.00        0.00
     1     6      296.00      322.50        0.00
     1     6      296.00      325.50        0.00
     1     6      295.00      328.00        0.00
     1     6      293.00      330.00        0.00
     1     6      289.50      331.00        0.00
     1     7      488.50      253.50        0.00
     1     7      484.50      258.00        0.00
     1     7      483.00      260.00        0.00
     1     7      480.50      261.50        0.00
     1     7      478.00      263.00        0.00
     1     7      474.50      263.50        0.00
     1     7      471.50      263.50        0.00
     1     7      468.50      262.50        0.00
     1     7      467.00      260.00        0.00
     1     7      466.00      257.00        0.00
     1     7      465.50      253.50        0.00
     1     7      465.00      251.00        0.00
     1     7      465.50      248.50        0.00
     1     7      467.00      245.50        0.00
     1     7      470.00      242.50        0.00
     1     7      472.00      241.00        0.00
     1     7      475.50      240.00        0.00
     1     7      478.00      239.50        0.00
     1     7      481.00      239.00        0.00
     1     7      483.50      239.00        0.00
     1     7      486.00      239.50        0.00
     1     7      489.00      241.00        0.00
     1     7      490.50      243.50        0.00
     1     7      490.50      246.50        0.00
     1     8      611.50      392.50        0.00
     1     8      606.00      395.00        0.00
     1     8      603.00      395.50        0.00
     1     8      600.50      395.50        0.00
     1     8      598.00      395.50        0.00
     1     8      595.50      393.50        0.00
     1     8      594.00      391.50        0.00
     1     8      593.00      388.50        0.00
     1     8      592.50      386.00        0.00
     1     8      592.50      383.50        0.00
     1     8      593.00      380.50        0.00
     1     8      593.50      378.00        0.00
     1     8      594.50      375.50        0.00
     1     8      596.00      373.50        0.00
     1     8      597.50      371.50        0.00
     1     8      600.00      369.50        0.00
     1     8      602.50      368.50        0.00
     1     8      605.00      368.50        0.00
     1     8      607.50      368.00        0.00
     1     8      610.00      368.00        0.00
     1     8      612.50      368.00        0.00
     1     8      615.00      368.00        0.00
     1     8      617.50      368.00        0.00
     1     8      619.50      369.50        0.00
     1     8      620.50      372.00        0.00
     1     8      621.00      374.50        0.00
     1     8      621.00      377.00        0.00
     1     8      620.50      379.50        0.00
     1     8      620.00      382.50        0.00
     1     8      618.00      385.00        0.00
     1     8      616.00      386.50        0.00
     1     8      613.50      387.00        0.00
     1     9      599.50      413.50        0.00
     1     9      601.50      418.50        0.00
     1     9      601.50      421.50        0.00
     1     9      601.50      424.50        0.00
     1     9      600.50      427.00        0.00
     1     9      598.50      429.00        0.00
     1     9      596.50      430.50        0.00
     1     9      593.50      432.00        0.00
     1     9      591.00      432.00        0.00
     1     9      588.50      432.00        0.00
     1     9      586.00      432.00        0.00
     1     9      583.50      431.00        0.00
     1     9      581.50      429.50        0.00
     1     9      580.00      427.50        0.00
     1     9      579.00      425.00        0.00
     1     9      578.50      422.50        0.00
     1     9      578.50      420.00        0.00
     1     9      578.50      417.50        0.00
     1     9      579.50      414.00        0.00
     1     9      581.00      411.50        0.00
     1     9      583.50      409.50        0.00
     1     9      585.50      408.00        0.00
     1     9      588.00      407.50        0.00
     1     9      590.50      407.00        0.00
     1     9      593.00      407.00        0.00
     1    10      574.50      455.50        0.00
     1    10      574.50      461.50        0.00
     1    10      575.50      464.00        0.00
     1    10      575.50      466.50        0.00
     1    10      574.50      469.00        0.00
     1    10      572.50      470.50        0.00
     1    10      570.00      471.50        0.00
     1    10      567.50      472.00        0.00
     1    10      565.00      471.50        0.00
     1    10      562.00      470.00        0.00
     1    10      560.50      467.50        0.00
     1    10      560.00      465.00        0.00
     1    10      559.50      461.50        0.00
     1    10      559.50      459.00        0.00
     1    10      559.50      456.50        0.00
     1    10      561.00      454.00        0.00
     1    10      563.00      452.50        0.00
     1    10      564.50      450.50        0.00
     1    10      567.00      449.50        0.00
     1    10      569.50      449.00        0.00
     1    10      572.50      449.00        0.00
     1    11      553.50      488.00        0.00
     1    11      553.50      493.50        0.00
     1    11      553.50      496.00        0.00
     1    11      552.50      498.50        0.00
     1    11      550.00      501.00        0.00
     1    11      548.00      503.00        0.00
     1    11      545.50      504.00        0.00
     1    11      542.50      504.00        0.00
     1    11      538.00      504.00        0.00
     1    11      535.00      503.00        0.00
     1    11      532.50      500.00        0.00
     1    11      531.00      498.00        0.00
     1    11      530.50      495.50        0.00
     1    11      529.50      492.50        0.00
     1    11      529.00      489.50        0.00
     1    11      529.00      487.00        0.00
     1    11      529.50      484.00        0.00
     1    11      530.50      481.00        0.00
     1    11      532.00      479.00        0.00
     1    11      534.50      477.00        0.00
     1    11      537.50      475.50        0.00
     1    11      541.50      475.50        0.00
     1    11      544.00      476.50        0.00
     1    11      546.50      477.50        0.00
     1    11      549.00      479.00        0.00
     1    11      551.00      480.50        0.00
     1    12      372.00      569.00        0.00
     1    12      366.00      571.00        0.00
     1    12      363.50      571.50        0.00
     1    12      361.00      572.00        0.00
     1    12      357.50      571.50        0.00
     1    12      354.50      570.50        0.00
     1    12      352.50      568.50        0.00
     1    12      351.50      566.00        0.00
     1    12      350.50      562.00        0.00
     1    12      350.50      559.00        0.00
     1    12      351.00      555.50        0.00
     1    12      352.50      551.50        0.00
     1    12      354.50      549.00        0.00
     1    12      357.00      546.00        0.00
     1    12      360.50      544.50        0.00
     1    12      364.00      544.50        0.00
     1    12      367.00      544.50        0.00
     1    12      370.00      545.00        0.00
     1    12      372.50      546.00        0.00
     1    12      374.00      548.00        0.00
     1    12      375.50      551.00        0.00
     1    12      376.50      554.50        0.00
     1    12      377.00      557.00        0.00
     1    12      377.00      559.50        0.00
     1    12      375.00      561.00        0.00
     1    13      409.50      554.50        0.00
     1    13      403.50      555.50        0.00
     1    13      401.00      554.50        0.00
     1    13      398.00      552.00        0.00
     1    13      397.00      549.00        0.00
     1    13      396.50      544.50        0.00
     1    13      396.50      540.50        0.00
     1    13      397.50      536.50        0.00
     1    13      400.00      534.50        0.00
     1    13      404.50      532.50        0.00
     1    13      407.00      532.50        0.00
     1    13      410.00      534.00        0.00
     1    13      413.00      536.50        0.00
     1    13      415.00      539.50        0.00
     1    13      415.00      543.00        0.00
     1    13      415.00      545.50        0.00
     1    13      414.00      548.00        0.00
     1    14      399.50      573.50        0.00
     1    14      401.00      578.50        0.00
     1    14      401.00      581.00        0.00
     1    14      399.50      583.50        0.00
     1    14      398.00      585.50        0.00
     1    14      396.00      587.50        0.00
     1    14      393.50      588.00        0.00
     1    14      391.00      588.50        0.00
     1    14      388.50      588.50        0.00
     1    14      385.50      586.50        0.00
     1    14      383.50      584.00        0.00
     1    14      382.50      581.50        0.00
     1    14      382.50      578.50        0.00
     1    14      384.00      575.50        0.00
     1    14      387.00      572.50        0.00
     1    14      389.50      570.50        0.00
     1    14      392.00      570.50        0.00
     1    14      395.50      572.00        0.00
     1    15      364.00      589.00        0.00
     1    15      364.00      594.50        0.00
     1    15      363.00      600.00        0.00
     1    15      361.00      602.50        0.00
     1    15      359.00      604.50        0.00
     1    15      356.50      606.50        0.00
     1    15      354.00      607.50        0.00
     1    15      351.00      608.50        0.00
     1    15      348.50      608.50        0.00
     1    15      346.00      609.00        0.00
     1    15      343.50      609.00        0.00
     1    15      341.50      607.00        0.00
     1    15      340.50      604.50        0.00
     1    15      340.50      601.00        0.00
     1    15      340.50      598.50        0.00
     1    15      341.50      595.50        0.00
     1    15      343.00      593.00        0.00
     1    15      345.00      590.50        0.00
     1    15      347.50      588.50        0.00
     1    15      350.00      587.00        0.00
     1    15      353.50      585.50        0.00
     1    15      356.50      585.50        0.00
     1    15      359.50      586.50        0.00
     1    17      632.50      643.50        0.00
     1    17      630.50      645.00        0.00
     1    17      627.50      646.00        0.00
     1    17      625.00      646.50        0.00
     1    17      622.00      646.50        0.00
     1    17      619.00      646.50        0.00
     1    17      616.00      645.50        0.00
     1    17      613.00      644.00        0.00
     1    17      611.50      641.00        0.00
     1    17      610.50      638.50        0.00
     1    17      610.00      635.50        0.00
     1    17      610.00      632.50        0.00
     1    17      609.50      629.50        0.00
     1    17      610.50      626.50        0.00
     1    17      612.00      623.50        0.00
     1    17      613.50      621.50        0.00
     1    17      616.00      619.00        0.00
     1    17      619.00      617.50        0.00
     1    17      622.00      616.50        0.00
     1    17      624.50      616.50        0.00
     1    17      627.50      616.50        0.00
     1    17      630.50      617.50        0.00
     1    17      633.00      619.00        0.00
     1    17      635.00      621.00        0.00
     1    17      636.00      623.50        0.00
     1    17      637.00      626.00        0.00
     1    17      637.50      628.50        0.00
     1    17      637.50      631.50        0.00
     1    17      637.00      634.00        0.00
     1    17      635.50      636.50        0.00
     1    18      658.50      606.50        0.00
     1    18      660.00      610.00        0.00
     1    18      660.00      613.00        0.00
     1    18      658.00      615.50        0.00
     1    18      656.00      617.00        0.00
     1    18      653.50      618.00        0.00
     1    18      650.00      618.50        0.00
     1    18      647.00      619.00        0.00
     1    18      644.50      618.50        0.00
     1    18      642.50      616.50        0.00
     1    18      641.50      614.00        0.00
     1    18      641.00      611.50        0.00
     1    18      640.50      608.50        0.00
     1    18      640.50      606.00        0.00
     1    18      641.00      603.50        0.00
     1    18      643.00      601.50        0.00
     1    18      645.00      600.00        0.00
     1    18      648.00      600.00        0.00
     1    18      650.50      600.00        0.00
     1    18      652.00      602.00        0.00
     1    19      696.50      584.50        0.00
     1    19      695.00      588.00        0.00
     1    19      693.50      590.50        0.00
     1    19      691.50      592.00        0.00
     1    19      689.50      593.50        0.00
     1    19      687.50      595.00        0.00
     1    19      684.00      595.50        0.00
     1    19      681.50      595.50        0.00
     1    19      678.50      595.00        0.00
     1    19      675.50      593.50        0.00
     1    19      673.50      592.00        0.00
     1    19      672.00      589.00        0.00
     1    19      671.50      586.50        0.00
     1    19      671.50      584.00        0.00
     1    19      671.50      580.50        0.00
     1    19      672.00      578.00        0.00
     1    19      672.50      575.50        0.00
     1    19      673.50      573.00        0.00
     1    19      675.00      570.00        0.00
     1    19      676.50      568.00        0.00
     1    19      678.50      566.00        0.00
     1    19      680.00      563.50        0.00
     1    19      682.00      561.50        0.00
     1    19      684.00      560.00        0.00
     1    19      686.50      559.00        0.00
     1    19      689.50      557.50        0.00
     1    19      692.50      556.00        0.00
     1    19      695.50      555.00        0.00
     1    19      698.00      555.00        0.00
     1    19      700.50      555.00        0.00
     1    19      703.00      556.50        0.00
     1    19      705.00      558.00        0.00
     1    19      706.50      560.50        0.00
     1    19      707.00      563.00        0.00
     1    19      707.50      566.00        0.00
     1    19      707.50      569.00        0.00
     1    19      706.00      571.50        0.00
     1    19      704.50      574.00        0.00
     1    20      735.00      561.50        0.00
     1    20      735.50      567.00        0.00
     1    20      734.00      569.00        0.00
     1    20      731.50      570.50        0.00
     1    20      727.50      571.00        0.00
     1    20      724.50      570.00        0.00
     1    20      721.50      568.00        0.00
     1    20      719.50      565.50        0.00
     1    20      719.00      563.00        0.00
     1    20      718.00      560.50        0.00
     1    20      718.00      557.50        0.00
     1    20      718.00      554.00        0.00
     1    20      720.00      551.50        0.00
     1    20      722.50      550.50        0.00
     1    20      726.00      550.50        0.00
     1    20      728.50      552.00        0.00
     1    20      730.00      554.00        0.00
     1    21      763.50      553.50        0.00
     1    21      757.50      553.50        0.00
     1    21      754.00      557.50        0.00
     1    21      752.00      560.00        0.00
     1    21      749.00      561.50        0.00
     1    21      746.50      561.50        0.00
     1    21      744.00      561.50        0.00
     1    21      742.00      559.00        0.00
     1    21      740.50      556.00        0.00
     1    21      739.50      551.50        0.00
     1    21      739.00      548.50        0.00
     1    21      739.50      545.50        0.00
     1    21      740.50      543.00        0.00
     1    21      741.50      540.50        0.00
     1    21      743.50      538.00        0.00
     1    21      746.50      536.00        0.00
     1    21      749.50      534.50        0.00
     1    21      752.50      533.50        0.00
     1    21      755.00      532.00        0.00
     1    21      758.00      532.00        0.00
     1    21      761.00      531.50        0.00
     1    21      763.50      531.50        0.00
     1    21      766.00      531.50        0.00
     1    21      768.00      533.00        0.00
     1    21      770.50      534.50        0.00
     1    21      772.50      536.00        0.00
     1    21      773.50      538.50        0.00
     1    21      773.50      541.00        0.00
     1    21      772.50      544.00        0.00
     1    21      770.50      547.00        0.00
     1    22      860.00      218.50        0.00
     1    22      860.00      221.00        0.00
     1    22      858.50      223.00        0.00
     1    22      855.50      224.00        0.00
     1    22      853.00      224.00        0.00
     1    22      850.00      224.00        0.00
     1    22      847.00      224.00        0.00
     1    22      844.50      223.00        0.00
     1    22      842.50      221.00        0.00
     1    22      841.00      218.50        0.00
     1    22      841.00      216.00        0.00
     1    22      841.50      213.50        0.00
     1    22      843.00      210.50        0.00
     1    22      845.50      208.50        0.00
     1    22      848.00      207.50        0.00
     1    22      850.50      207.00        0.00
     1    22      853.50      207.00        0.00
     1    22      856.00      207.50        0.00
     1    22      858.50      209.00        0.00
     1    22      860.00      211.00        0.00
     1    22      860.00      213.50        0.00
