     0     0      491.00      550.00        0.00
     0     0      488.00      551.00        0.00
     0     0      484.00      551.00        0.00
     0     0      480.00      550.00        0.00
     0     0      476.00      550.00        0.00
     0     0      472.00      550.00        0.00
     0     0      468.00      550.00        0.00
     0     0      464.00      550.00        0.00
     0     0      460.00      550.00        0.00
     0     0      456.00      551.00        0.00
     0     0      452.00      551.00        0.00
     0     0      449.00      552.00        0.00
     0     0      446.00      553.00        0.00
     0     0      442.00      554.00        0.00
     0     0      437.00      554.00        0.00
     0     0      433.00      555.00        0.00
     0     0      428.00      556.00        0.00
     0     0      425.00      558.00        0.00
     0     0      422.00      559.00        0.00
     0     0      419.00      560.00        0.00
     0     0      416.00      561.00        0.00
     0     0      413.00      562.00        0.00
     0     0      410.00      563.00        0.00
     0     0      407.00      564.00        0.00
     0     0      404.00      565.00        0.00
     0     0      399.00      566.00        0.00
     0     0      393.00      567.00        0.00
     0     0      390.00      568.00        0.00
     0     0      386.00      568.00        0.00
     0     0      381.00      568.00        0.00
     0     0      375.00      569.00        0.00
     0     0      371.00      570.00        0.00
     0     0      366.00      570.00        0.00
     0     0      360.00      570.00        0.00
     0     0      355.00      571.00        0.00
     0     0      349.00      571.00        0.00
     0     0      345.00      571.00        0.00
     0     0      342.00      572.00        0.00
     0     0      336.00      572.00        0.00
     0     0      332.00      572.00        0.00
     0     0      328.00      572.00        0.00
     0     0      325.00      573.00        0.00
     0     0      320.00      573.00        0.00
     0     0      315.00      573.00        0.00
     0     0      311.00      574.00        0.00
     0     0      307.00      574.00        0.00
     0     0      303.00      575.00        0.00
     0     0      298.00      576.00        0.00
     0     0      294.00      577.00        0.00
     0     0      290.00      578.00        0.00
     0     0      286.00      578.00        0.00
     0     0      282.00      579.00        0.00
     0     0      276.00      580.00        0.00
     0     0      272.00      581.00        0.00
     0     0      266.00      583.00        0.00
     0     0      261.00      584.00        0.00
     0     0      255.00      585.00        0.00
     0     0      250.00      587.00        0.00
     0     0      246.00      588.00        0.00
     0     0      239.00      589.00        0.00
     0     0      234.00      589.00        0.00
     0     0      228.00      589.00        0.00
     0     0      223.00      589.00        0.00
     0     0      219.00      589.00        0.00
     0     0      216.00      588.00        0.00
     0     0      212.00      586.00        0.00
     0     0      209.00      585.00        0.00
     0     0      207.00      582.00        0.00
     0     0      205.00      577.00        0.00
     0     0      205.00      573.00        0.00
     0     0      205.00      568.00        0.00
     0     0      205.00      564.00        0.00
     0     0      205.00      560.00        0.00
     0     0      206.00      556.00        0.00
     0     0      207.00      552.00        0.00
     0     0      209.00      547.00        0.00
     0     0      210.00      542.00        0.00
     0     0      211.00      539.00        0.00
     0     0      214.00      533.00        0.00
     0     0      216.00      527.00        0.00
     0     0      218.00      522.00        0.00
     0     0      220.00      517.00        0.00
     0     0      223.00      512.00        0.00
     0     0      225.00      508.00        0.00
     0     0      226.00      505.00        0.00
     0     0      229.00      499.00        0.00
     0     0      232.00      494.00        0.00
     0     0      234.00      490.00        0.00
     0     0      238.00      485.00        0.00
     0     0      241.00      482.00        0.00
     0     0      242.00      479.00        0.00
     0     0      244.00      475.00        0.00
     0     0      246.00      472.00        0.00
     0     0      247.00      469.00        0.00
     0     0      251.00      465.00        0.00
     0     0      252.00      462.00        0.00
     0     0      255.00      458.00        0.00
     0     0      258.00      453.00        0.00
     0     0      260.00      449.00        0.00
     0     0      262.00      446.00        0.00
     0     0      263.00      443.00        0.00
     0     0      266.00      440.00        0.00
     0     0      268.00      437.00        0.00
     0     0      269.00      434.00        0.00
     0     0      272.00      431.00        0.00
     0     0      274.00      428.00        0.00
     0     0      275.00      424.00        0.00
     0     0      276.00      420.00        0.00
     0     0      278.00      417.00        0.00
     0     0      280.00      412.00        0.00
     0     0      282.00      408.00        0.00
     0     0      285.00      405.00        0.00
     0     0      287.00      402.00        0.00
     0     0      289.00      399.00        0.00
     0     0      291.00      396.00        0.00
     0     0      292.00      393.00        0.00
     0     0      294.00      390.00        0.00
     0     0      296.00      387.00        0.00
     0     0      300.00      383.00        0.00
     0     0      303.00      380.00        0.00
     0     0      306.00      376.00        0.00
     0     0      310.00      371.00        0.00
     0     0      313.00      367.00        0.00
     0     0      316.00      364.00        0.00
     0     0      319.00      361.00        0.00
     0     0      321.00      358.00        0.00
     0     0      324.00      355.00        0.00
     0     0      326.00      352.00        0.00
     0     0      328.00      349.00        0.00
     0     0      330.00      346.00        0.00
     0     0      332.00      343.00        0.00
     0     0      335.00      339.00        0.00
     0     0      337.00      336.00        0.00
     0     0      340.00      332.00        0.00
     0     0      342.00      328.00        0.00
     0     0      345.00      325.00        0.00
     0     0      348.00      322.00        0.00
     0     0      350.00      319.00        0.00
     0     0      352.00      316.00        0.00
     0     0      356.00      312.00        0.00
     0     0      360.00      309.00        0.00
     0     0      363.00      307.00        0.00
     0     0      366.00      305.00        0.00
     0     0      369.00      303.00        0.00
     0     0      373.00      301.00        0.00
     0     0      376.00      300.00        0.00
     0     0      379.00      299.00        0.00
     0     0      382.00      298.00        0.00
     0     0      386.00      297.00        0.00
     0     0      389.00      296.00        0.00
     0     0      394.00      295.00        0.00
     0     0      397.00      293.00        0.00
     0     0      401.00      292.00        0.00
     0     0      404.00      290.00        0.00
     0     0      407.00      289.00        0.00
     0     0      410.00      287.00        0.00
     0     0      413.00      285.00        0.00
     0     0      416.00      284.00        0.00
     0     0      421.00      282.00        0.00
     0     0      424.00      280.00        0.00
     0     0      428.00      276.00        0.00
     0     0      431.00      274.00        0.00
     0     0      434.00      272.00        0.00
     0     0      438.00      270.00        0.00
     0     0      442.00      269.00        0.00
     0     0      446.00      268.00        0.00
     0     0      450.00      268.00        0.00
     0     0      456.00      268.00        0.00
     0     0      461.00      268.00        0.00
     0     0      468.00      267.00        0.00
     0     0      474.00      267.00        0.00
     0     0      482.00      267.00        0.00
     0     0      488.00      267.00        0.00
     0     0      497.00      267.00        0.00
     0     0      504.00      267.00        0.00
     0     0      512.00      268.00        0.00
     0     0      516.00      268.00        0.00
     0     0      520.00      269.00        0.00
     0     0      526.00      270.00        0.00
     0     0      529.00      271.00        0.00
     0     0      534.00      272.00        0.00
     0     0      538.00      273.00        0.00
     0     0      542.00      274.00        0.00
     0     0      546.00      276.00        0.00
     0     0      552.00      278.00        0.00
     0     0      557.00      279.00        0.00
     0     0      562.00      280.00        0.00
     0     0      567.00      282.00        0.00
     0     0      571.00      282.00        0.00
     0     0      577.00      284.00        0.00
     0     0      584.00      285.00        0.00
     0     0      589.00      286.00        0.00
     0     0      595.00      287.00        0.00
     0     0      601.00      288.00        0.00
     0     0      605.00      290.00        0.00
     0     0      608.00      291.00        0.00
     0     0      613.00      292.00        0.00
     0     0      617.00      294.00        0.00
     0     0      624.00      297.00        0.00
     0     0      628.00      299.00        0.00
     0     0      635.00      302.00        0.00
     0     0      641.00      304.00        0.00
     0     0      646.00      307.00        0.00
     0     0      650.00      310.00        0.00
     0     0      654.00      313.00        0.00
     0     0      660.00      318.00        0.00
     0     0      663.00      322.00        0.00
     0     0      669.00      327.00        0.00
     0     0      673.00      332.00        0.00
     0     0      678.00      338.00        0.00
     0     0      682.00      343.00        0.00
     0     0      684.00      348.00        0.00
     0     0      685.00      352.00        0.00
     0     0      688.00      357.00        0.00
     0     0      689.00      363.00        0.00
     0     0      690.00      367.00        0.00
     0     0      690.00      373.00        0.00
     0     0      691.00      379.00        0.00
     0     0      691.00      383.00        0.00
     0     0      692.00      388.00        0.00
     0     0      693.00      394.00        0.00
     0     0      692.00      397.00        0.00
     0     0      692.00      402.00        0.00
     0     0      692.00      406.00        0.00
     0     0      692.00      410.00        0.00
     0     0      691.00      416.00        0.00
     0     0      690.00      421.00        0.00
     0     0      689.00      424.00        0.00
     0     0      688.00      427.00        0.00
     0     0      686.00      431.00        0.00
     0     0      685.00      434.00        0.00
     0     0      684.00      437.00        0.00
     0     0      683.00      440.00        0.00
     0     0      680.00      444.00        0.00
     0     0      678.00      447.00        0.00
     0     0      675.00      450.00        0.00
     0     0      673.00      453.00        0.00
     0     0      670.00      455.00        0.00
     0     0      667.00      458.00        0.00
     0     0      664.00      461.00        0.00
     0     0      662.00      464.00        0.00
     0     0      658.00      467.00        0.00
     0     0      655.00      469.00        0.00
     0     0      652.00      471.00        0.00
     0     0      649.00      473.00        0.00
     0     0      646.00      475.00        0.00
     0     0      643.00      477.00        0.00
     0     0      640.00      478.00        0.00
     0     0      637.00      481.00        0.00
     0     0      634.00      484.00        0.00
     0     0      631.00      487.00        0.00
     0     0      628.00      490.00        0.00
     0     0      625.00      492.00        0.00
     0     0      621.00      495.00        0.00
     0     0      618.00      496.00        0.00
     0     0      614.00      498.00        0.00
     0     0      611.00      500.00        0.00
     0     0      606.00      502.00        0.00
     0     0      602.00      504.00        0.00
     0     0      598.00      507.00        0.00
     0     0      595.00      509.00        0.00
     0     0      592.00      511.00        0.00
     0     0      589.00      513.00        0.00
     0     0      586.00      514.00        0.00
     0     0      582.00      516.00        0.00
     0     0      580.00      519.00        0.00
     0     0      576.00      521.00        0.00
     0     0      572.00      524.00        0.00
     0     0      569.00      526.00        0.00
     0     0      566.00      529.00        0.00
     0     0      563.00      530.00        0.00
     0     0      559.00      531.00        0.00
     0     0      555.00      532.00        0.00
     0     0      551.00      532.00        0.00
     0     0      548.00      533.00        0.00
     0     0      544.00      534.00        0.00
     0     0      539.00      535.00        0.00
     0     0      536.00      536.00        0.00
     0     0      531.00      536.00        0.00
     0     0      528.00      537.00        0.00
     0     0      524.00      538.00        0.00
     0     0      521.00      539.00        0.00
     0     0      518.00      540.00        0.00
     0     0      514.00      541.00        0.00
     0     0      511.00      542.00        0.00
     0     0      508.00      543.00        0.00
     0     0      505.00      545.00        0.00
     0     0      506.00      548.00        0.00
     0     1       13.00      855.00        0.00
     0     1       17.00      855.00        0.00
     0     1       21.00      855.00        0.00
     0     1       27.00      856.00        0.00
     0     1       32.00      856.00        0.00
     0     1       38.00      856.00        0.00
     0     1       42.00      856.00        0.00
     0     1       48.00      856.00        0.00
     0     1       55.00      856.00        0.00
     0     1       62.00      856.00        0.00
     0     1       72.00      855.00        0.00
     0     1       85.00      854.00        0.00
     0     1       95.00      853.00        0.00
     0     1      107.00      852.00        0.00
     0     1      114.00      851.00        0.00
     0     1      120.00      850.00        0.00
     0     1      127.00      849.00        0.00
     0     1      131.00      847.00        0.00
     0     1      136.00      846.00        0.00
     0     1      144.00      845.00        0.00
     0     1      150.00      844.00        0.00
     0     1      156.00      843.00        0.00
     0     1      163.00      841.00        0.00
     0     1      169.00      839.00        0.00
     0     1      176.00      837.00        0.00
     0     1      184.00      834.00        0.00
     0     1      190.00      832.00        0.00
     0     1      196.00      830.00        0.00
     0     1      203.00      827.00        0.00
     0     1      210.00      825.00        0.00
     0     1      214.00      824.00        0.00
     0     1      221.00      823.00        0.00
     0     1      226.00      822.00        0.00
     0     1      232.00      820.00        0.00
     0     1      240.00      819.00        0.00
     0     1      245.00      819.00        0.00
     0     1      250.00      818.00        0.00
     0     1      255.00      817.00        0.00
     0     1      261.00      816.00        0.00
     0     1      265.00      815.00        0.00
     0     1      271.00      813.00        0.00
     0     1      276.00      812.00        0.00
     0     1      282.00      811.00        0.00
     0     1      288.00      809.00        0.00
     0     1      293.00      808.00        0.00
     0     1      300.00      806.00        0.00
     0     1      304.00      804.00        0.00
     0     1      311.00      802.00        0.00
     0     1      317.00      801.00        0.00
     0     1      324.00      799.00        0.00
     0     1      330.00      798.00        0.00
     0     1      337.00      798.00        0.00
     0     1      343.00      798.00        0.00
     0     1      350.00      798.00        0.00
     0     1      358.00      799.00        0.00
     0     1      363.00      799.00        0.00
     0     1      369.00      799.00        0.00
     0     1      373.00      798.00        0.00
     0     1      377.00      797.00        0.00
     0     1      381.00      796.00        0.00
     0     1      386.00      795.00        0.00
     0     1      392.00      795.00        0.00
     0     1      396.00      794.00        0.00
     0     1      399.00      793.00        0.00
     0     1      403.00      793.00        0.00
     0     1      407.00      793.00        0.00
     0     1      410.00      792.00        0.00
     0     1      413.00      791.00        0.00
     0     1      419.00      789.00        0.00
     0     1      423.00      788.00        0.00
     0     1      428.00      787.00        0.00
     0     1      436.00      785.00        0.00
     0     1      440.00      785.00        0.00
     0     1      445.00      784.00        0.00
     0     1      448.00      783.00        0.00
     0     1      452.00      781.00        0.00
     0     1      456.00      780.00        0.00
     0     1      459.00      779.00        0.00
     0     1      463.00      777.00        0.00
     0     1      469.00      775.00        0.00
     0     1      475.00      774.00        0.00
     0     1      478.00      772.00        0.00
     0     1      481.00      770.00        0.00
     0     1      484.00      769.00        0.00
     0     1      488.00      766.00        0.00
     0     1      491.00      763.00        0.00
     0     1      496.00      761.00        0.00
     0     1      499.00      758.00        0.00
     0     1      505.00      757.00        0.00
     0     1      509.00      756.00        0.00
     0     1      512.00      755.00        0.00
     0     1      519.00      753.00        0.00
     0     1      525.00      752.00        0.00
     0     1      531.00      751.00        0.00
     0     1      538.00      750.00        0.00
     0     1      543.00      749.00        0.00
     0     1      548.00      748.00        0.00
     0     1      554.00      747.00        0.00
     0     1      557.00      746.00        0.00
     0     1      560.00      745.00        0.00
     0     1      565.00      743.00        0.00
     0     1      569.00      741.00        0.00
     0     1      573.00      739.00        0.00
     0     1      578.00      735.00        0.00
     0     1      581.00      733.00        0.00
     0     1      584.00      731.00        0.00
     0     1      587.00      728.00        0.00
     0     1      591.00      724.00        0.00
     0     1      594.00      722.00        0.00
     0     1      598.00      719.00        0.00
     0     1      602.00      716.00        0.00
     0     1      606.00      714.00        0.00
     0     1      610.00      712.00        0.00
     0     1      614.00      711.00        0.00
     0     1      619.00      710.00        0.00
     0     1      622.00      709.00        0.00
     0     1      626.00      707.00        0.00
     0     1      632.00      706.00        0.00
     0     1      637.00      705.00        0.00
     0     1      641.00      705.00        0.00
     0     1      644.00      704.00        0.00
     0     1      648.00      703.00        0.00
     0     1      651.00      702.00        0.00
     0     1      654.00      701.00        0.00
     0     1      657.00      700.00        0.00
     0     1      661.00      699.00        0.00
     0     1      665.00      698.00        0.00
     0     1      670.00      696.00        0.00
     0     1      674.00      694.00        0.00
     0     1      679.00      692.00        0.00
     0     1      686.00      690.00        0.00
     0     1      690.00      689.00        0.00
     0     1      694.00      687.00        0.00
     0     1      697.00      686.00        0.00
     0     1      701.00      685.00        0.00
     0     1      704.00      684.00        0.00
     0     1      708.00      681.00        0.00
     0     1      712.00      677.00        0.00
     0     1      716.00      674.00        0.00
     0     1      719.00      673.00        0.00
     0     1      722.00      671.00        0.00
     0     1      725.00      670.00        0.00
     0     1      728.00      669.00        0.00
     0     1      732.00      668.00        0.00
     0     1      737.00      666.00        0.00
     0     1      742.00      665.00        0.00
     0     1      747.00      664.00        0.00
     0     1      752.00      663.00        0.00
     0     1      755.00      661.00        0.00
     0     1      759.00      659.00        0.00
     0     1      763.00      657.00        0.00
     0     1      766.00      655.00        0.00
     0     1      771.00      652.00        0.00
     0     1      775.00      651.00        0.00
     0     1      780.00      648.00        0.00
     0     1      783.00      647.00        0.00
     0     1      786.00      645.00        0.00
     0     1      789.00      642.00        0.00
     0     1      792.00      641.00        0.00
     0     1      795.00      639.00        0.00
     0     1      799.00      637.00        0.00
     0     1      803.00      636.00        0.00
     0     1      807.00      634.00        0.00
     0     1      810.00      632.00        0.00
     0     1      816.00      630.00        0.00
     0     1      820.00      630.00        0.00
     0     1      823.00      629.00        0.00
     0     1      826.00      628.00        0.00
     0     1      829.00      627.00        0.00
     0     1      833.00      626.00        0.00
     0     1      836.00      625.00        0.00
     0     1      840.00      624.00        0.00
     0     1      843.00      623.00        0.00
     0     1      848.00      621.00        0.00
     0     1      852.00      620.00        0.00
     0     1      855.00      619.00        0.00
     0     1      858.00      618.00        0.00
     0     1      861.00      617.00        0.00
     0     1      866.00      617.00        0.00
     0     1      870.00      616.00        0.00
     0     1      873.00      615.00        0.00
     0     1      877.00      614.00        0.00
     0     1      881.00      613.00        0.00
     0     1      884.00      612.00        0.00
     0     1      888.00      609.00        0.00
     0     1      892.00      607.00        0.00
     0     1      896.00      606.00        0.00
     0     1      899.00      604.00        0.00
     0     1      903.00      601.00        0.00
     0     1      907.00      599.00        0.00
     0     1      912.00      596.00        0.00
     0     1      916.00      595.00        0.00
     0     1      920.00      592.00        0.00
     0     1      924.00      590.00        0.00
     0     1      928.00      587.00        0.00
     0     1      932.00      586.00        0.00
     0     1      938.00      585.00        0.00
     0     1      942.00      584.00        0.00
     0     1      947.00      583.00        0.00
     0     1      951.00      583.00        0.00
     0     1      954.00      582.00        0.00
     0     1      957.00      581.00        0.00
     0     1      960.00      580.00        0.00
     0     1      965.00      578.00        0.00
     0     1      969.00      577.00        0.00
     0     1     1006.00      576.00        0.00
     0     1     1017.00      575.00        0.00
     0     1     1021.00      575.00        0.00
     0     1     1028.00      574.00        0.00
     0     1     1032.00      574.00        0.00
     0     1     1038.00      573.00        0.00
     0     1     1043.00      572.00        0.00
     0     1     1046.00      571.00        0.00
     0     1     1049.00      569.00        0.00
     0     1     1056.00      568.00        0.00
     0     1     1062.00      566.00        0.00
     0     1     1069.00      563.00        0.00
     0     1     1073.00      562.00        0.00
     0     1     1080.00      560.00        0.00
     0     1     1084.00      560.00        0.00
     0     1     1089.00      559.00        0.00
     0     1     1092.00      558.00        0.00
     0     1     1095.00      557.00        0.00
     0     1     1099.00      556.00        0.00
     0     1     1103.00      554.00        0.00
     0     1     1109.00      553.00        0.00
     0     1     1113.00      552.00        0.00
     0     1     1117.00      551.00        0.00
     0     1     1121.00      549.00        0.00
     0     1     1126.00      547.00        0.00
     0     1     1129.00      546.00        0.00
     0     1     1133.00      545.00        0.00
     0     1     1136.00      544.00        0.00
     0     1     1139.00      543.00        0.00
     0     1     1143.00      541.00        0.00
     0     1     1147.00      540.00        0.00
     0     1     1151.00      538.00        0.00
     0     1     1154.00      537.00        0.00
     0     1     1157.00      535.00        0.00
     0     1     1159.00      532.00        0.00
     0     1     1163.00      529.00        0.00
     0     1     1166.00      527.00        0.00
     0     1     1171.00      523.00        0.00
     0     1     1174.00      521.00        0.00
     0     1     1178.00      517.00        0.00
     0     1     1180.00      514.00        0.00
     0     1     1182.00      510.00        0.00
     0     1     1184.00      506.00        0.00
     0     1     1185.00      503.00        0.00
     0     1     1187.00      499.00        0.00
     0     1     1188.00      496.00        0.00
     0     1     1190.00      493.00        0.00
     0     1     1192.00      489.00        0.00
     0     1     1195.00      486.00        0.00
     0     1     1196.00      483.00        0.00
     0     1     1197.00      480.00        0.00
     0     1     1198.00      476.00        0.00
     0     1     1198.00      472.00        0.00
     0     1     1198.00      467.00        0.00
     0     1     1197.00      463.00        0.00
     0     1     1195.00      459.00        0.00
     0     1     1194.00      456.00        0.00
     0     1     1192.00      453.00        0.00
     0     1     1190.00      450.00        0.00
     0     1     1187.00      446.00        0.00
     0     1     1184.00      444.00        0.00
     0     1     1180.00      440.00        0.00
     0     1     1178.00      437.00        0.00
     0     1     1173.00      434.00        0.00
     0     1     1171.00      431.00        0.00
     0     1     1167.00      428.00        0.00
     0     1     1163.00      425.00        0.00
     0     1     1160.00      423.00        0.00
     0     1     1156.00      420.00        0.00
     0     1     1152.00      419.00        0.00
     0     1     1148.00      418.00        0.00
     0     1     1144.00      416.00        0.00
     0     1     1141.00      414.00        0.00
     0     1     1138.00      413.00        0.00
     0     1     1135.00      410.00        0.00
     0     1     1131.00      407.00        0.00
     0     1     1128.00      405.00        0.00
     0     1     1125.00      404.00        0.00
     0     1     1121.00      403.00        0.00
     0     1     1118.00      402.00        0.00
     0     1     1114.00      401.00        0.00
     0     1     1109.00      401.00        0.00
     0     1     1105.00      400.00        0.00
     0     1     1102.00      399.00        0.00
     0     1     1098.00      398.00        0.00
     0     1     1094.00      397.00        0.00
     0     1     1090.00      396.00        0.00
     0     1     1087.00      395.00        0.00
     0     1     1083.00      395.00        0.00
     0     1     1079.00      394.00        0.00
     0     1     1075.00      394.00        0.00
     0     1     1071.00      394.00        0.00
     0     1     1067.00      394.00        0.00
     0     1     1063.00      394.00        0.00
     0     1     1058.00      394.00        0.00
     0     1     1054.00      394.00        0.00
     0     1     1050.00      395.00        0.00
     0     1     1045.00      396.00        0.00
     0     1     1040.00      396.00        0.00
     0     1     1035.00      397.00        0.00
     0     1     1029.00      398.00        0.00
     0     1     1026.00      400.00        0.00
     0     1     1022.00      401.00        0.00
     0     1     1018.00      403.00        0.00
     0     1     1015.00      404.00        0.00
     0     1     1012.00      405.00        0.00
     0     1     1009.00      407.00        0.00
     0     1     1004.00      408.00        0.00
     0     1     1001.00      409.00        0.00
     0     1      996.00      410.00        0.00
     0     1      991.00      411.00        0.00
     0     1      986.00      412.00        0.00
     0     1      981.00      413.00        0.00
     0     1      977.00      414.00        0.00
     0     1      972.00      415.00        0.00
     0     1      969.00      416.00        0.00
     0     1      964.00      418.00        0.00
     0     1      960.00      419.00        0.00
     0     1      955.00      421.00        0.00
     0     1      950.00      423.00        0.00
     0     1      946.00      424.00        0.00
     0     1      940.00      425.00        0.00
     0     1      935.00      426.00        0.00
     0     1      929.00      427.00        0.00
     0     1      924.00      427.00        0.00
     0     1      919.00      428.00        0.00
     0     1      915.00      429.00        0.00
     0     1      911.00      429.00        0.00
     0     1      906.00      430.00        0.00
     0     1      902.00      430.00        0.00
     0     1      898.00      430.00        0.00
     0     1      893.00      430.00        0.00
     0     1      888.00      430.00        0.00
     0     1      884.00      431.00        0.00
     0     1      879.00      431.00        0.00
     0     1      875.00      431.00        0.00
     0     1      869.00      431.00        0.00
     0     1      864.00      431.00        0.00
     0     1      860.00      431.00        0.00
     0     1      854.00      431.00        0.00
     0     1      849.00      431.00        0.00
     0     1      844.00      432.00        0.00
     0     1      838.00      432.00        0.00
     0     1      832.00      432.00        0.00
     0     1      827.00      433.00        0.00
     0     1      822.00      434.00        0.00
     0     1      817.00      434.00        0.00
     0     1      813.00      435.00        0.00
     0     1      808.00      435.00        0.00
     0     1      803.00      436.00        0.00
     0     1      797.00      436.00        0.00
     0     1      792.00      437.00        0.00
     0     1      787.00      437.00        0.00
     0     1      782.00      437.00        0.00
     0     1      778.00      437.00        0.00
     0     1      774.00      438.00        0.00
     0     1      770.00      439.00        0.00
     0     1      764.00      440.00        0.00
     0     1      760.00      440.00        0.00
     0     1      755.00      441.00        0.00
     0     1      752.00      442.00        0.00
     0     1      748.00      443.00        0.00
     0     1      744.00      445.00        0.00
     0     1      741.00      446.00        0.00
     0     1      739.00      449.00        0.00
     0     1      736.00      451.00        0.00
     0     1      733.00      453.00        0.00
     0     1      729.00      456.00        0.00
     0     1      726.00      458.00        0.00
     0     1      722.00      461.00        0.00
     0     1      719.00      464.00        0.00
     0     1      715.00      466.00        0.00
     0     1      713.00      469.00        0.00
     0     1      710.00      471.00        0.00
     0     1      707.00      473.00        0.00
     0     1      704.00      475.00        0.00
     0     1      701.00      477.00        0.00
     0     1      698.00      480.00        0.00
     0     1      695.00      482.00        0.00
     0     1      692.00      484.00        0.00
     0     1      689.00      486.00        0.00
     0     1      686.00      489.00        0.00
     0     1      683.00      491.00        0.00
     0     1      679.00      493.00        0.00
     0     1      676.00      497.00        0.00
     0     1      673.00      499.00        0.00
     0     1      671.00      502.00        0.00
     0     1      669.00      505.00        0.00
     0     1      666.00      508.00        0.00
     0     1      663.00      511.00        0.00
     0     1      660.00      514.00        0.00
     0     1      658.00      517.00        0.00
     0     1      655.00      519.00        0.00
     0     1      652.00      521.00        0.00
     0     1      649.00      524.00        0.00
     0     1      646.00      526.00        0.00
     0     1      643.00      528.00        0.00
     0     1      640.00      531.00        0.00
     0     1      636.00      533.00        0.00
     0     1      632.00      536.00        0.00
     0     1      628.00      537.00        0.00
     0     1      624.00      539.00        0.00
     0     1      620.00      540.00        0.00
     0     1      615.00      541.00        0.00
     0     1      611.00      541.00        0.00
     0     1      606.00      542.00        0.00
     0     1      602.00      543.00        0.00
     0     1      598.00      544.00        0.00
     0     1      594.00      544.00        0.00
     0     1      590.00      545.00        0.00
     0     1      587.00      546.00        0.00
     0     1      584.00      547.00        0.00
     0     1      580.00      549.00        0.00
     0     1      576.00      551.00        0.00
     0     1      573.00      552.00        0.00
     0     1      569.00      554.00        0.00
     0     1      565.00      557.00        0.00
     0     1      562.00      559.00        0.00
     0     1      558.00      561.00        0.00
     0     1      555.00      563.00        0.00
     0     1      552.00      564.00        0.00
     0     1      548.00      566.00        0.00
     0     1      545.00      567.00        0.00
     0     1      541.00      568.00        0.00
     0     1      536.00      569.00        0.00
     0     1      531.00      570.00        0.00
     0     1      524.00      571.00        0.00
     0     1      519.00      572.00        0.00
     0     1      515.00      574.00        0.00
     0     1      511.00      575.00        0.00
     0     1      480.00      583.00        0.00
     0     1      473.00      586.00        0.00
     0     1      469.00      587.00        0.00
     0     1      462.00      587.00        0.00
     0     1      458.00      588.00        0.00
     0     1      452.00      588.00        0.00
     0     1      448.00      588.00        0.00
     0     1      445.00      589.00        0.00
     0     1      440.00      589.00        0.00
     0     1      435.00      589.00        0.00
     0     1      430.00      589.00        0.00
     0     1      425.00      589.00        0.00
     0     1      421.00      589.00        0.00
     0     1      417.00      589.00        0.00
     0     1      413.00      589.00        0.00
     0     1      409.00      589.00        0.00
     0     1      406.00      590.00        0.00
     0     1      403.00      591.00        0.00
     0     1      400.00      592.00        0.00
     0     1      395.00      592.00        0.00
     0     1      392.00      593.00        0.00
     0     1      389.00      594.00        0.00
     0     1      385.00      595.00        0.00
     0     1      380.00      595.00        0.00
     0     1      374.00      596.00        0.00
     0     1      369.00      598.00        0.00
     0     1      362.00      598.00        0.00
     0     1      358.00      599.00        0.00
     0     1      353.00      600.00        0.00
     0     1      347.00      602.00        0.00
     0     1      337.00      603.00        0.00
     0     1      324.00      606.00        0.00
     0     1      314.00      609.00        0.00
     0     1      301.00      612.00        0.00
     0     1      290.00      615.00        0.00
     0     1      279.00      619.00        0.00
     0     1      269.00      622.00        0.00
     0     1      260.00      625.00        0.00
     0     1      250.00      627.00        0.00
     0     1      241.00      629.00        0.00
     0     1      232.00      631.00        0.00
     0     1      224.00      632.00        0.00
     0     1      213.00      635.00        0.00
     0     1      204.00      638.00        0.00
     0     1      192.00      642.00        0.00
     0     1      184.00      644.00        0.00
     0     1      174.00      646.00        0.00
     0     1      168.00      647.00        0.00
     0     1      161.00      648.00        0.00
     0     1      151.00      649.00        0.00
     0     1      144.00      650.00        0.00
     0     1      136.00      651.00        0.00
     0     1      130.00      653.00        0.00
     0     1      121.00      657.00        0.00
     0     1      113.00      661.00        0.00
     0     1      103.00      666.00        0.00
     0     1       96.00      669.00        0.00
     0     1       90.00      671.00        0.00
     0     1       83.00      674.00        0.00
     0     1       77.00      675.00        0.00
     0     1       68.00      677.00        0.00
     0     1       61.00      679.00        0.00
     0     1       52.00      681.00        0.00
     0     1       43.00      684.00        0.00
     0     1       34.00      685.00        0.00
     0     1       27.00      686.00        0.00
     0     1       23.00      687.00        0.00
     0     1       19.00      687.00        0.00
     0     1       14.00      687.00        0.00
     0     1       11.00      686.00        0.00
     0     1        7.00      686.00        0.00
     0     1        4.00      685.00        0.00
     0     1        0.00      685.00        0.00
     1     0      511.00      790.00        0.00
     1     0      508.00      791.00        0.00
     1     0      505.00      793.00        0.00
     1     0      501.00      793.00        0.00
     1     0      497.00      793.00        0.00
     1     0      494.00      792.00        0.00
     1     0      491.00      791.00        0.00
     1     0      488.00      788.00        0.00
     1     0      486.00      785.00        0.00
     1     0      485.00      782.00        0.00
     1     0      484.00      779.00        0.00
     1     0      484.00      775.00        0.00
     1     0      487.00      772.00        0.00
     1     0      490.00      770.00        0.00
     1     0      493.00      769.00        0.00
     1     0      497.00      769.00        0.00
     1     0      502.00      769.00        0.00
     1     0      506.00      769.00        0.00
     1     0      509.00      770.00        0.00
     1     0      510.00      773.00        0.00
     1     0      511.00      776.00        0.00
     1     0      511.00      780.00        0.00
     1     1      795.00      673.00        0.00
     1     1      792.00      678.00        0.00
     1     1      791.00      681.00        0.00
     1     1      789.00      684.00        0.00
     1     1      785.00      686.00        0.00
     1     1      782.00      687.00        0.00
     1     1      777.00      687.00        0.00
     1     1      774.00      685.00        0.00
     1     1      771.00      682.00        0.00
     1     1      768.00      680.00        0.00
     1     1      768.00      676.00        0.00
     1     1      768.00      672.00        0.00
     1     1      770.00      668.00        0.00
     1     1      773.00      665.00        0.00
     1     1      777.00      661.00        0.00
     1     1      780.00      658.00        0.00
     1     1      783.00      657.00        0.00
     1     1      787.00      657.00        0.00
     1     1      791.00      657.00        0.00
     1     1      794.00      658.00        0.00
     1     1      795.00      661.00        0.00
     1     1      795.00      665.00        0.00
     1     2      817.00      642.00        0.00
     1     2      812.00      648.00        0.00
     1     2      809.00      650.00        0.00
     1     2      805.00      651.00        0.00
     1     2      801.00      651.00        0.00
     1     2      797.00      651.00        0.00
     1     2      794.00      650.00        0.00
     1     2      793.00      647.00        0.00
     1     2      793.00      643.00        0.00
     1     2      797.00      640.00        0.00
     1     2      801.00      638.00        0.00
     1     2      804.00      635.00        0.00
     1     2      807.00      634.00        0.00
     1     2      811.00      634.00        0.00
     1     2      815.00      634.00        0.00
     1     2      816.00      637.00        0.00
     1     3      847.00      658.00        0.00
     1     3      839.00      661.00        0.00
     1     3      836.00      659.00        0.00
     1     3      834.00      656.00        0.00
     1     3      833.00      653.00        0.00
     1     3      832.00      649.00        0.00
     1     3      831.00      646.00        0.00
     1     3      831.00      641.00        0.00
     1     3      833.00      637.00        0.00
     1     3      838.00      635.00        0.00
     1     3      842.00      635.00        0.00
     1     3      847.00      636.00        0.00
     1     3      850.00      637.00        0.00
     1     3      852.00      640.00        0.00
     1     3      852.00      644.00        0.00
     1     3      852.00      648.00        0.00
     1     4     1089.00      379.00        0.00
     1     4     1088.00      384.00        0.00
     1     4     1086.00      387.00        0.00
     1     4     1083.00      388.00        0.00
     1     4     1080.00      389.00        0.00
     1     4     1076.00      389.00        0.00
     1     4     1072.00      389.00        0.00
     1     4     1069.00      386.00        0.00
     1     4     1067.00      383.00        0.00
     1     4     1066.00      378.00        0.00
     1     4     1066.00      373.00        0.00
     1     4     1067.00      370.00        0.00
     1     4     1070.00      366.00        0.00
     1     4     1073.00      365.00        0.00
     1     4     1076.00      364.00        0.00
     1     4     1081.00      364.00        0.00
     1     4     1085.00      364.00        0.00
     1     4     1088.00      365.00        0.00
     1     4     1089.00      368.00        0.00
     1     5      679.00      481.00        0.00
     1     5      680.00      486.00        0.00
     1     5      677.00      488.00        0.00
     1     5      673.00      489.00        0.00
     1     5      670.00      490.00        0.00
     1     5      666.00      491.00        0.00
     1     5      662.00      491.00        0.00
     1     5      658.00      487.00        0.00
     1     5      657.00      484.00        0.00
     1     5      656.00      481.00        0.00
     1     5      656.00      477.00        0.00
     1     5      657.00      474.00        0.00
     1     5      658.00      470.00        0.00
     1     5      662.00      466.00        0.00
     1     5      664.00      463.00        0.00
     1     5      668.00      459.00        0.00
     1     5      671.00      458.00        0.00
     1     5      677.00      459.00        0.00
     1     5      680.00      461.00        0.00
     1     5      681.00      464.00        0.00
     1     5      681.00      468.00        0.00
     1     6      629.00      514.00        0.00
     1     6      627.00      518.00        0.00
     1     6      624.00      520.00        0.00
     1     6      620.00      521.00        0.00
     1     6      616.00      520.00        0.00
     1     6      613.00      519.00        0.00
     1     6      613.00      515.00        0.00
     1     6      612.00      512.00        0.00
     1     6      614.00      507.00        0.00
     1     6      617.00      505.00        0.00
     1     6      620.00      504.00        0.00
     1     6      623.00      503.00        0.00
     1     6      627.00      503.00        0.00
     1     6      630.00      504.00        0.00
     1     6      632.00      507.00        0.00
     1     7      541.00      561.00        0.00
     1     7      533.00      564.00        0.00
     1     7      530.00      565.00        0.00
     1     7      527.00      563.00        0.00
     1     7      525.00      560.00        0.00
     1     7      524.00      557.00        0.00
     1     7      524.00      553.00        0.00
     1     7      525.00      550.00        0.00
     1     7      528.00      548.00        0.00
     1     7      532.00      546.00        0.00
     1     7      535.00      545.00        0.00
     1     7      539.00      545.00        0.00
     1     7      543.00      545.00        0.00
     1     7      546.00      546.00        0.00
     1     7      548.00      549.00        0.00
     1     7      549.00      553.00        0.00
     1     8      504.00      563.00        0.00
     1     8      503.00      570.00        0.00
     1     8      499.00      574.00        0.00
     1     8      496.00      576.00        0.00
     1     8      493.00      578.00        0.00
     1     8      489.00      578.00        0.00
     1     8      485.00      578.00        0.00
     1     8      481.00      577.00        0.00
     1     8      479.00      574.00        0.00
     1     8      478.00      570.00        0.00
     1     8      477.00      567.00        0.00
     1     8      477.00      562.00        0.00
     1     8      478.00      559.00        0.00
     1     8      481.00      555.00        0.00
     1     8      485.00      552.00        0.00
     1     8      488.00      551.00        0.00
     1     8      492.00      551.00        0.00
     1     8      496.00      551.00        0.00
     1     8      499.00      552.00        0.00
     1     8      502.00      555.00        0.00
     1     9      463.00      567.00        0.00
     1     9      464.00      571.00        0.00
     1     9      463.00      574.00        0.00
     1     9      461.00      577.00        0.00
     1     9      457.00      579.00        0.00
     1     9      452.00      580.00        0.00
     1     9      449.00      581.00        0.00
     1     9      445.00      581.00        0.00
     1     9      441.00      581.00        0.00
     1     9      438.00      579.00        0.00
     1     9      435.00      576.00        0.00
     1     9      434.00      572.00        0.00
     1     9      433.00      569.00        0.00
     1     9      433.00      564.00        0.00
     1     9      434.00      560.00        0.00
     1     9      437.00      558.00        0.00
     1     9      440.00      557.00        0.00
     1     9      444.00      556.00        0.00
     1     9      447.00      555.00        0.00
     1     9      451.00      555.00        0.00
     1     9      454.00      556.00        0.00
     1     9      457.00      559.00        0.00
     1    10      418.00      575.00        0.00
     1    10      421.00      584.00        0.00
     1    10      420.00      587.00        0.00
     1    10      417.00      591.00        0.00
     1    10      414.00      592.00        0.00
     1    10      411.00      593.00        0.00
     1    10      407.00      593.00        0.00
     1    10      402.00      593.00        0.00
     1    10      397.00      592.00        0.00
     1    10      395.00      588.00        0.00
     1    10      393.00      585.00        0.00
     1    10      393.00      580.00        0.00
     1    10      393.00      576.00        0.00
     1    10      393.00      572.00        0.00
     1    10      396.00      569.00        0.00
     1    10      400.00      568.00        0.00
     1    10      403.00      567.00        0.00
     1    10      407.00      567.00        0.00
     1    10      410.00      569.00        0.00
     1    11      382.00      595.00        0.00
     1    11      382.00      602.00        0.00
     1    11      380.00      605.00        0.00
     1    11      376.00      608.00        0.00
     1    11      373.00      610.00        0.00
     1    11      369.00      612.00        0.00
     1    11      364.00      613.00        0.00
     1    11      360.00      613.00        0.00
     1    11      355.00      613.00        0.00
     1    11      351.00      612.00        0.00
     1    11      347.00      611.00        0.00
     1    11      344.00      609.00        0.00
     1    11      341.00      607.00        0.00
     1    11      339.00      604.00        0.00
     1    11      339.00      599.00        0.00
     1    11      341.00      594.00        0.00
     1    11      344.00      592.00        0.00
     1    11      347.00      589.00        0.00
     1    11      351.00      588.00        0.00
     1    11      356.00      587.00        0.00
     1    11      360.00      587.00        0.00
     1    11      364.00      587.00        0.00
     1    11      368.00      587.00        0.00
     1    11      372.00      587.00        0.00
     1    11      375.00      589.00        0.00
     1    12      300.00      594.00        0.00
     1    12      293.00      598.00        0.00
     1    12      289.00      596.00        0.00
     1    12      285.00      594.00        0.00
     1    12      283.00      591.00        0.00
     1    12      283.00      587.00        0.00
     1    12      284.00      582.00        0.00
     1    12      286.00      579.00        0.00
     1    12      288.00      576.00        0.00
     1    12      291.00      574.00        0.00
     1    12      294.00      573.00        0.00
     1    12      298.00      573.00        0.00
     1    12      302.00      574.00        0.00
     1    12      305.00      575.00        0.00
     1    12      307.00      578.00        0.00
     1    12      308.00      581.00        0.00
     1    12      308.00      585.00        0.00
     1    12      304.00      587.00        0.00
