     0     0        2.67      791.67        0.00
     0     0       10.67      798.33        0.00
     0     0       14.67      801.00        0.00
     0     0       18.67      803.67        0.00
     0     0       21.33      806.33        0.00
     0     0       25.33      807.67        0.00
     0     0       29.33      809.00        0.00
     0     0       33.33      810.33        0.00
     0     0       36.00      813.00        0.00
     0     0       40.00      814.33        0.00
     0     0       44.00      817.00        0.00
     0     0       48.00      819.67        0.00
     0     0       52.00      822.33        0.00
     0     0       56.00      823.67        0.00
     0     0       58.67      826.33        0.00
     0     0       62.67      827.67        0.00
     0     0       65.33      830.33        0.00
     0     0       69.33      831.67        0.00
     0     0       73.33      833.00        0.00
     0     0       77.33      834.33        0.00
     0     0       80.00      837.00        0.00
     0     0       84.00      838.33        0.00
     0     0       86.67      841.00        0.00
     0     0       90.67      842.33        0.00
     0     0       94.67      843.67        0.00
     0     0       98.67      845.00        0.00
     0     0      102.67      845.00        0.00
     0     0      106.67      845.00        0.00
     0     0      110.67      845.00        0.00
     0     0      116.00      846.33        0.00
     0     0      120.00      846.33        0.00
     0     0      126.67      847.67        0.00
     0     0      134.67      847.67        0.00
     0     0      138.67      847.67        0.00
     0     0      142.67      847.67        0.00
     0     0      146.67      847.67        0.00
     0     0      150.67      847.67        0.00
     0     0      156.00      847.67        0.00
     0     0      160.00      849.00        0.00
     0     0      164.00      849.00        0.00
     0     0      168.00      849.00        0.00
     0     0      172.00      850.33        0.00
     0     0      176.00      850.33        0.00
     0     0      182.67      850.33        0.00
     0     0      186.67      851.67        0.00
     0     0      190.67      851.67        0.00
     0     0      194.67      851.67        0.00
     0     0      198.67      851.67        0.00
     0     0      202.67      851.67        0.00
     0     0      206.67      851.67        0.00
     0     0      212.00      853.00        0.00
     0     0      217.33      853.00        0.00
     0     0      221.33      853.00        0.00
     0     0      226.67      853.00        0.00
     0     0      233.33      854.33        0.00
     0     0      238.67      855.67        0.00
     0     0      242.67      855.67        0.00
     0     0      246.67      855.67        0.00
     0     0      250.67      855.67        0.00
     0     0      256.00      855.67        0.00
     0     0      260.00      857.00        0.00
     0     0      264.00      858.33        0.00
     0     0      268.00      859.67        0.00
     0     0      272.00      861.00        0.00
     0     0      276.00      861.00        0.00
     0     0      280.00      862.33        0.00
     0     0      284.00      862.33        0.00
     0     0      288.00      863.67        0.00
     0     0      292.00      863.67        0.00
     0     0      296.00      865.00        0.00
     0     0      300.00      866.33        0.00
     0     0      304.00      867.67        0.00
     0     0      309.33      870.33        0.00
     0     0      313.33      871.67        0.00
     0     0      317.33      874.33        0.00
     0     0      321.33      875.67        0.00
     0     0      325.33      878.33        0.00
     0     0      329.33      881.00        0.00
     0     0      333.33      883.67        0.00
     0     0      338.67      886.33        0.00
     0     0      341.33      889.00        0.00
     0     0      345.33      893.00        0.00
     0     0      349.33      895.67        0.00
     0     0      352.00      898.33        0.00
     0     0      356.00      902.33        0.00
     0     0      361.33      906.33        0.00
     0     0      365.33      909.00        0.00
     0     0      369.33      910.33        0.00
     0     0      372.00      913.00        0.00
     0     0      376.00      915.67        0.00
     0     0      378.67      918.33        0.00
     0     0      382.67      921.00        0.00
     0     0      386.67      922.33        0.00
     0     0      389.33      925.00        0.00
     0     0      393.33      926.33        0.00
     0     0      397.33      927.67        0.00
     0     0      401.33      929.00        0.00
     0     0      405.33      930.33        0.00
     0     0      409.33      931.67        0.00
     0     0      413.33      933.00        0.00
     0     0      417.33      935.67        0.00
     0     0      421.33      935.67        0.00
     0     0      425.33      937.00        0.00
     0     0      428.00      939.67        0.00
     0     0      432.00      941.00        0.00
     0     0      434.67      943.67        0.00
     0     0      438.67      945.00        0.00
     0     0      442.67      946.33        0.00
     0     0      446.67      947.67        0.00
     0     0      454.67      950.33        0.00
     0     0      462.67      951.67        0.00
     0     0      469.33      954.33        0.00
     0     0      473.33      955.67        0.00
     0     0      478.67      957.00        0.00
     0     0      485.33      958.33        0.00
     0     0      490.67      958.33        0.00
     0     0      496.00      959.67        0.00
     0     0      500.00      959.67        0.00
     0     0      504.00      961.00        0.00
     0     0      508.00      961.00        0.00
     0     0      512.00      962.33        0.00
     0     0      516.00      962.33        0.00
     0     0      520.00      962.33        0.00
     0     0      524.00      961.00        0.00
     0     0      528.00      959.67        0.00
     0     0      532.00      958.33        0.00
     0     0      536.00      957.00        0.00
     0     0      540.00      957.00        0.00
     0     0      544.00      955.67        0.00
     0     0      548.00      953.00        0.00
     0     0      552.00      951.67        0.00
     0     0      556.00      950.33        0.00
     0     0      560.00      947.67        0.00
     0     0      564.00      946.33        0.00
     0     0      568.00      945.00        0.00
     0     0      572.00      943.67        0.00
     0     0      576.00      942.33        0.00
     0     0      581.33      941.00        0.00
     0     0      585.33      939.67        0.00
     0     0      590.67      938.33        0.00
     0     0      596.00      935.67        0.00
     0     0      600.00      933.00        0.00
     0     0      605.33      930.33        0.00
     0     0      609.33      929.00        0.00
     0     0      613.33      927.67        0.00
     0     0      616.00      925.00        0.00
     0     0      620.00      923.67        0.00
     0     0      625.33      922.33        0.00
     0     0      629.33      919.67        0.00
     0     0      636.00      917.00        0.00
     0     0      642.67      914.33        0.00
     0     0      648.00      913.00        0.00
     0     0      652.00      911.67        0.00
     0     0      656.00      910.33        0.00
     0     0      660.00      909.00        0.00
     0     0      664.00      907.67        0.00
     0     0      668.00      907.67        0.00
     0     0      673.33      906.33        0.00
     0     0      680.00      906.33        0.00
     0     0      684.00      905.00        0.00
     0     0      692.00      905.00        0.00
     0     0      696.00      903.67        0.00
     0     0      701.33      902.33        0.00
     0     0      708.00      901.00        0.00
     0     0      717.33      899.67        0.00
     0     0      724.00      899.67        0.00
     0     0      729.33      899.67        0.00
     0     0      737.33      899.67        0.00
     0     0      744.00      899.67        0.00
     0     0      750.67      899.67        0.00
     0     0      756.00      899.67        0.00
     0     0      761.33      899.67        0.00
     0     0      765.33      901.00        0.00
     0     0      770.67      901.00        0.00
     0     0      774.67      902.33        0.00
     0     0      780.00      905.00        0.00
     0     0      785.33      906.33        0.00
     0     0      792.00      907.67        0.00
     0     0      798.67      910.33        0.00
     0     0      805.33      913.00        0.00
     0     0      810.67      914.33        0.00
     0     0      818.67      915.67        0.00
     0     0      824.00      917.00        0.00
     0     0      830.67      917.00        0.00
     0     0      837.33      918.33        0.00
     0     0      842.67      919.67        0.00
     0     0      848.00      921.00        0.00
     0     0      856.00      921.00        0.00
     0     0      861.33      922.33        0.00
     0     0      865.33      923.67        0.00
     0     0      872.00      923.67        0.00
     0     0      876.00      925.00        0.00
     0     0      881.33      925.00        0.00
     0     0      885.33      926.33        0.00
     0     0      889.33      927.67        0.00
     0     0      893.33      929.00        0.00
     0     0      897.33      930.33        0.00
     0     0      901.33      930.33        0.00
     0     0      905.33      931.67        0.00
     0     0      910.67      933.00        0.00
     0     0      914.67      933.00        0.00
     0     0      920.00      933.00        0.00
     0     0      926.67      933.00        0.00
     0     0      932.00      933.00        0.00
     0     0      940.00      931.67        0.00
     0     0      949.33      930.33        0.00
     0     0      957.33      929.00        0.00
     0     0      961.33      927.67        0.00
     0     0      968.00      926.33        0.00
     0     0      972.00      925.00        0.00
     0     0      976.00      925.00        0.00
     0     0      980.00      923.67        0.00
     0     0      985.33      923.67        0.00
     0     0      992.00      923.67        0.00
     0     0      997.33      923.67        0.00
     0     0     1002.67      925.00        0.00
     0     0     1010.67      925.00        0.00
     0     0     1018.67      926.33        0.00
     0     0     1024.00      926.33        0.00
     0     0     1028.00      927.67        0.00
     0     0     1032.00      929.00        0.00
     0     0     1081.33      943.00        0.00
     0     0     1094.67      948.33        0.00
     0     0     1098.67      949.67        0.00
     0     0     1102.67      952.33        0.00
     0     0     1106.67      953.67        0.00
     0     0     1110.67      956.33        0.00
     0     0     1114.67      959.00        0.00
     0     0     1117.33      961.67        0.00
     0     0     1121.33      963.00        0.00
     0     0     1125.33      965.67        0.00
     0     0     1130.67      967.00        0.00
     0     0     1134.67      969.67        0.00
     0     0     1142.67      971.00        0.00
     0     0     1149.33      975.00        0.00
     0     0     1153.33      976.33        0.00
     0     0     1158.67      977.67        0.00
     0     0     1165.33      979.00        0.00
     0     0     1169.33      980.33        0.00
     0     0     1176.00      981.67        0.00
     0     0     1180.00      981.67        0.00
     0     0     1184.00      983.00        0.00
     0     0     1188.00      984.33        0.00
     0     0     1192.00      985.67        0.00
     0     0     1194.67      988.33        0.00
     0     0     1198.67      989.67        0.00
     0     0     1201.33      993.67        0.00
     0     0     1205.33      996.33        0.00
     0     0     1209.33      997.67        0.00
     0     0     1213.33      999.00        0.00
     0     0     1216.00     1001.67        0.00
     0     0     1218.67     1004.33        0.00
     0     0     1221.33     1007.00        0.00
     0     0     1224.00     1009.67        0.00
     0     0     1226.67     1012.33        0.00
     0     0     1230.67     1013.67        0.00
     0     0     1234.67     1016.33        0.00
     0     0     1238.67     1017.67        0.00
     0     0     1242.67     1019.00        0.00
     0     0     1246.67     1021.67        0.00
     0     0     1249.33     1024.33        0.00
     0     0     1253.33     1025.67        0.00
     0     0     1256.00     1028.33        0.00
     0     0        2.67     1028.33        0.00
     1     0       34.67      784.33        0.00
     1     0       30.67      783.00        0.00
     1     0       26.67      783.00        0.00
     1     0       22.67      784.33        0.00
     1     0       18.67      785.67        0.00
     1     0       14.67      785.67        0.00
     1     0       10.67      784.33        0.00
     1     0        8.00      781.67        0.00
     1     0        6.67      777.67        0.00
     1     0        6.67      773.67        0.00
     1     0        8.00      769.67        0.00
     1     0       10.67      767.00        0.00
     1     0       13.33      764.33        0.00
     1     0       16.00      761.67        0.00
     1     0       20.00      760.33        0.00
     1     0       24.00      759.00        0.00
     1     0       28.00      759.00        0.00
     1     0       32.00      759.00        0.00
     1     0       34.67      761.67        0.00
     1     0       38.67      764.33        0.00
     1     0       40.00      768.33        0.00
     1     0       42.67      771.00        0.00
     1     0       42.67      775.00        0.00
     1     1      242.67      829.67        0.00
     1     1      246.67      840.33        0.00
     1     1      246.67      844.33        0.00
     1     1      244.00      847.00        0.00
     1     1      241.33      849.67        0.00
     1     1      238.67      852.33        0.00
     1     1      234.67      853.67        0.00
     1     1      230.67      855.00        0.00
     1     1      226.67      855.00        0.00
     1     1      221.33      855.00        0.00
     1     1      217.33      852.33        0.00
     1     1      213.33      851.00        0.00
     1     1      210.67      848.33        0.00
     1     1      208.00      844.33        0.00
     1     1      208.00      840.33        0.00
     1     1      206.67      836.33        0.00
     1     1      206.67      832.33        0.00
     1     1      208.00      828.33        0.00
     1     1      210.67      824.33        0.00
     1     1      213.33      821.67        0.00
     1     1      217.33      820.33        0.00
     1     1      221.33      819.00        0.00
     1     1      225.33      819.00        0.00
     1     1      229.33      819.00        0.00
     1     1      234.67      819.00        0.00
     1     1      238.67      821.67        0.00
     1     2      504.00      908.33        0.00
     1     2      508.00      907.00        0.00
     1     2      512.00      907.00        0.00
     1     2      514.67      909.67        0.00
     1     2      516.00      913.67        0.00
     1     2      516.00      917.67        0.00
     1     2      516.00      921.67        0.00
     1     2      514.67      925.67        0.00
     1     2      512.00      928.33        0.00
     1     2      510.67      932.33        0.00
     1     2      506.67      933.67        0.00
     1     2      502.67      935.00        0.00
     1     2      498.67      935.00        0.00
     1     2      494.67      935.00        0.00
     1     2      492.00      932.33        0.00
     1     2      489.33      929.67        0.00
     1     2      486.67      927.00        0.00
     1     2      485.33      923.00        0.00
     1     2      485.33      919.00        0.00
     1     2      485.33      915.00        0.00
     1     2      486.67      911.00        0.00
     1     2      489.33      908.33        0.00
     1     2      493.33      908.33        0.00
     1     2      497.33      908.33        0.00
