     0     0      456.00      418.33        0.00
     0     0      452.67      415.00        0.00
     0     0      451.33      411.67        0.00
     0     0      450.00      408.33        0.00
     0     0      448.67      405.00        0.00
     0     0      447.33      401.67        0.00
     0     0      446.67      397.67        0.00
     0     0      445.33      393.67        0.00
     0     0      444.00      389.67        0.00
     0     0      442.67      385.67        0.00
     0     0      441.33      381.67        0.00
     0     0      439.33      378.33        0.00
     0     0      438.00      375.00        0.00
     0     0      436.00      371.00        0.00
     0     0      434.00      367.00        0.00
     0     0      432.00      363.67        0.00
     0     0      430.67      360.33        0.00
     0     0      428.67      357.00        0.00
     0     0      426.00      353.00        0.00
     0     0      424.00      349.00        0.00
     0     0      422.67      345.67        0.00
     0     0      420.00      341.67        0.00
     0     0      419.33      338.33        0.00
     0     0      417.33      335.00        0.00
     0     0      415.33      331.67        0.00
     0     0      413.33      329.00        0.00
     0     0      410.67      325.67        0.00
     0     0      408.00      323.00        0.00
     0     0      405.33      319.67        0.00
     0     0      402.67      315.67        0.00
     0     0      400.00      312.33        0.00
     0     0      397.33      309.00        0.00
     0     0      394.67      307.00        0.00
     0     0      392.00      303.67        0.00
     0     0      390.00      299.67        0.00
     0     0      388.67      295.67        0.00
     0     0      387.33      291.67        0.00
     0     0      385.33      288.33        0.00
     0     0      382.67      283.00        0.00
     0     0      380.67      279.67        0.00
     0     0      378.67      276.33        0.00
     0     0      376.67      272.33        0.00
     0     0      375.33      268.33        0.00
     0     0      373.33      265.67        0.00
     0     0      371.33      261.00        0.00
     0     0      369.33      258.33        0.00
     0     0      368.00      255.00        0.00
     0     0      366.00      251.67        0.00
     0     0      364.00      249.00        0.00
     0     0      361.33      245.00        0.00
     0     0      358.67      241.67        0.00
     0     0      356.00      238.33        0.00
     0     0      353.33      233.00        0.00
     0     0      350.67      229.00        0.00
     0     0      348.67      225.00        0.00
     0     0      346.00      220.33        0.00
     0     0      344.00      217.00        0.00
     0     0      342.67      213.00        0.00
     0     0      341.33      209.00        0.00
     0     0      340.00      205.67        0.00
     0     0      338.67      202.33        0.00
     0     0      337.33      199.00        0.00
     0     0      336.67      194.33        0.00
     0     0      336.00      191.00        0.00
     0     0      335.33      187.00        0.00
     0     0      335.33      182.33        0.00
     0     0      336.67      177.67        0.00
     0     0      338.67      173.67        0.00
     0     0      340.67      170.33        0.00
     0     0      343.33      167.67        0.00
     0     0      346.67      163.67        0.00
     0     0      350.00      159.67        0.00
     0     0      352.67      156.33        0.00
     0     0      354.67      153.67        0.00
     0     0      358.00      150.33        0.00
     0     0      360.67      148.33        0.00
     0     0      364.67      147.00        0.00
     0     0      368.67      147.00        0.00
     0     0      372.00      147.00        0.00
     0     0      376.00      147.67        0.00
     0     0      380.00      149.67        0.00
     0     0      383.33      151.00        0.00
     0     0      386.67      151.67        0.00
     0     0      390.67      154.33        0.00
     0     0      393.33      156.33        0.00
     0     0      397.33      159.00        0.00
     0     0      400.00      161.00        0.00
     0     0      403.33      162.33        0.00
     0     0      406.67      164.33        0.00
     0     0      409.33      166.33        0.00
     0     0      412.67      167.67        0.00
     0     0      416.67      170.33        0.00
     0     0      420.67      173.00        0.00
     0     0      423.33      175.67        0.00
     0     0      425.33      178.33        0.00
     0     0      426.67      182.33        0.00
     0     0      428.67      185.67        0.00
     0     0      430.67      188.33        0.00
     0     0      432.67      191.00        0.00
     0     0      434.67      194.33        0.00
     0     0      436.67      197.00        0.00
     0     0      438.67      200.33        0.00
     0     0      439.33      204.33        0.00
     0     0      440.67      208.33        0.00
     0     0      442.67      211.67        0.00
     0     0      444.67      215.67        0.00
     0     0      446.67      219.67        0.00
     0     0      450.00      223.67        0.00
     0     0      454.00      227.00        0.00
     0     0      457.33      229.67        0.00
     0     0      461.33      232.33        0.00
     0     0      464.00      235.00        0.00
     0     0      467.33      237.67        0.00
     0     0      469.33      240.33        0.00
     0     0      473.33      243.00        0.00
     0     0      476.00      245.00        0.00
     0     0      478.67      247.00        0.00
     0     0      481.33      249.67        0.00
     0     0      485.33      252.33        0.00
     0     0      488.00      255.00        0.00
     0     0      492.00      257.67        0.00
     0     0      495.33      259.00        0.00
     0     0      500.00      260.33        0.00
     0     0      504.67      263.00        0.00
     0     0      508.00      264.33        0.00
     0     0      512.00      265.67        0.00
     0     0      515.33      267.00        0.00
     0     0      518.00      269.00        0.00
     0     0      522.00      270.33        0.00
     0     0      525.33      272.33        0.00
     0     0      528.67      274.33        0.00
     0     0      532.67      277.67        0.00
     0     0      536.00      280.33        0.00
     0     0      538.67      282.33        0.00
     0     0      542.00      285.00        0.00
     0     0      544.67      287.00        0.00
     0     0      547.33      289.67        0.00
     0     0      550.00      292.33        0.00
     0     0      552.67      295.67        0.00
     0     0      555.33      299.00        0.00
     0     0      558.00      301.00        0.00
     0     0      560.00      303.67        0.00
     0     0      562.67      306.33        0.00
     0     0      564.67      309.00        0.00
     0     0      566.00      313.00        0.00
     0     0      568.67      315.67        0.00
     0     0      570.67      319.00        0.00
     0     0      574.00      321.67        0.00
     0     0      576.00      324.33        0.00
     0     0      578.00      327.00        0.00
     0     0      580.67      331.67        0.00
     0     0      583.33      335.00        0.00
     0     0      586.00      339.00        0.00
     0     0      588.00      341.67        0.00
     0     0      590.00      345.67        0.00
     0     0      593.33      349.67        0.00
     0     0      595.33      354.33        0.00
     0     0      597.33      357.00        0.00
     0     0      600.00      360.33        0.00
     0     0      602.00      365.00        0.00
     0     0      604.67      368.33        0.00
     0     0      607.33      371.67        0.00
     0     0      610.67      375.00        0.00
     0     0      612.00      378.33        0.00
     0     0      614.67      381.67        0.00
     0     0      616.00      385.67        0.00
     0     0      617.33      389.00        0.00
     0     0      618.67      392.33        0.00
     0     0      620.67      395.67        0.00
     0     0      624.00      401.00        0.00
     0     0      625.33      404.33        0.00
     0     0      627.33      408.33        0.00
     0     0      630.00      413.67        0.00
     0     0      632.67      416.33        0.00
     0     0      634.67      419.67        0.00
     0     0      637.33      423.67        0.00
     0     0      639.33      426.33        0.00
     0     0      641.33      429.00        0.00
     0     0      646.33      451.00        0.00
     0     0      646.33      458.33        0.00
     0     0      647.00      461.67        0.00
     0     0      647.00      466.33        0.00
     0     0      647.00      469.67        0.00
     0     0      647.00      473.00        0.00
     0     0      647.00      477.00        0.00
     0     0      647.00      481.00        0.00
     0     0      646.33      485.67        0.00
     0     0      646.33      489.00        0.00
     0     0      646.33      492.33        0.00
     0     0      646.33      496.33        0.00
     0     0      645.67      500.33        0.00
     0     0      644.33      504.33        0.00
     0     0      643.00      508.33        0.00
     0     0      641.67      511.67        0.00
     0     0      639.00      515.00        0.00
     0     0      637.00      519.00        0.00
     0     0      635.00      523.00        0.00
     0     0      633.00      527.67        0.00
     0     0      631.67      531.00        0.00
     0     0      630.33      534.33        0.00
     0     0      629.00      537.67        0.00
     0     0      627.67      541.00        0.00
     0     0      626.33      545.00        0.00
     0     0      625.00      549.00        0.00
     0     0      624.33      552.33        0.00
     0     0      624.33      555.67        0.00
     0     0      624.33      559.00        0.00
     0     0      623.67      562.33        0.00
     0     0      623.67      566.33        0.00
     0     0      623.67      569.67        0.00
     0     0      623.00      573.67        0.00
     0     0      623.00      577.67        0.00
     0     0      623.67      581.00        0.00
     0     0      625.00      585.00        0.00
     0     0      626.33      588.33        0.00
     0     0      627.00      591.67        0.00
     0     0      627.67      595.00        0.00
     0     0      629.67      599.00        0.00
     0     0      632.33      603.00        0.00
     0     0      633.67      606.33        0.00
     0     0      635.00      609.67        0.00
     0     0      635.67      613.67        0.00
     0     0      636.33      617.00        0.00
     0     0      636.33      621.00        0.00
     0     0      637.00      625.00        0.00
     0     0      638.33      629.00        0.00
     0     0      639.67      632.33        0.00
     0     0      641.00      635.67        0.00
     0     0      641.67      639.67        0.00
     0     0      642.33      643.00        0.00
     0     0      643.67      647.00        0.00
     0     0      645.00      651.67        0.00
     0     0      645.67      655.67        0.00
     0     0      646.33      659.00        0.00
     0     0      646.33      662.33        0.00
     0     0      647.00      665.67        0.00
     0     0      647.67      669.67        0.00
     0     0      647.67      674.33        0.00
     0     0      647.67      677.67        0.00
     0     0      647.67      681.67        0.00
     0     0      647.67      685.00        0.00
     0     0      648.33      689.00        0.00
     0     0      650.33      692.33        0.00
     0     0      651.67      696.33        0.00
     0     0      653.00      700.33        0.00
     0     0      653.67      704.33        0.00
     0     0      661.00      727.67        0.00
     0     0      664.33      735.00        0.00
     0     0      667.00      739.00        0.00
     0     0      669.67      742.33        0.00
     0     0      672.33      746.33        0.00
     0     0      675.00      749.00        0.00
     0     0      677.67      751.00        0.00
     0     0      679.67      753.67        0.00
     0     0      682.33      757.00        0.00
     0     0      684.33      759.67        0.00
     0     0      686.33      763.00        0.00
     0     0      688.33      766.33        0.00
     0     0      690.33      770.33        0.00
     0     0      692.33      773.00        0.00
     0     0      693.00      776.33        0.00
     0     0      694.33      780.33        0.00
     0     0      695.00      784.33        0.00
     0     0      695.67      787.67        0.00
     0     0      696.33      791.00        0.00
     0     0      697.00      794.33        0.00
     0     0      697.67      799.00        0.00
     0     0      698.33      803.00        0.00
     0     0      698.33      806.33        0.00
     0     0      698.33      810.33        0.00
     0     0      698.33      813.67        0.00
     0     0      697.67      817.67        0.00
     0     0      697.00      821.00        0.00
     0     0      696.33      825.00        0.00
     0     0      695.00      828.33        0.00
     0     0      693.67      831.67        0.00
     0     0      691.67      834.33        0.00
     0     0      689.67      838.33        0.00
     0     0      687.67      841.67        0.00
     0     0      686.33      845.00        0.00
     0     0      683.67      848.33        0.00
     0     0      681.67      851.67        0.00
     0     0      679.67      854.33        0.00
     0     0      676.33      857.67        0.00
     0     0      673.67      860.33        0.00
     0     0      671.00      862.33        0.00
     0     0      667.00      864.33        0.00
     0     0      663.00      866.33        0.00
     0     0      659.67      867.67        0.00
     0     0      656.33      868.33        0.00
     0     0      652.33      869.00        0.00
     0     0      648.33      869.00        0.00
     0     0      645.00      869.00        0.00
     0     0      641.67      869.00        0.00
     0     0      638.33      867.67        0.00
     0     0      635.67      865.67        0.00
     0     0      632.33      864.33        0.00
     0     0      629.00      862.33        0.00
     0     0      625.00      860.33        0.00
     0     0      621.00      857.67        0.00
     0     0      616.33      855.00        0.00
     0     0      611.67      853.00        0.00
     0     0      607.67      851.00        0.00
     0     0      604.33      848.33        0.00
     0     0      601.67      845.67        0.00
     0     0      598.33      842.33        0.00
     0     0      595.00      840.33        0.00
     0     0      591.67      837.67        0.00
     0     0      587.67      835.67        0.00
     0     0      584.33      833.00        0.00
     0     0      581.00      829.67        0.00
     0     0      577.67      827.00        0.00
     0     0      575.00      824.33        0.00
     0     0      572.33      822.33        0.00
     0     0      569.67      819.00        0.00
     0     0      567.67      816.33        0.00
     0     0      565.00      812.33        0.00
     0     0      562.33      808.33        0.00
     0     0      560.33      805.00        0.00
     0     0      559.00      801.67        0.00
     0     0      558.33      798.33        0.00
     0     0      557.67      794.33        0.00
     0     0      556.33      790.33        0.00
     0     0      554.33      787.67        0.00
     0     0      552.33      784.33        0.00
     0     0      549.67      781.00        0.00
     0     0      547.00      776.33        0.00
     0     0      545.67      773.00        0.00
     0     0      543.67      769.00        0.00
     0     0      542.33      765.67        0.00
     0     0      542.33      761.67        0.00
     0     0      541.00      757.67        0.00
     0     0      540.33      752.33        0.00
     0     0      540.33      749.00        0.00
     0     0      540.33      745.67        0.00
     0     0      541.00      729.67        0.00
     0     0      539.00      727.00        0.00
     0     0      539.00      723.00        0.00
     0     0      539.00      719.67        0.00
     0     0      537.67      715.67        0.00
     0     0      536.33      711.67        0.00
     0     0      534.33      707.67        0.00
     0     0      532.33      703.00        0.00
     0     0      531.00      699.67        0.00
     0     0      529.67      695.67        0.00
     0     0      529.00      692.33        0.00
     0     0      528.33      689.00        0.00
     0     0      527.00      685.67        0.00
     0     0      525.67      681.67        0.00
     0     0      525.00      678.33        0.00
     0     0      523.67      675.00        0.00
     0     0      523.00      671.67        0.00
     0     0      521.67      668.33        0.00
     0     0      521.67      664.33        0.00
     0     0      521.67      661.00        0.00
     0     0      521.67      657.67        0.00
     0     0      521.00      653.67        0.00
     0     0      520.33      649.00        0.00
     0     0      519.00      643.67        0.00
     0     0      517.67      639.67        0.00
     0     0      516.33      635.00        0.00
     0     0      514.33      631.00        0.00
     0     0      511.67      625.67        0.00
     0     0      510.33      622.33        0.00
     0     0      509.67      618.33        0.00
     0     0      509.00      613.00        0.00
     0     0      508.33      609.67        0.00
     0     0      507.67      606.33        0.00
     0     0      506.33      602.33        0.00
     0     0      505.00      599.00        0.00
     0     0      503.67      595.00        0.00
     0     0      503.67      591.00        0.00
     0     0      503.00      587.67        0.00
     0     0      503.00      583.67        0.00
     0     0      503.00      580.33        0.00
     0     0      501.67      575.00        0.00
     0     0      501.00      571.00        0.00
     0     0      501.00      567.00        0.00
     0     0      500.33      561.67        0.00
     0     0      500.33      557.67        0.00
     0     0      499.00      552.33        0.00
     0     0      498.33      549.00        0.00
     0     0      497.67      545.67        0.00
     0     0      495.67      541.67        0.00
     0     0      494.33      538.33        0.00
     0     0      492.33      535.00        0.00
     0     0      491.00      531.67        0.00
     0     0      490.33      528.33        0.00
     0     0      489.67      524.33        0.00
     0     0      489.00      521.00        0.00
     0     0      488.33      517.67        0.00
     0     0      487.00      513.67        0.00
     0     0      485.67      510.33        0.00
     0     0      484.33      507.00        0.00
     0     0      483.00      502.33        0.00
     0     0      481.67      499.00        0.00
     0     0      481.67      495.00        0.00
     0     0      480.33      490.33        0.00
     0     0      479.67      487.00        0.00
     0     0      479.67      481.67        0.00
     0     0      479.00      477.67        0.00
     0     0      477.00      473.67        0.00
     0     0      476.33      470.33        0.00
     0     0      475.67      466.33        0.00
     0     0      475.00      463.00        0.00
     0     0      475.67      459.67        0.00
     0     0      476.33      456.33        0.00
     0     0      476.33      453.00        0.00
     0     0      475.67      449.67        0.00
     0     0      473.67      447.00        0.00
     0     0      471.00      444.33        0.00
     0     0      468.33      441.67        0.00
     0     0      465.67      438.33        0.00
     0     0      463.67      435.00        0.00
     0     0      462.33      431.67        0.00
     0     0      461.00      428.33        0.00
     0     1     1373.50      683.00        0.00
     0     1     1370.00      682.50        0.00
     0     1     1367.50      682.00        0.00
     0     1     1364.00      681.00        0.00
     0     1     1361.00      680.00        0.00
     0     1     1357.50      679.00        0.00
     0     1     1354.00      678.50        0.00
     0     1     1349.50      677.50        0.00
     0     1     1346.00      676.00        0.00
     0     1     1341.50      674.50        0.00
     0     1     1338.00      673.00        0.00
     0     1     1334.00      671.00        0.00
     0     1     1330.50      669.50        0.00
     0     1     1326.00      667.50        0.00
     0     1     1323.00      666.00        0.00
     0     1     1318.50      663.50        0.00
     0     1     1314.00      661.00        0.00
     0     1     1310.50      659.00        0.00
     0     1     1306.00      656.00        0.00
     0     1     1302.50      654.00        0.00
     0     1     1299.00      651.50        0.00
     0     1     1295.50      649.50        0.00
     0     1     1291.50      648.00        0.00
     0     1     1289.00      645.50        0.00
     0     1     1285.50      643.50        0.00
     0     1     1283.00      642.00        0.00
     0     1     1280.00      639.50        0.00
     0     1     1277.00      638.00        0.00
     0     1     1275.00      636.00        0.00
     0     1     1271.50      634.00        0.00
     0     1     1269.00      632.50        0.00
     0     1     1266.50      631.50        0.00
     0     1     1263.00      629.50        0.00
     0     1     1261.00      628.00        0.00
     0     1     1258.00      626.00        0.00
     0     1     1255.00      624.50        0.00
     0     1     1252.00      623.00        0.00
     0     1     1249.00      621.50        0.00
     0     1     1247.00      620.00        0.00
     0     1     1243.50      618.00        0.00
     0     1     1240.00      616.50        0.00
     0     1     1236.50      615.50        0.00
     0     1     1233.50      614.00        0.00
     0     1     1230.00      613.00        0.00
     0     1     1227.50      612.00        0.00
     0     1     1224.50      611.00        0.00
     0     1     1221.50      610.00        0.00
     0     1     1218.00      608.50        0.00
     0     1     1214.00      607.50        0.00
     0     1     1211.00      607.00        0.00
     0     1     1208.00      606.50        0.00
     0     1     1205.00      605.50        0.00
     0     1     1202.50      605.50        0.00
     0     1     1199.00      605.50        0.00
     0     1     1195.00      605.50        0.00
     0     1     1190.50      605.50        0.00
     0     1     1184.50      605.50        0.00
     0     1     1178.50      605.00        0.00
     0     1     1175.50      604.50        0.00
     0     1     1171.00      603.50        0.00
     0     1     1166.50      602.50        0.00
     0     1     1163.00      601.50        0.00
     0     1     1159.50      600.00        0.00
     0     1     1155.00      598.00        0.00
     0     1     1149.50      596.00        0.00
     0     1     1145.00      594.00        0.00
     0     1     1139.50      592.00        0.00
     0     1     1135.50      590.00        0.00
     0     1     1132.00      588.50        0.00
     0     1     1129.00      588.00        0.00
     0     1     1125.50      587.00        0.00
     0     1     1122.00      586.00        0.00
     0     1     1119.00      585.00        0.00
     0     1     1115.00      584.00        0.00
     0     1     1112.50      583.50        0.00
     0     1     1109.50      583.00        0.00
     0     1     1106.50      581.50        0.00
     0     1     1103.00      581.00        0.00
     0     1     1100.00      580.00        0.00
     0     1     1096.00      579.50        0.00
     0     1     1092.50      579.00        0.00
     0     1     1090.00      579.00        0.00
     0     1     1087.00      578.00        0.00
     0     1     1083.50      578.00        0.00
     0     1     1081.00      577.50        0.00
     0     1     1077.00      576.50        0.00
     0     1     1074.00      575.50        0.00
     0     1     1071.00      574.50        0.00
     0     1     1068.00      573.00        0.00
     0     1     1065.50      571.50        0.00
     0     1     1062.00      569.50        0.00
     0     1     1059.00      568.00        0.00
     0     1     1056.50      567.00        0.00
     0     1     1053.00      565.00        0.00
     0     1     1050.50      563.50        0.00
     0     1     1047.50      561.50        0.00
     0     1     1044.50      559.50        0.00
     0     1     1041.50      557.00        0.00
     0     1     1040.00      553.50        0.00
     0     1     1038.50      550.50        0.00
     0     1     1038.00      547.50        0.00
     0     1     1037.50      543.00        0.00
     0     1     1036.50      538.50        0.00
     0     1     1035.50      535.00        0.00
     0     1     1035.00      531.50        0.00
     0     1     1035.00      527.50        0.00
     0     1     1035.00      523.50        0.00
     0     1     1035.00      521.00        0.00
     0     1     1036.00      518.00        0.00
     0     1     1037.00      515.50        0.00
     0     1     1037.50      513.00        0.00
     0     1     1039.50      510.50        0.00
     0     1     1041.00      507.50        0.00
     0     1     1042.50      505.50        0.00
     0     1     1044.50      504.00        0.00
     0     1     1047.50      501.50        0.00
     0     1     1050.00      499.00        0.00
     0     1     1052.00      497.50        0.00
     0     1     1055.00      495.50        0.00
     0     1     1057.00      494.00        0.00
     0     1     1060.00      492.00        0.00
     0     1     1064.00      490.00        0.00
     0     1     1067.50      488.50        0.00
     0     1     1070.50      487.50        0.00
     0     1     1073.50      486.50        0.00
     0     1     1076.00      486.00        0.00
     0     1     1079.00      485.50        0.00
     0     1     1082.50      484.50        0.00
     0     1     1087.00      484.00        0.00
     0     1     1089.50      483.00        0.00
     0     1     1093.50      483.00        0.00
     0     1     1096.50      483.00        0.00
     0     1     1100.00      483.00        0.00
     0     1     1104.00      483.00        0.00
     0     1     1106.50      483.00        0.00
     0     1     1109.50      483.00        0.00
     0     1     1112.50      483.00        0.00
     0     1     1115.50      483.00        0.00
     0     1     1118.50      483.00        0.00
     0     1     1122.50      483.50        0.00
     0     1     1126.50      483.50        0.00
     0     1     1130.00      483.50        0.00
     0     1     1133.00      483.50        0.00
     0     1     1135.50      483.00        0.00
     0     1     1138.50      483.00        0.00
     0     1     1141.50      483.00        0.00
     0     1     1144.50      483.00        0.00
     0     1     1147.00      483.00        0.00
     0     1     1150.00      483.00        0.00
     0     1     1152.50      483.00        0.00
     0     1     1155.00      483.50        0.00
     0     1     1158.00      483.50        0.00
     0     1     1160.50      483.00        0.00
     0     1     1163.00      483.00        0.00
     0     1     1166.00      483.00        0.00
     0     1     1170.00      483.00        0.00
     0     1     1172.50      483.00        0.00
     0     1     1175.00      483.00        0.00
     0     1     1177.50      483.00        0.00
     0     1     1180.00      483.00        0.00
     0     1     1184.00      483.00        0.00
     0     1     1186.50      483.00        0.00
     0     1     1189.50      483.00        0.00
     0     1     1192.50      483.00        0.00
     0     1     1196.50      484.00        0.00
     0     1     1200.00      484.50        0.00
     0     1     1203.00      484.50        0.00
     0     1     1206.00      485.00        0.00
     0     1     1208.50      485.50        0.00
     0     1     1211.00      485.50        0.00
     0     1     1214.00      486.50        0.00
     0     1     1216.50      487.00        0.00
     0     1     1220.00      488.00        0.00
     0     1     1222.50      488.50        0.00
     0     1     1225.00      489.00        0.00
     0     1     1228.50      490.00        0.00
     0     1     1231.00      491.00        0.00
     0     1     1234.00      492.00        0.00
     0     1     1237.00      493.00        0.00
     0     1     1240.00      493.50        0.00
     0     1     1243.00      494.50        0.00
     0     1     1246.50      496.00        0.00
     0     1     1249.50      497.00        0.00
     0     1     1252.00      498.00        0.00
     0     1     1255.50      499.00        0.00
     0     1     1259.00      500.00        0.00
     0     1     1262.50      501.50        0.00
     0     1     1265.00      502.50        0.00
     0     1     1268.50      503.00        0.00
     0     1     1271.50      504.50        0.00
     0     1     1274.00      505.50        0.00
     0     1     1277.50      507.00        0.00
     0     1     1281.50      509.00        0.00
     0     1     1284.00      510.00        0.00
     0     1     1286.50      511.00        0.00
     0     1     1290.00      512.50        0.00
     0     1     1292.00      514.00        0.00
     0     1     1295.00      516.00        0.00
     0     1     1297.50      517.50        0.00
     0     1     1300.00      520.00        0.00
     0     1     1303.00      523.00        0.00
     0     1     1305.50      525.50        0.00
     0     1     1308.00      528.00        0.00
     0     1     1310.50      529.00        0.00
     0     1     1312.50      530.50        0.00
     0     1     1315.50      533.00        0.00
     0     1     1317.50      534.50        0.00
     0     1     1320.00      536.50        0.00
     0     1     1322.00      538.00        0.00
     0     1     1323.50      540.00        0.00
     0     1     1326.00      541.50        0.00
     0     1     1328.00      543.00        0.00
     0     1     1330.00      544.50        0.00
     0     1     1332.00      546.00        0.00
     0     1     1334.00      548.50        0.00
     0     1     1336.50      551.50        0.00
     0     1     1339.00      555.00        0.00
     0     1     1341.00      557.50        0.00
     0     1     1343.50      560.00        0.00
     0     1     1345.50      561.50        0.00
     0     1     1347.50      563.50        0.00
     0     1     1349.50      565.00        0.00
     0     1     1352.00      566.50        0.00
     0     1     1355.50      568.50        0.00
     0     1     1358.50      570.00        0.00
     0     1     1361.50      571.50        0.00
     0     1     1363.50      573.50        0.00
     0     1     1365.50      575.00        0.00
     0     1     1367.00      577.00        0.00
     0     1     1369.00      578.50        0.00
     0     1     1371.50      580.00        0.00
     0     1     1374.50      580.50        0.00
     0     1     1377.50      582.00        0.00
     1     0      362.67      106.00        0.00
     1     0      360.00      104.00        0.00
     1     0      359.33      100.67        0.00
     1     0      359.33       96.67        0.00
     1     0      360.00       92.67        0.00
     1     0      362.67       90.00        0.00
     1     0      366.00       88.67        0.00
     1     0      370.00       89.33        0.00
     1     0      372.00       92.67        0.00
     1     0      374.00       95.33        0.00
     1     0      374.00       98.67        0.00
     1     0      372.00      101.33        0.00
     1     0      370.67      104.67        0.00
     1     0      367.33      106.00        0.00
     1     1      621.33      368.67        0.00
     1     1      620.67      372.00        0.00
     1     1      619.33      375.33        0.00
     1     1      616.00      376.00        0.00
     1     1      613.33      374.00        0.00
     1     1      611.33      371.33        0.00
     1     1      610.67      368.00        0.00
     1     1      610.67      364.67        0.00
     1     1      613.33      362.67        0.00
     1     1      616.67      364.00        0.00
     1     2      640.67      399.33        0.00
     1     2      639.33      402.67        0.00
     1     2      637.33      405.33        0.00
     1     2      634.00      406.00        0.00
     1     2      630.67      407.33        0.00
     1     2      627.33      406.00        0.00
     1     2      627.33      402.67        0.00
     1     2      629.33      399.33        0.00
     1     2      632.67      398.00        0.00
     1     2      635.33      396.00        0.00
     1     2      638.67      395.33        0.00
     1     3      636.00      558.33        0.00
     1     3      632.00      559.67        0.00
     1     3      629.33      557.67        0.00
     1     3      627.33      554.33        0.00
     1     3      627.33      551.00        0.00
     1     3      629.33      548.33        0.00
     1     3      632.67      548.33        0.00
     1     3      636.00      548.33        0.00
     1     3      638.67      550.33        0.00
     1     3      639.33      553.67        0.00
     1     4      647.33      639.00        0.00
     1     4      646.00      642.33        0.00
     1     4      642.67      641.67        0.00
     1     4      642.00      638.33        0.00
     1     4      642.00      635.00        0.00
     1     4      644.00      632.33        0.00
     1     4      648.00      631.67        0.00
     1     4      649.33      635.00        0.00
