     0     0      378.67      458.67        0.00
     0     0      374.67      458.67        0.00
     0     0      370.67      457.33        0.00
     0     0      366.67      456.00        0.00
     0     0      362.67      454.67        0.00
     0     0      358.67      454.67        0.00
     0     0      354.67      453.33        0.00
     0     0      350.67      453.33        0.00
     0     0      346.67      452.00        0.00
     0     0      342.67      452.00        0.00
     0     0      338.67      452.00        0.00
     0     0      334.67      452.00        0.00
     0     0      329.33      452.00        0.00
     0     0      325.33      452.00        0.00
     0     0      321.33      452.00        0.00
     0     0      317.33      452.00        0.00
     0     0      313.33      452.00        0.00
     0     0      309.33      452.00        0.00
     0     0      305.33      452.00        0.00
     0     0      301.33      452.00        0.00
     0     0      297.33      452.00        0.00
     0     0      292.00      452.00        0.00
     0     0      288.00      452.00        0.00
     0     0      284.00      450.67        0.00
     0     0      278.67      450.67        0.00
     0     0      274.67      449.33        0.00
     0     0      269.33      448.00        0.00
     0     0      265.33      448.00        0.00
     0     0      261.33      446.67        0.00
     0     0      257.33      445.33        0.00
     0     0      253.33      444.00        0.00
     0     0      249.33      444.00        0.00
     0     0      245.33      442.67        0.00
     0     0      241.33      441.33        0.00
     0     0      237.33      438.67        0.00
     0     0      233.33      437.33        0.00
     0     0      229.33      436.00        0.00
     0     0      225.33      433.33        0.00
     0     0      218.67      432.00        0.00
     0     0      214.67      429.33        0.00
     0     0      210.67      428.00        0.00
     0     0      208.00      424.00        0.00
     0     0      204.00      422.67        0.00
     0     0      200.00      420.00        0.00
     0     0      197.33      416.00        0.00
     0     0      193.33      413.33        0.00
     0     0      190.67      410.67        0.00
     0     0      186.67      408.00        0.00
     0     0      182.67      404.00        0.00
     0     0      177.33      401.33        0.00
     0     0      174.67      398.67        0.00
     0     0      170.67      396.00        0.00
     0     0      166.67      393.33        0.00
     0     0      162.67      390.67        0.00
     0     0      158.67      389.33        0.00
     0     0      156.00      386.67        0.00
     0     0      152.00      384.00        0.00
     0     0      146.67      381.33        0.00
     0     0      142.67      380.00        0.00
     0     0      138.67      377.33        0.00
     0     0      133.33      374.67        0.00
     0     0      128.00      372.00        0.00
     0     0      124.00      369.33        0.00
     0     0      121.33      366.67        0.00
     0     0      117.33      364.00        0.00
     0     0      112.00      361.33        0.00
     0     0      108.00      360.00        0.00
     0     0      104.00      358.67        0.00
     0     0       98.67      357.33        0.00
     0     0       94.67      356.00        0.00
     0     0       89.33      353.33        0.00
     0     0       84.00      352.00        0.00
     0     0       80.00      349.33        0.00
     0     0       76.00      348.00        0.00
     0     0       72.00      346.67        0.00
     0     0       68.00      345.33        0.00
     0     0       62.67      344.00        0.00
     0     0       58.67      342.67        0.00
     0     0       54.67      341.33        0.00
     0     0       50.67      341.33        0.00
     0     0       46.67      340.00        0.00
     0     0       42.67      340.00        0.00
     0     0       38.67      338.67        0.00
     0     0       34.67      337.33        0.00
     0     0       30.67      334.67        0.00
     0     0       25.33      332.00        0.00
     0     0       21.33      330.67        0.00
     0     0       17.33      328.00        0.00
     0     0       13.33      325.33        0.00
     0     0        9.33      322.67        0.00
     0     0        6.67      320.00        0.00
     0     0        4.00      317.33        0.00
     0     0       -2.67      145.33        0.00
     0     0        1.33      145.33        0.00
     0     0        5.33      146.67        0.00
     0     0        9.33      146.67        0.00
     0     0       14.67      148.00        0.00
     0     0       22.67      149.33        0.00
     0     0       28.00      150.67        0.00
     0     0       33.33      152.00        0.00
     0     0       37.33      152.00        0.00
     0     0       42.67      152.00        0.00
     0     0       48.00      153.33        0.00
     0     0       53.33      153.33        0.00
     0     0       60.00      154.67        0.00
     0     0       66.67      154.67        0.00
     0     0       70.67      154.67        0.00
     0     0       77.33      154.67        0.00
     0     0       82.67      154.67        0.00
     0     0       86.67      154.67        0.00
     0     0       92.00      154.67        0.00
     0     0       97.33      154.67        0.00
     0     0      101.33      154.67        0.00
     0     0      105.33      153.33        0.00
     0     0      110.67      153.33        0.00
     0     0      117.33      152.00        0.00
     0     0      121.33      152.00        0.00
     0     0      125.33      150.67        0.00
     0     0      129.33      150.67        0.00
     0     0      134.67      150.67        0.00
     0     0      141.33      150.67        0.00
     0     0      145.33      150.67        0.00
     0     0      149.33      150.67        0.00
     0     0      153.33      150.67        0.00
     0     0      157.33      149.33        0.00
     0     0      161.33      149.33        0.00
     0     0      165.33      149.33        0.00
     0     0      170.67      148.00        0.00
     0     0      174.67      148.00        0.00
     0     0      181.33      146.67        0.00
     0     0      185.33      146.67        0.00
     0     0      189.33      146.67        0.00
     0     0      193.33      146.67        0.00
     0     0      198.67      146.67        0.00
     0     0      202.67      146.67        0.00
     0     0      206.67      145.33        0.00
     0     0      213.33      145.33        0.00
     0     0      221.33      144.00        0.00
     0     0      225.33      144.00        0.00
     0     0      230.67      142.67        0.00
     0     0      236.00      142.67        0.00
     0     0      241.33      141.33        0.00
     0     0      248.00      141.33        0.00
     0     0      256.00      141.33        0.00
     0     0      261.33      141.33        0.00
     0     0      266.67      140.00        0.00
     0     0      270.67      140.00        0.00
     0     0      276.00      140.00        0.00
     0     0      281.33      141.33        0.00
     0     0      288.00      141.33        0.00
     0     0      293.33      141.33        0.00
     0     0      300.00      142.67        0.00
     0     0      304.00      142.67        0.00
     0     0      309.33      142.67        0.00
     0     0      313.33      142.67        0.00
     0     0      317.33      142.67        0.00
     0     0      322.67      142.67        0.00
     0     0      328.00      142.67        0.00
     0     0      333.33      142.67        0.00
     0     0      337.33      142.67        0.00
     0     0      341.33      142.67        0.00
     0     0      346.67      142.67        0.00
     0     0      350.67      142.67        0.00
     0     0      356.00      144.00        0.00
     0     0      361.33      144.00        0.00
     0     0      366.67      145.33        0.00
     0     0      370.67      145.33        0.00
     0     0      376.00      148.00        0.00
     0     0      380.00      148.00        0.00
     0     0      384.00      149.33        0.00
     0     0      388.00      150.67        0.00
     0     0      392.00      153.33        0.00
     0     0      396.00      154.67        0.00
     0     0      401.33      156.00        0.00
     0     0      406.67      157.33        0.00
     0     0      409.33      160.00        0.00
     0     0      414.67      161.33        0.00
     0     0      417.33      164.00        0.00
     0     0      421.33      166.67        0.00
     0     0      425.33      169.33        0.00
     0     0      428.00      172.00        0.00
     0     0      432.00      173.33        0.00
     0     0      434.67      176.00        0.00
     0     0      437.33      178.67        0.00
     0     0      441.33      181.33        0.00
     0     0      444.00      184.00        0.00
     0     0      448.00      185.33        0.00
     0     0      452.00      188.00        0.00
     0     0      456.00      190.67        0.00
     0     0      458.67      193.33        0.00
     0     0      461.33      196.00        0.00
     0     0      465.33      198.67        0.00
     0     0      468.00      201.33        0.00
     0     0      470.67      204.00        0.00
     0     0      473.33      208.00        0.00
     0     0      476.00      212.00        0.00
     0     0      477.33      216.00        0.00
     0     0      478.67      221.33        0.00
     0     0      480.00      225.33        0.00
     0     0      481.33      229.33        0.00
     0     0      482.67      233.33        0.00
     0     0      484.00      237.33        0.00
     0     0      485.33      241.33        0.00
     0     0      486.67      245.33        0.00
     0     0      486.67      249.33        0.00
     0     0      488.00      253.33        0.00
     0     0      488.00      257.33        0.00
     0     0      488.00      261.33        0.00
     0     0      490.67      265.33        0.00
     0     0      492.00      269.33        0.00
     0     0      493.33      273.33        0.00
     0     0      494.67      277.33        0.00
     0     0      496.00      281.33        0.00
     0     0      498.67      285.33        0.00
     0     0      500.00      289.33        0.00
     0     0      501.33      293.33        0.00
     0     0      504.00      297.33        0.00
     0     0      506.67      301.33        0.00
     0     0      509.33      305.33        0.00
     0     0      512.00      308.00        0.00
     0     0      514.67      310.67        0.00
     0     0      517.33      313.33        0.00
     0     0      520.00      316.00        0.00
     0     0      522.67      318.67        0.00
     0     0      525.33      321.33        0.00
     0     0      529.33      322.67        0.00
     0     0      532.00      325.33        0.00
     0     0      534.67      328.00        0.00
     0     0      537.33      330.67        0.00
     0     0      540.00      333.33        0.00
     0     0      542.67      336.00        0.00
     0     0      546.67      337.33        0.00
     0     0      549.33      340.00        0.00
     0     0      553.33      342.67        0.00
     0     0      557.33      345.33        0.00
     0     0      561.33      348.00        0.00
     0     0      564.00      350.67        0.00
     0     0      566.67      353.33        0.00
     0     0      570.67      356.00        0.00
     0     0      573.33      358.67        0.00
     0     0      576.00      361.33        0.00
     0     0      578.67      364.00        0.00
     0     0      581.33      368.00        0.00
     0     0      584.00      372.00        0.00
     0     0      586.67      374.67        0.00
     0     0      588.00      378.67        0.00
     0     0      592.00      381.33        0.00
     0     0      594.67      384.00        0.00
     0     0      598.67      386.67        0.00
     0     0      601.33      389.33        0.00
     0     0      605.33      392.00        0.00
     0     0      608.00      394.67        0.00
     0     0      612.00      396.00        0.00
     0     0      614.67      398.67        0.00
     0     0      618.67      398.67        0.00
     0     0      622.67      400.00        0.00
     0     0      626.67      400.00        0.00
     0     0      630.67      401.33        0.00
     0     0      634.67      402.67        0.00
     0     0      638.67      404.00        0.00
     0     0      641.33      406.67        0.00
     0     0      644.00      409.33        0.00
     0     0      646.67      412.00        0.00
     0     0      649.33      416.00        0.00
     0     0      649.33      420.00        0.00
     0     0      650.67      424.00        0.00
     0     0      650.67      428.00        0.00
     0     0      652.00      432.00        0.00
     0     0      654.67      434.67        0.00
     0     0      657.33      437.33        0.00
     0     0      660.00      440.00        0.00
     0     0      662.67      442.67        0.00
     0     0      666.67      444.00        0.00
     0     0      670.67      445.33        0.00
     0     0      674.67      446.67        0.00
     0     0      678.67      448.00        0.00
     0     0      682.67      449.33        0.00
     0     0      686.67      450.67        0.00
     0     0      692.00      453.33        0.00
     0     0      696.00      454.67        0.00
     0     0      700.00      456.00        0.00
     0     0      704.00      457.33        0.00
     0     0      709.33      458.67        0.00
     0     0      713.33      461.33        0.00
     0     0      716.00      464.00        0.00
     0     0      718.67      466.67        0.00
     0     0      721.33      469.33        0.00
     0     0      725.33      470.67        0.00
     0     0      729.33      473.33        0.00
     0     0      733.33      474.67        0.00
     0     0      736.00      477.33        0.00
     0     0      738.67      480.00        0.00
     0     0      742.67      482.67        0.00
     0     0      746.67      484.00        0.00
     0     0      752.00      485.33        0.00
     0     0      756.00      488.00        0.00
     0     0      758.67      490.67        0.00
     0     0      762.67      493.33        0.00
     0     0      765.33      496.00        0.00
     0     0      768.00      498.67        0.00
     0     0      770.67      501.33        0.00
     0     0      773.33      504.00        0.00
     0     0      776.00      506.67        0.00
     0     0      778.67      509.33        0.00
     0     0      782.67      512.00        0.00
     0     0      786.67      514.67        0.00
     0     0      790.67      516.00        0.00
     0     0      794.67      517.33        0.00
     0     0      798.67      518.67        0.00
     0     0      802.67      520.00        0.00
     0     0      806.67      521.33        0.00
     0     0      810.67      524.00        0.00
     0     0      814.67      525.33        0.00
     0     0      817.33      528.00        0.00
     0     0      820.00      530.67        0.00
     0     0      824.00      532.00        0.00
     0     0      826.67      534.67        0.00
     0     0      830.67      537.33        0.00
     0     0      858.67      554.00        0.00
     0     0      861.33      556.67        0.00
     0     0      865.33      558.00        0.00
     0     0      868.00      560.67        0.00
     0     0      872.00      562.00        0.00
     0     0      876.00      564.67        0.00
     0     0      880.00      567.33        0.00
     0     0      882.67      570.00        0.00
     0     0      885.33      572.67        0.00
     0     0      889.33      575.33        0.00
     0     0      893.33      578.00        0.00
     0     0      897.33      579.33        0.00
     0     0      902.67      582.00        0.00
     0     0      906.67      584.67        0.00
     0     0      910.67      586.00        0.00
     0     0      914.67      587.33        0.00
     0     0      918.67      588.67        0.00
     0     0      924.00      591.33        0.00
     0     0      926.67      594.00        0.00
     0     0      932.00      596.67        0.00
     0     0      936.00      598.00        0.00
     0     0      940.00      600.67        0.00
     0     0      944.00      603.33        0.00
     0     0      948.00      606.00        0.00
     0     0      950.67      608.67        0.00
     0     0      954.67      610.00        0.00
     0     0      957.33      612.67        0.00
     0     0      964.00      614.00        0.00
     0     0      968.00      616.67        0.00
     0     0      973.33      618.00        0.00
     0     0      978.67      619.33        0.00
     0     0      984.00      622.00        0.00
     0     0      989.33      623.33        0.00
     0     0      997.33      626.00        0.00
     0     0     1001.33      628.67        0.00
     0     0     1006.67      631.33        0.00
     0     0     1016.00      632.67        0.00
     0     0     1020.00      635.33        0.00
     0     0     1026.67      636.67        0.00
     0     0     1033.33      639.33        0.00
     0     0     1037.33      642.00        0.00
     0     0     1041.33      643.33        0.00
     0     0     1045.33      644.67        0.00
     0     0     1049.33      646.00        0.00
     0     0     1054.67      648.67        0.00
     0     0     1058.67      650.00        0.00
     0     0     1062.67      651.33        0.00
     0     0     1068.00      652.67        0.00
     0     0     1074.67      654.00        0.00
     0     0     1080.00      656.67        0.00
     0     0     1085.33      658.00        0.00
     0     0     1090.67      659.33        0.00
     0     0     1094.67      660.67        0.00
     0     0     1098.67      664.67        0.00
     0     0     1105.33      667.33        0.00
     0     0     1108.00      670.00        0.00
     0     0     1112.00      674.00        0.00
     0     0     1114.67      676.67        0.00
     0     0     1117.33      680.67        0.00
     0     0     1120.00      684.67        0.00
     0     0     1122.67      687.33        0.00
     0     0     1126.67      690.00        0.00
     0     0     1129.33      692.67        0.00
     0     0     1133.33      696.67        0.00
     0     0     1137.33      699.33        0.00
     0     0     1141.33      702.00        0.00
     0     0     1145.33      704.67        0.00
     0     0     1149.33      708.67        0.00
     0     0     1153.33      710.00        0.00
     0     0     1157.33      712.67        0.00
     0     0     1162.67      716.67        0.00
     0     0     1166.67      718.00        0.00
     0     0     1170.67      720.67        0.00
     0     0     1174.67      723.33        0.00
     0     0     1180.00      724.67        0.00
     0     0     1184.00      727.33        0.00
     0     0     1188.00      730.00        0.00
     0     0     1192.00      734.00        0.00
     0     0     1197.33      735.33        0.00
     0     0     1201.33      738.00        0.00
     0     0     1204.00      740.67        0.00
     0     0     1209.33      742.00        0.00
     0     0     1213.33      744.67        0.00
     0     0     1217.33      746.00        0.00
     0     0     1220.00      748.67        0.00
     0     0     1225.33      752.67        0.00
     0     0     1230.67      755.33        0.00
     0     0     1234.67      758.00        0.00
     0     0     1238.67      760.67        0.00
     0     0     1244.00      762.00        0.00
     0     0     1248.00      764.67        0.00
     0     0     1252.00      766.00        0.00
     0     0     1256.00      768.67        0.00
     0     0     1260.00      771.33        0.00
     0     0     1264.00      774.00        0.00
     0     0     1268.00      776.67        0.00
     0     0     1270.67      779.33        0.00
     0     0     1273.33      782.00        0.00
     0     0     1276.00      784.67        0.00
     0     0     1278.67      787.33        0.00
     0     0     1281.33      791.33        0.00
     0     0     1284.00      794.00        0.00
     0     0     1285.33      798.00        0.00
     0     0     1286.67      802.00        0.00
     0     0     1288.00      806.00        0.00
     0     0     1289.33      810.00        0.00
     0     0     1289.33      815.33        0.00
     0     0     1288.00      819.33        0.00
     0     0     1288.00      823.33        0.00
     0     0     1286.67      827.33        0.00
     0     0     1284.00      830.00        0.00
     0     0     1281.33      834.00        0.00
     0     0     1280.00      838.00        0.00
     0     0     1277.33      840.67        0.00
     0     0     1274.67      843.33        0.00
     0     0     1272.00      846.00        0.00
     0     0     1268.00      847.33        0.00
     0     0     1262.67      851.33        0.00
     0     0     1257.33      854.00        0.00
     0     0     1253.33      855.33        0.00
     0     0     1249.33      858.00        0.00
     0     0     1244.00      859.33        0.00
     0     0     1240.00      859.33        0.00
     0     0     1236.00      860.67        0.00
     0     0     1232.00      862.00        0.00
     0     0     1228.00      862.00        0.00
     0     0     1224.00      862.00        0.00
     0     0     1218.67      862.00        0.00
     0     0     1213.33      862.00        0.00
     0     0     1209.33      862.00        0.00
     0     0     1205.33      862.00        0.00
     0     0     1201.33      862.00        0.00
     0     0     1197.33      860.67        0.00
     0     0     1193.33      860.67        0.00
     0     0     1189.33      860.67        0.00
     0     0     1185.33      860.67        0.00
     0     0     1180.00      860.67        0.00
     0     0     1176.00      859.33        0.00
     0     0     1172.00      858.00        0.00
     0     0     1168.00      858.00        0.00
     0     0     1162.67      858.00        0.00
     0     0     1158.67      855.33        0.00
     0     0     1154.67      854.00        0.00
     0     0     1150.67      852.67        0.00
     0     0     1146.67      851.33        0.00
     0     0     1142.67      850.00        0.00
     0     0     1137.33      847.33        0.00
     0     0     1133.33      846.00        0.00
     0     0     1129.33      844.67        0.00
     0     0     1125.33      843.33        0.00
     0     0     1121.33      842.00        0.00
     0     0     1117.33      840.67        0.00
     0     0     1113.33      840.67        0.00
     0     0     1109.33      839.33        0.00
     0     0     1105.33      838.00        0.00
     0     0     1101.33      835.33        0.00
     0     0     1097.33      834.00        0.00
     0     0     1093.33      832.67        0.00
     0     0     1088.00      831.33        0.00
     0     0     1084.00      828.67        0.00
     0     0     1078.67      826.00        0.00
     0     0     1074.67      823.33        0.00
     0     0     1070.67      820.67        0.00
     0     0     1066.67      819.33        0.00
     0     0     1061.33      818.00        0.00
     0     0     1056.00      815.33        0.00
     0     0     1050.67      814.00        0.00
     0     0     1046.67      811.33        0.00
     0     0     1042.67      808.67        0.00
     0     0     1038.67      806.00        0.00
     0     0     1034.67      804.67        0.00
     0     0     1032.00      802.00        0.00
     0     0     1028.00      799.33        0.00
     0     0     1022.67      796.67        0.00
     0     0     1018.67      794.00        0.00
     0     0     1016.00      791.33        0.00
     0     0     1012.00      788.67        0.00
     0     0     1008.00      786.00        0.00
     0     0     1005.33      783.33        0.00
     0     0     1001.33      780.67        0.00
     0     0      998.67      778.00        0.00
     0     0      996.00      775.33        0.00
     0     0      993.33      772.67        0.00
     0     0      990.67      770.00        0.00
     0     0      986.67      767.33        0.00
     0     0      982.67      764.67        0.00
     0     0      978.67      763.33        0.00
     0     0      974.67      760.67        0.00
     0     0      970.67      758.00        0.00
     0     0      966.67      756.67        0.00
     0     0      962.67      754.00        0.00
     0     0      958.67      754.00        0.00
     0     0      956.00      751.33        0.00
     0     0      952.00      750.00        0.00
     0     0      948.00      748.67        0.00
     0     0      944.00      747.33        0.00
     0     0      940.00      746.00        0.00
     0     0      936.00      743.33        0.00
     0     0      932.00      743.33        0.00
     0     0      928.00      742.00        0.00
     0     0      924.00      740.67        0.00
     0     0      921.33      738.00        0.00
     0     0      917.33      736.67        0.00
     0     0      912.00      734.00        0.00
     0     0      906.67      732.67        0.00
     0     0      902.67      730.00        0.00
     0     0      898.67      728.67        0.00
     0     0      894.67      727.33        0.00
     0     0      890.67      724.67        0.00
     0     0      888.00      722.00        0.00
     0     0      882.67      719.33        0.00
     0     0      880.00      716.67        0.00
     0     0      876.00      715.33        0.00
     0     0      873.33      712.67        0.00
     0     0      869.33      711.33        0.00
     0     0      865.33      708.67        0.00
     0     0      861.33      707.33        0.00
     0     0      854.67      704.67        0.00
     0     0      850.67      703.33        0.00
     0     0      848.00      700.67        0.00
     0     0      842.67      699.33        0.00
     0     0      840.00      696.67        0.00
     0     0      837.33      694.00        0.00
     0     0      833.33      692.67        0.00
     0     0      830.67      690.00        0.00
     0     0      828.00      687.33        0.00
     0     0      822.67      684.67        0.00
     0     0      818.67      683.33        0.00
     0     0      814.67      680.67        0.00
     0     0      809.33      679.33        0.00
     0     0      806.67      676.67        0.00
     0     0      802.67      675.33        0.00
     0     0      798.67      674.00        0.00
     0     0      793.33      672.67        0.00
     0     0      789.33      671.33        0.00
     0     0      784.00      670.00        0.00
     0     0      780.00      668.67        0.00
     0     0      774.67      667.33        0.00
     0     0      770.67      666.00        0.00
     0     0      766.67      663.33        0.00
     0     0      762.67      662.00        0.00
     0     0      758.67      660.67        0.00
     0     0      753.33      659.33        0.00
     0     0      748.00      656.67        0.00
     0     0      742.67      654.00        0.00
     0     0      738.67      652.67        0.00
     0     0      734.67      651.33        0.00
     0     0      730.67      648.67        0.00
     0     0      726.67      647.33        0.00
     0     0      724.00      643.33        0.00
     0     0      720.00      640.67        0.00
     0     0      716.00      638.00        0.00
     0     0      713.33      635.33        0.00
     0     0      710.67      632.67        0.00
     0     0      708.00      628.67        0.00
     0     0      702.67      626.00        0.00
     0     0      700.00      622.00        0.00
     0     0      697.33      619.33        0.00
     0     0      694.67      616.67        0.00
     0     0      692.00      614.00        0.00
     0     0      686.67      610.00        0.00
     0     0      682.67      607.33        0.00
     0     0      678.67      604.67        0.00
     0     0      674.67      603.33        0.00
     0     0      672.00      600.67        0.00
     0     0      668.00      599.33        0.00
     0     0      664.00      598.00        0.00
     0     0      660.00      596.67        0.00
     0     0      656.00      596.67        0.00
     0     0      652.00      594.00        0.00
     0     0      648.00      592.67        0.00
     0     0      644.00      591.33        0.00
     0     0      640.00      590.00        0.00
     0     0      634.67      588.67        0.00
     0     0      630.67      586.00        0.00
     0     0      626.67      584.67        0.00
     0     0      622.67      582.00        0.00
     0     0      618.67      580.67        0.00
     0     0      616.00      578.00        0.00
     0     0      612.00      575.33        0.00
     0     0      608.00      572.67        0.00
     0     0      604.00      570.00        0.00
     0     0      600.00      567.33        0.00
     0     0      596.00      564.67        0.00
     0     0      592.00      562.00        0.00
     0     0      589.33      559.33        0.00
     0     0      586.67      556.67        0.00
     0     0      584.00      554.00        0.00
     0     0      580.00      551.33        0.00
     0     0      577.33      548.67        0.00
     0     0      574.67      544.67        0.00
     0     0      572.00      542.00        0.00
     0     0      569.33      538.00        0.00
     0     0      566.67      535.33        0.00
     0     0      564.00      532.67        0.00
     0     0      562.67      528.67        0.00
     0     0      560.00      526.00        0.00
     0     0      558.67      522.00        0.00
     0     0      556.00      519.33        0.00
     0     0      554.67      515.33        0.00
     0     0      552.00      512.67        0.00
     0     0      549.33      510.00        0.00
     0     0      545.33      508.67        0.00
     0     0      541.33      507.33        0.00
     0     0      537.33      504.67        0.00
     0     0      533.33      503.33        0.00
     0     0      528.00      502.00        0.00
     0     0      522.67      500.67        0.00
     0     0      518.67      499.33        0.00
     0     0      514.67      498.00        0.00
     0     0      510.67      496.67        0.00
     0     0      506.67      495.33        0.00
     0     0      502.67      494.00        0.00
     0     0      498.67      492.67        0.00
     0     0      496.00      490.00        0.00
     0     0      490.67      488.67        0.00
     0     0      485.33      486.00        0.00
     0     0      481.33      484.67        0.00
     0     0      477.33      484.67        0.00
     0     0      472.00      484.67        0.00
     0     0      468.00      483.33        0.00
     0     0      464.00      483.33        0.00
     0     0      460.00      482.00        0.00
     0     0      456.00      482.00        0.00
     0     0      450.67      482.00        0.00
     0     0      446.67      480.67        0.00
     0     0      442.67      480.67        0.00
     0     0      437.33      479.33        0.00
     0     0      432.00      478.00        0.00
     0     0      428.00      475.33        0.00
     0     0      424.00      472.67        0.00
     0     0      420.00      471.33        0.00
     0     0      414.67      468.67        0.00
     0     0      410.67      467.33        0.00
     0     0      406.67      467.33        0.00
     0     0      402.67      466.00        0.00
     0     0      398.67      464.67        0.00
     0     0      394.67      463.33        0.00
     0     1       -1.00      966.00        0.00
     0     1        2.00      967.00        0.00
     0     1        6.00      968.00        0.00
     0     1       10.00      968.00        0.00
     0     1       15.00      968.00        0.00
     0     1       19.00      968.00        0.00
     0     1       23.00      968.00        0.00
     0     1       27.00      968.00        0.00
     0     1       31.00      968.00        0.00
     0     1       34.00      967.00        0.00
     0     1       38.00      967.00        0.00
     0     1       41.00      966.00        0.00
     0     1       44.00      965.00        0.00
     0     1       47.00      964.00        0.00
     0     1       50.00      962.00        0.00
     0     1       53.00      961.00        0.00
     0     1       56.00      959.00        0.00
     0     1       59.00      958.00        0.00
     0     1       63.00      957.00        0.00
     0     1       67.00      957.00        0.00
     0     1       70.00      956.00        0.00
     0     1       74.00      956.00        0.00
     0     1       78.00      956.00        0.00
     0     1       81.00      955.00        0.00
     0     1       85.00      954.00        0.00
     0     1       90.00      954.00        0.00
     0     1       94.00      954.00        0.00
     0     1       98.00      954.00        0.00
     0     1      102.00      954.00        0.00
     0     1      106.00      954.00        0.00
     0     1      109.00      955.00        0.00
     0     1      113.00      955.00        0.00
     0     1      116.00      957.00        0.00
     0     1      121.00      958.00        0.00
     0     1      124.00      959.00        0.00
     0     1      127.00      961.00        0.00
     0     1      130.00      962.00        0.00
     0     1      133.00      964.00        0.00
     0     1      137.00      966.00        0.00
     0     1      140.00      967.00        0.00
     0     1      144.00      968.00        0.00
     0     1      147.00      969.00        0.00
     0     1      151.00      971.00        0.00
     0     1      154.00      972.00        0.00
     0     1      157.00      973.00        0.00
     0     1      160.00      975.00        0.00
     0     1      164.00      976.00        0.00
     0     1      167.00      977.00        0.00
     0     1      170.00      978.00        0.00
     0     1      173.00      980.00        0.00
     0     1      176.00      981.00        0.00
     0     1      179.00      983.00        0.00
     0     1      182.00      986.00        0.00
     0     1      184.00      989.00        0.00
     0     1      187.00      992.00        0.00
     0     1      189.00      995.00        0.00
     0     1      191.00      998.00        0.00
     0     1      194.00     1002.00        0.00
     0     1      196.00     1005.00        0.00
     0     1      199.00     1008.00        0.00
     0     1      201.00     1011.00        0.00
     0     1      203.00     1014.00        0.00
     0     1      206.00     1017.00        0.00
     0     1      208.00     1020.00        0.00
     0     1      210.00     1023.00        0.00
     0     1      212.00     1026.00        0.00
     0     1      214.00     1029.00        0.00
     0     1      215.00     1032.00        0.00
     0     1        4.00     1032.00        0.00
     0     2      569.00     1033.00        0.00
     0     2      563.00     1033.00        0.00
     0     2      560.00     1032.00        0.00
     0     2      557.00     1030.00        0.00
     0     2      554.00     1029.00        0.00
     0     2      551.00     1027.00        0.00
     0     2      547.00     1024.00        0.00
     0     2      544.00     1022.00        0.00
     0     2      541.00     1021.00        0.00
     0     2      537.00     1020.00        0.00
     0     2      534.00     1018.00        0.00
     0     2      530.00     1017.00        0.00
     0     2      526.00     1015.00        0.00
     0     2      523.00     1014.00        0.00
     0     2      518.00     1013.00        0.00
     0     2      513.00     1011.00        0.00
     0     2      508.00     1010.00        0.00
     0     2      504.00     1008.00        0.00
     0     2      500.00     1007.00        0.00
     0     2      496.00     1005.00        0.00
     0     2      491.00     1003.00        0.00
     0     2      488.00     1002.00        0.00
     0     2      485.00     1001.00        0.00
     0     2      482.00     1000.00        0.00
     0     2      479.00      999.00        0.00
     0     2      475.00      999.00        0.00
     0     2      472.00      998.00        0.00
     0     2      469.00      997.00        0.00
     0     2      465.00      996.00        0.00
     0     2      461.00      995.00        0.00
     0     2      457.00      994.00        0.00
     0     2      453.00      993.00        0.00
     0     2      449.00      992.00        0.00
     0     2      444.00      992.00        0.00
     0     2      440.00      990.00        0.00
     0     2      435.00      990.00        0.00
     0     2      429.00      989.00        0.00
     0     2      424.00      988.00        0.00
     0     2      420.00      988.00        0.00
     0     2      417.00      987.00        0.00
     0     2      411.00      986.00        0.00
     0     2      407.00      986.00        0.00
     0     2      401.00      984.00        0.00
     0     2      397.00      983.00        0.00
     0     2      391.00      982.00        0.00
     0     2      387.00      982.00        0.00
     0     2      383.00      981.00        0.00
     0     2      380.00      980.00        0.00
     0     2      376.00      979.00        0.00
     0     2      373.00      978.00        0.00
     0     2      369.00      977.00        0.00
     0     2      365.00      976.00        0.00
     0     2      361.00      975.00        0.00
     0     2      358.00      974.00        0.00
     0     2      354.00      973.00        0.00
     0     2      351.00      972.00        0.00
     0     2      347.00      971.00        0.00
     0     2      344.00      970.00        0.00
     0     2      340.00      968.00        0.00
     0     2      337.00      967.00        0.00
     0     2      333.00      966.00        0.00
     0     2      329.00      964.00        0.00
     0     2      326.00      962.00        0.00
     0     2      321.00      959.00        0.00
     0     2      318.00      957.00        0.00
     0     2      315.00      954.00        0.00
     0     2      312.00      951.00        0.00
     0     2      310.00      948.00        0.00
     0     2      307.00      946.00        0.00
     0     2      305.00      943.00        0.00
     0     2      302.00      940.00        0.00
     0     2      299.00      938.00        0.00
     0     2      295.00      935.00        0.00
     0     2      291.00      932.00        0.00
     0     2      287.00      928.00        0.00
     0     2      283.00      924.00        0.00
     0     2      280.00      919.00        0.00
     0     2      276.00      914.00        0.00
     0     2      272.00      911.00        0.00
     0     2      268.00      906.00        0.00
     0     2      263.00      902.00        0.00
     0     2      260.00      900.00        0.00
     0     2      257.00      897.00        0.00
     0     2      253.00      893.00        0.00
     0     2      250.00      890.00        0.00
     0     2      247.00      887.00        0.00
     0     2      246.00      884.00        0.00
     0     2      245.00      880.00        0.00
     0     2      243.00      875.00        0.00
     0     2      242.00      871.00        0.00
     0     2      242.00      867.00        0.00
     0     2      241.00      864.00        0.00
     0     2      240.00      859.00        0.00
     0     2      239.00      856.00        0.00
     0     2      239.00      852.00        0.00
     0     2      238.00      849.00        0.00
     0     2      237.00      843.00        0.00
     0     2      237.00      839.00        0.00
     0     2      237.00      835.00        0.00
     0     2      236.00      832.00        0.00
     0     2      236.00      828.00        0.00
     0     2      236.00      824.00        0.00
     0     2      237.00      821.00        0.00
     0     2      239.00      818.00        0.00
     0     2      241.00      815.00        0.00
     0     2      243.00      812.00        0.00
     0     2      246.00      809.00        0.00
     0     2      249.00      806.00        0.00
     0     2      252.00      804.00        0.00
     0     2      255.00      802.00        0.00
     0     2      259.00      801.00        0.00
     0     2      263.00      800.00        0.00
     0     2      268.00      799.00        0.00
     0     2      273.00      797.00        0.00
     0     2      277.00      797.00        0.00
     0     2      283.00      796.00        0.00
     0     2      288.00      796.00        0.00
     0     2      293.00      796.00        0.00
     0     2      297.00      796.00        0.00
     0     2      301.00      796.00        0.00
     0     2      304.00      795.00        0.00
     0     2      309.00      795.00        0.00
     0     2      313.00      794.00        0.00
     0     2      319.00      794.00        0.00
     0     2      324.00      793.00        0.00
     0     2      328.00      793.00        0.00
     0     2      333.00      793.00        0.00
     0     2      338.00      793.00        0.00
     0     2      343.00      792.00        0.00
     0     2      348.00      792.00        0.00
     0     2      354.00      792.00        0.00
     0     2      359.00      792.00        0.00
     0     2      364.00      791.00        0.00
     0     2      371.00      791.00        0.00
     0     2      376.00      792.00        0.00
     0     2      381.00      793.00        0.00
     0     2      387.00      794.00        0.00
     0     2      391.00      794.00        0.00
     0     2      397.00      795.00        0.00
     0     2      403.00      795.00        0.00
     0     2      408.00      796.00        0.00
     0     2      413.00      796.00        0.00
     0     2      417.00      796.00        0.00
     0     2      422.00      796.00        0.00
     0     2      428.00      797.00        0.00
     0     2      432.00      797.00        0.00
     0     2      438.00      798.00        0.00
     0     2      443.00      798.00        0.00
     0     2      446.00      799.00        0.00
     0     2      449.00      800.00        0.00
     0     2      454.00      800.00        0.00
     0     2      457.00      801.00        0.00
     0     2      461.00      802.00        0.00
     0     2      465.00      803.00        0.00
     0     2      469.00      804.00        0.00
     0     2      472.00      805.00        0.00
     0     2      475.00      806.00        0.00
     0     2      478.00      807.00        0.00
     0     2      481.00      808.00        0.00
     0     2      484.00      809.00        0.00
     0     2      488.00      810.00        0.00
     0     2      492.00      811.00        0.00
     0     2      495.00      812.00        0.00
     0     2      499.00      815.00        0.00
     0     2      502.00      816.00        0.00
     0     2      505.00      817.00        0.00
     0     2      510.00      820.00        0.00
     0     2      515.00      823.00        0.00
     0     2      520.00      827.00        0.00
     0     2      523.00      830.00        0.00
     0     2      527.00      833.00        0.00
     0     2      530.00      836.00        0.00
     0     2      533.00      840.00        0.00
     0     2      536.00      843.00        0.00
     0     2      539.00      847.00        0.00
     0     2      544.00      851.00        0.00
     0     2      546.00      854.00        0.00
     0     2      550.00      857.00        0.00
     0     2      555.00      860.00        0.00
     0     2      558.00      863.00        0.00
     0     2      562.00      865.00        0.00
     0     2      566.00      868.00        0.00
     0     2      571.00      870.00        0.00
     0     2      576.00      872.00        0.00
     0     2      581.00      874.00        0.00
     0     2      586.00      877.00        0.00
     0     2      591.00      880.00        0.00
     0     2      596.00      882.00        0.00
     0     2      600.00      884.00        0.00
     0     2      604.00      887.00        0.00
     0     2      609.00      889.00        0.00
     0     2      614.00      891.00        0.00
     0     2      618.00      894.00        0.00
     0     2      622.00      896.00        0.00
     0     2      626.00      899.00        0.00
     0     2      630.00      902.00        0.00
     0     2      633.00      903.00        0.00
     0     2      638.00      905.00        0.00
     0     2      643.00      907.00        0.00
     0     2      646.00      909.00        0.00
     0     2      651.00      911.00        0.00
     0     2      657.00      914.00        0.00
     0     2      661.00      916.00        0.00
     0     2      667.00      918.00        0.00
     0     2      672.00      920.00        0.00
     0     2      675.00      922.00        0.00
     0     2      681.00      924.00        0.00
     0     2      687.00      926.00        0.00
     0     2      691.00      928.00        0.00
     0     2      697.00      930.00        0.00
     0     2      703.00      932.00        0.00
     0     2      706.00      934.00        0.00
     0     2      711.00      936.00        0.00
     0     2      716.00      939.00        0.00
     0     2      720.00      941.00        0.00
     0     2      723.00      943.00        0.00
     0     2      728.00      946.00        0.00
     0     2      731.00      948.00        0.00
     0     2      735.00      950.00        0.00
     0     2      740.00      952.00        0.00
     0     2      745.00      953.00        0.00
     0     2      748.00      955.00        0.00
     0     2      752.00      956.00        0.00
     0     2      757.00      958.00        0.00
     0     2      761.00      961.00        0.00
     0     2      765.00      963.00        0.00
     0     2      769.00      965.00        0.00
     0     2      773.00      968.00        0.00
     0     2      777.00      970.00        0.00
     0     2      782.00      974.00        0.00
     0     2      785.00      976.00        0.00
     0     2      790.00      978.00        0.00
     0     2      793.00      980.00        0.00
     0     2      796.00      982.00        0.00
     0     2      799.00      983.00        0.00
     0     2      802.00      985.00        0.00
     0     2      807.00      988.00        0.00
     0     2      810.00      990.00        0.00
     0     2      814.00      994.00        0.00
     0     2      817.00      997.00        0.00
     0     2      822.00     1001.00        0.00
     0     2      826.00     1004.00        0.00
     0     2      829.00     1006.00        0.00
     0     2      832.00     1008.00        0.00
     0     2      835.00     1011.00        0.00
     0     2      838.00     1013.00        0.00
     0     2      841.00     1016.00        0.00
     0     2      844.00     1018.00        0.00
     0     2      847.00     1021.00        0.00
     0     2      850.00     1023.00        0.00
     0     2      852.00     1026.00        0.00
     0     2      854.00     1029.00        0.00
     0     2      855.00     1032.00        0.00
     1     0      373.00      482.50        0.00
     1     0      371.50      484.50        0.00
     1     0      369.00      484.50        0.00
     1     0      366.00      484.00        0.00
     1     0      363.00      482.50        0.00
     1     0      360.50      481.50        0.00
     1     0      358.50      479.00        0.00
     1     0      358.00      476.50        0.00
     1     0      357.50      474.00        0.00
     1     0      358.00      471.50        0.00
     1     0      359.50      469.50        0.00
     1     0      362.00      467.50        0.00
     1     0      365.00      466.50        0.00
     1     0      367.50      466.00        0.00
     1     0      370.00      466.00        0.00
     1     0      372.50      466.50        0.00
     1     0      375.00      467.50        0.00
     1     0      377.00      469.50        0.00
     1     0      378.00      472.00        0.00
     1     0      377.50      475.00        0.00
     1     1      409.00      485.00        0.00
     1     1      407.00      488.50        0.00
     1     1      405.00      490.00        0.00
     1     1      402.50      491.50        0.00
     1     1      399.50      492.00        0.00
     1     1      396.50      492.00        0.00
     1     1      394.00      491.50        0.00
     1     1      392.00      490.00        0.00
     1     1      390.50      487.50        0.00
     1     1      390.00      485.00        0.00
     1     1      389.50      482.50        0.00
     1     1      389.50      479.00        0.00
     1     1      391.00      476.00        0.00
     1     1      393.00      473.50        0.00
     1     1      395.00      472.00        0.00
     1     1      398.00      471.00        0.00
     1     1      400.50      471.00        0.00
     1     1      403.00      471.00        0.00
     1     1      405.50      471.50        0.00
     1     1      407.50      473.00        0.00
     1     1      409.00      475.50        0.00
     1     1      408.50      478.50        0.00
     1     2      464.50      504.00        0.00
     1     2      459.50      506.50        0.00
     1     2      457.00      506.50        0.00
     1     2      454.00      506.00        0.00
     1     2      451.00      505.00        0.00
     1     2      449.50      503.00        0.00
     1     2      448.50      500.00        0.00
     1     2      449.00      497.00        0.00
     1     2      450.50      494.50        0.00
     1     2      452.50      492.50        0.00
     1     2      454.50      491.00        0.00
     1     2      457.00      490.00        0.00
     1     2      459.50      490.00        0.00
     1     2      462.00      491.00        0.00
     1     2      464.00      493.00        0.00
     1     2      464.00      495.50        0.00
     1     2      463.50      498.00        0.00
     1     3      505.00      512.00        0.00
     1     3      500.00      514.00        0.00
     1     3      497.00      513.50        0.00
     1     3      494.50      512.00        0.00
     1     3      493.00      510.00        0.00
     1     3      492.00      507.50        0.00
     1     3      492.00      505.00        0.00
     1     3      493.50      503.00        0.00
     1     3      496.50      502.00        0.00
     1     3      499.00      502.00        0.00
     1     3      502.00      502.00        0.00
     1     3      504.50      502.50        0.00
     1     3      506.50      504.50        0.00
     1     3      506.50      507.00        0.00
     1     4      534.00      520.00        0.00
     1     4      533.50      525.00        0.00
     1     4      531.50      527.50        0.00
     1     4      528.50      529.00        0.00
     1     4      526.00      530.00        0.00
     1     4      523.50      530.00        0.00
     1     4      520.50      530.00        0.00
     1     4      517.50      529.00        0.00
     1     4      516.00      526.50        0.00
     1     4      515.50      523.50        0.00
     1     4      515.50      520.50        0.00
     1     4      516.00      516.50        0.00
     1     4      518.50      514.00        0.00
     1     4      521.00      512.00        0.00
     1     4      523.50      511.50        0.00
     1     4      526.00      511.00        0.00
     1     4      528.50      511.00        0.00
     1     4      531.00      511.50        0.00
     1     4      533.00      513.00        0.00
     1     5      548.50      565.50        0.00
     1     5      545.50      567.00        0.00
     1     5      543.00      567.50        0.00
     1     5      540.50      567.00        0.00
     1     5      538.50      565.50        0.00
     1     5      537.00      563.50        0.00
     1     5      536.00      561.00        0.00
     1     5      535.50      558.00        0.00
     1     5      535.50      555.50        0.00
     1     5      536.00      553.00        0.00
     1     5      538.00      551.00        0.00
     1     5      540.50      550.50        0.00
     1     5      543.00      550.00        0.00
     1     5      545.50      550.00        0.00
     1     5      548.00      550.00        0.00
     1     5      550.50      551.50        0.00
     1     5      551.50      554.00        0.00
     1     5      552.50      556.50        0.00
     1     5      552.50      559.50        0.00
     1     5      551.00      561.50        0.00
     1     6      534.00      580.00        0.00
     1     6      533.50      584.00        0.00
     1     6      531.50      586.00        0.00
     1     6      529.00      587.00        0.00
     1     6      526.50      587.50        0.00
     1     6      523.50      587.50        0.00
     1     6      520.50      586.50        0.00
     1     6      518.50      584.00        0.00
     1     6      517.50      581.50        0.00
     1     6      516.50      578.00        0.00
     1     6      516.50      575.50        0.00
     1     6      516.50      573.00        0.00
     1     6      517.50      570.50        0.00
     1     6      519.00      567.50        0.00
     1     6      522.00      566.50        0.00
     1     6      524.50      566.00        0.00
     1     6      527.50      566.00        0.00
     1     6      530.00      567.00        0.00
     1     6      532.50      568.50        0.00
     1     6      533.50      571.00        0.00
     1     6      534.00      573.50        0.00
     1     7      493.50      527.50        0.00
     1     7      490.00      531.00        0.00
     1     7      486.50      532.00        0.00
     1     7      483.50      532.50        0.00
     1     7      480.50      532.50        0.00
     1     7      478.00      532.00        0.00
     1     7      475.50      530.00        0.00
     1     7      474.50      527.50        0.00
     1     7      474.00      524.50        0.00
     1     7      474.00      521.00        0.00
     1     7      474.50      518.50        0.00
     1     7      476.50      516.50        0.00
     1     7      479.00      514.50        0.00
     1     7      482.00      513.50        0.00
     1     7      486.00      513.50        0.00
     1     7      488.50      513.50        0.00
     1     7      491.00      514.00        0.00
     1     7      493.50      515.50        0.00
     1     7      495.50      517.00        0.00
     1     7      497.00      519.00        0.00
     1     8      468.50      541.00        0.00
     1     8      469.00      545.00        0.00
     1     8      467.00      547.00        0.00
     1     8      464.50      548.00        0.00
     1     8      461.00      548.00        0.00
     1     8      457.50      547.00        0.00
     1     8      455.50      544.50        0.00
     1     8      454.50      541.50        0.00
     1     8      454.50      539.00        0.00
     1     8      454.50      536.50        0.00
     1     8      455.00      534.00        0.00
     1     8      457.00      532.00        0.00
     1     8      459.00      530.50        0.00
     1     8      461.50      530.50        0.00
     1     8      464.00      531.00        0.00
     1     8      466.00      532.50        0.00
     1     8      467.00      535.00        0.00
     1     9      480.50      552.00        0.00
     1     9      484.50      556.50        0.00
     1     9      485.50      559.50        0.00
     1     9      485.50      562.50        0.00
     1     9      485.00      565.00        0.00
     1     9      482.00      566.50        0.00
     1     9      478.50      567.00        0.00
     1     9      476.00      567.00        0.00
     1     9      473.50      566.00        0.00
     1     9      471.00      564.00        0.00
     1     9      470.00      561.50        0.00
     1     9      470.00      558.00        0.00
     1     9      470.00      555.50        0.00
     1     9      471.50      553.00        0.00
     1     9      474.00      552.00        0.00
     1     9      476.50      552.00        0.00
     1    10      406.50      517.50        0.00
     1    10      407.50      523.00        0.00
     1    10      406.00      526.00        0.00
     1    10      404.50      528.00        0.00
     1    10      401.50      529.50        0.00
     1    10      398.00      531.00        0.00
     1    10      395.00      531.50        0.00
     1    10      392.50      531.50        0.00
     1    10      390.00      531.00        0.00
     1    10      388.00      529.00        0.00
     1    10      387.00      526.00        0.00
     1    10      387.00      523.00        0.00
     1    10      388.50      519.00        0.00
     1    10      390.50      516.00        0.00
     1    10      392.00      514.00        0.00
     1    10      396.00      512.00        0.00
     1    10      399.50      512.00        0.00
     1    10      403.50      513.00        0.00
     1    10      406.00      515.50        0.00
     1    11      376.50      515.00        0.00
     1    11      375.50      519.00        0.00
     1    11      373.50      521.00        0.00
     1    11      370.50      521.50        0.00
     1    11      368.00      520.50        0.00
     1    11      366.50      518.50        0.00
     1    11      365.50      516.00        0.00
     1    11      365.00      512.50        0.00
     1    11      366.50      509.50        0.00
     1    11      369.00      507.50        0.00
     1    11      372.00      506.00        0.00
     1    11      375.00      505.50        0.00
     1    11      377.50      505.50        0.00
     1    11      379.50      507.00        0.00
     1    11      380.50      510.00        0.00
     1    12      383.50      541.50        0.00
     1    12      381.50      546.00        0.00
     1    12      379.00      546.50        0.00
     1    12      375.00      546.50        0.00
     1    12      372.00      546.50        0.00
     1    12      369.00      546.00        0.00
     1    12      366.50      545.00        0.00
     1    12      365.00      543.00        0.00
     1    12      364.50      540.50        0.00
     1    12      364.50      537.50        0.00
     1    12      366.00      535.50        0.00
     1    12      369.50      533.50        0.00
     1    12      372.50      532.50        0.00
     1    12      375.50      532.50        0.00
     1    12      378.00      532.50        0.00
     1    12      380.50      533.50        0.00
     1    12      383.00      535.00        0.00
     1    13      991.50      792.50        0.00
     1    13      991.50      796.50        0.00
     1    13      992.00      799.50        0.00
     1    13      991.00      803.00        0.00
     1    13      989.00      805.50        0.00
     1    13      987.00      807.00        0.00
     1    13      983.50      807.00        0.00
     1    13      980.50      806.00        0.00
     1    13      978.00      805.00        0.00
     1    13      976.50      803.00        0.00
     1    13      975.00      801.00        0.00
     1    13      973.50      798.50        0.00
     1    13      973.00      796.00        0.00
     1    13      972.50      793.50        0.00
     1    13      973.50      791.00        0.00
     1    13      975.00      788.50        0.00
     1    13      978.00      787.00        0.00
     1    13      981.00      785.50        0.00
     1    13      983.50      785.50        0.00
     1    13      986.50      786.00        0.00
     1    14      422.50     1007.50        0.00
     1    14      421.00     1009.50        0.00
     1    14      418.50     1010.50        0.00
     1    14      416.00     1010.50        0.00
     1    14      413.00     1010.00        0.00
     1    14      410.50     1008.50        0.00
     1    14      409.00     1006.50        0.00
     1    14      409.00     1004.00        0.00
     1    14      409.00     1001.50        0.00
     1    14      409.50      999.00        0.00
     1    14      411.00      996.50        0.00
     1    14      413.00      995.00        0.00
     1    14      415.50      994.50        0.00
     1    14      418.50      994.00        0.00
     1    14      421.00      994.50        0.00
     1    14      423.50      995.50        0.00
     1    14      424.00      998.00        0.00
     1    14      424.50     1000.50        0.00
     1    15      459.50     1001.50        0.00
     1    15      459.00     1004.00        0.00
     1    15      457.50     1006.50        0.00
     1    15      455.50     1008.00        0.00
     1    15      452.50     1008.50        0.00
     1    15      450.00     1009.00        0.00
     1    15      447.50     1008.50        0.00
     1    15      445.00     1007.50        0.00
     1    15      442.00     1006.00        0.00
     1    15      440.00     1004.50        0.00
     1    15      438.50     1002.00        0.00
     1    15      437.00      999.50        0.00
     1    15      437.00      997.00        0.00
     1    15      438.00      994.50        0.00
     1    15      440.00      993.00        0.00
     1    15      442.50      992.50        0.00
     1    15      445.50      992.50        0.00
     1    15      448.00      992.50        0.00
     1    15      450.50      993.50        0.00
     1    15      453.00      994.50        0.00
     1    15      455.00      996.00        0.00
     1    15      457.00      997.50        0.00
     1    16      478.50     1026.00        0.00
     1    16      476.50     1028.00        0.00
     1    16      474.00     1028.50        0.00
     1    16      471.00     1028.50        0.00
     1    16      468.50     1028.50        0.00
     1    16      465.50     1027.00        0.00
     1    16      463.50     1025.50        0.00
     1    16      462.00     1022.50        0.00
     1    16      462.00     1019.50        0.00
     1    16      462.00     1017.00        0.00
     1    16      463.50     1014.00        0.00
     1    16      465.00     1012.00        0.00
     1    16      467.00     1010.00        0.00
     1    16      469.50     1009.00        0.00
     1    16      472.00     1008.50        0.00
     1    16      474.50     1008.50        0.00
     1    16      477.00     1010.00        0.00
     1    16      478.00     1012.50        0.00
     1    16      479.50     1014.50        0.00
     1    16      479.50     1017.00        0.00
     1    17       46.00      954.00        0.00
     1    17       45.00      956.50        0.00
     1    17       42.00      956.50        0.00
     1    17       39.50      956.50        0.00
     1    17       37.00      956.00        0.00
     1    17       34.00      954.50        0.00
     1    17       32.50      952.50        0.00
     1    17       32.00      950.00        0.00
     1    17       33.00      947.00        0.00
     1    17       35.00      944.50        0.00
     1    17       37.00      943.00        0.00
     1    17       39.50      941.50        0.00
     1    17       43.00      940.00        0.00
     1    17       46.50      940.00        0.00
     1    17       49.50      941.50        0.00
     1    17       51.50      943.00        0.00
     1    17       53.00      945.00        0.00
     1    17       53.00      947.50        0.00
     1    17       52.00      950.00        0.00
     1    18       78.50      949.00        0.00
     1    18       76.50      950.50        0.00
     1    18       74.00      952.00        0.00
     1    18       71.50      952.50        0.00
     1    18       68.50      952.50        0.00
     1    18       66.00      952.50        0.00
     1    18       63.50      951.50        0.00
     1    18       60.50      950.00        0.00
     1    18       59.00      948.00        0.00
     1    18       58.50      945.50        0.00
     1    18       58.50      942.50        0.00
     1    18       59.00      940.00        0.00
     1    18       60.00      937.50        0.00
     1    18       61.50      935.50        0.00
     1    18       64.00      934.00        0.00
     1    18       67.00      933.50        0.00
     1    18       69.50      933.50        0.00
     1    18       71.50      935.00        0.00
     1    18       74.00      937.00        0.00
     1    18       76.00      938.50        0.00
     1    18       78.00      940.50        0.00
     1    18       79.00      943.00        0.00
     1    19       96.50      937.50        0.00
     1    19       91.50      938.00        0.00
     1    19       89.00      938.00        0.00
     1    19       86.50      938.00        0.00
     1    19       84.00      937.00        0.00
     1    19       82.50      934.00        0.00
     1    19       82.00      931.50        0.00
     1    19       82.00      929.00        0.00
     1    19       82.00      926.50        0.00
     1    19       83.50      924.50        0.00
     1    19       86.50      923.50        0.00
     1    19       89.00      923.00        0.00
     1    19       92.00      923.00        0.00
     1    19       94.50      923.00        0.00
     1    19       97.00      924.00        0.00
     1    19       98.50      926.00        0.00
     1    19       99.50      928.50        0.00
     1    19      100.00      931.00        0.00
     1    19       99.50      933.50        0.00
     1    20      108.00      948.00        0.00
     1    20      104.00      951.50        0.00
     1    20      101.50      952.50        0.00
     1    20       99.00      952.50        0.00
     1    20       96.50      952.50        0.00
     1    20       94.00      952.00        0.00
     1    20       92.50      950.00        0.00
     1    20       92.00      947.50        0.00
     1    20       92.50      945.00        0.00
     1    20       94.00      942.00        0.00
     1    20       96.00      939.50        0.00
     1    20       98.00      938.00        0.00
     1    20      100.50      937.00        0.00
     1    20      103.00      936.00        0.00
     1    20      106.00      936.00        0.00
     1    20      108.00      937.50        0.00
     1    20      108.00      940.00        0.00
     1    20      108.00      942.50        0.00
