     0     0      540.00      193.00        0.00
     0     0      533.00      190.00        0.00
     0     0      530.00      188.00        0.00
     0     0      527.00      187.00        0.00
     0     0      524.00      186.00        0.00
     0     0      520.00      185.00        0.00
     0     0      516.00      184.00        0.00
     0     0      512.00      183.00        0.00
     0     0      509.00      182.00        0.00
     0     0      506.00      181.00        0.00
     0     0      502.00      180.00        0.00
     0     0      499.00      179.00        0.00
     0     0      496.00      178.00        0.00
     0     0      493.00      177.00        0.00
     0     0      489.00      175.00        0.00
     0     0      484.00      174.00        0.00
     0     0      481.00      173.00        0.00
     0     0      477.00      172.00        0.00
     0     0      474.00      171.00        0.00
     0     0      471.00      170.00        0.00
     0     0      468.00      168.00        0.00
     0     0      465.00      167.00        0.00
     0     0      461.00      166.00        0.00
     0     0      455.00      165.00        0.00
     0     0      451.00      163.00        0.00
     0     0      448.00      162.00        0.00
     0     0      444.00      161.00        0.00
     0     0      441.00      160.00        0.00
     0     0      438.00      159.00        0.00
     0     0      435.00      158.00        0.00
     0     0      432.00      156.00        0.00
     0     0      429.00      155.00        0.00
     0     0      426.00      153.00        0.00
     0     0      423.00      151.00        0.00
     0     0      420.00      148.00        0.00
     0     0      419.00      145.00        0.00
     0     0      417.00      141.00        0.00
     0     0      415.00      138.00        0.00
     0     0      414.00      135.00        0.00
     0     0      412.00      131.00        0.00
     0     0      411.00      127.00        0.00
     0     0      410.00      123.00        0.00
     0     0      409.00      119.00        0.00
     0     0      408.00      115.00        0.00
     0     0      406.00      111.00        0.00
     0     0      405.00      108.00        0.00
     0     0      404.00      104.00        0.00
     0     0      404.00      100.00        0.00
     0     0      404.00       96.00        0.00
     0     0      404.00       92.00        0.00
     0     0      404.00       87.00        0.00
     0     0      404.00       83.00        0.00
     0     0      405.00       79.00        0.00
     0     0      406.00       76.00        0.00
     0     0      408.00       72.00        0.00
     0     0      409.00       69.00        0.00
     0     0      411.00       66.00        0.00
     0     0      412.00       63.00        0.00
     0     0      413.00       60.00        0.00
     0     0      415.00       57.00        0.00
     0     0      416.00       53.00        0.00
     0     0      417.00       50.00        0.00
     0     0      418.00       47.00        0.00
     0     0      420.00       43.00        0.00
     0     0      422.00       40.00        0.00
     0     0      425.00       37.00        0.00
     0     0      427.00       34.00        0.00
     0     0      430.00       32.00        0.00
     0     0      434.00       29.00        0.00
     0     0      437.00       27.00        0.00
     0     0      439.00       24.00        0.00
     0     0      442.00       23.00        0.00
     0     0      445.00       21.00        0.00
     0     0      449.00       19.00        0.00
     0     0      453.00       18.00        0.00
     0     0      456.00       16.00        0.00
     0     0      459.00       14.00        0.00
     0     0      463.00       12.00        0.00
     0     0      467.00        9.00        0.00
     0     0      471.00        7.00        0.00
     0     0      475.00        7.00        0.00
     0     0      479.00        7.00        0.00
     0     0      483.00        7.00        0.00
     0     0      487.00        7.00        0.00
     0     0      491.00        6.00        0.00
     0     0      494.00        5.00        0.00
     0     0      498.00        4.00        0.00
     0     0      502.00        3.00        0.00
     0     0      505.00        2.00        0.00
     0     0      508.00        1.00        0.00
     0     0      512.00        0.00        0.00
     0     0      516.00        0.00        0.00
     0     0      522.00        0.00        0.00
     0     0      526.00        0.00        0.00
     0     0      529.00       -1.00        0.00
     0     0      533.00       -1.00        0.00
     0     0      537.00       -1.00        0.00
     0     0      541.00       -1.00        0.00
     0     0      545.00       -1.00        0.00
     0     0      550.00       -1.00        0.00
     0     0      554.00        0.00        0.00
     0     0      559.00        0.00        0.00
     0     0      564.00        0.00        0.00
     0     0      569.00        0.00        0.00
     0     0      572.00        1.00        0.00
     0     0      575.00        2.00        0.00
     0     0      579.00        3.00        0.00
     0     0      582.00        4.00        0.00
     0     0      585.00        5.00        0.00
     0     0      588.00        7.00        0.00
     0     0      592.00        9.00        0.00
     0     0      595.00       10.00        0.00
     0     0      598.00       11.00        0.00
     0     0      603.00       12.00        0.00
     0     0      606.00       13.00        0.00
     0     0      609.00       14.00        0.00
     0     0      612.00       15.00        0.00
     0     0      616.00       16.00        0.00
     0     0      620.00       17.00        0.00
     0     0      623.00       20.00        0.00
     0     0      627.00       20.00        0.00
     0     0      631.00       21.00        0.00
     0     0      634.00       22.00        0.00
     0     0      637.00       24.00        0.00
     0     0      641.00       25.00        0.00
     0     0      644.00       26.00        0.00
     0     0      647.00       27.00        0.00
     0     0      650.00       29.00        0.00
     0     0      654.00       31.00        0.00
     0     0      657.00       32.00        0.00
     0     0      661.00       33.00        0.00
     0     0      664.00       35.00        0.00
     0     0      667.00       37.00        0.00
     0     0      670.00       39.00        0.00
     0     0      673.00       42.00        0.00
     0     0      676.00       44.00        0.00
     0     0      679.00       45.00        0.00
     0     0      682.00       47.00        0.00
     0     0      687.00       49.00        0.00
     0     0      690.00       52.00        0.00
     0     0      694.00       54.00        0.00
     0     0      697.00       57.00        0.00
     0     0      700.00       59.00        0.00
     0     0      703.00       61.00        0.00
     0     0      705.00       64.00        0.00
     0     0      707.00       67.00        0.00
     0     0      709.00       70.00        0.00
     0     0      711.00       74.00        0.00
     0     0      712.00       79.00        0.00
     0     0      713.00       82.00        0.00
     0     0      714.00       86.00        0.00
     0     0      715.00       89.00        0.00
     0     0      715.00       93.00        0.00
     0     0      716.00       97.00        0.00
     0     0      716.00      102.00        0.00
     0     0      716.00      106.00        0.00
     0     0      715.00      109.00        0.00
     0     0      713.00      112.00        0.00
     0     0      710.00      116.00        0.00
     0     0      709.00      119.00        0.00
     0     0      707.00      122.00        0.00
     0     0      705.00      125.00        0.00
     0     0      703.00      129.00        0.00
     0     0      702.00      132.00        0.00
     0     0      699.00      136.00        0.00
     0     0      696.00      140.00        0.00
     0     0      694.00      143.00        0.00
     0     0      691.00      145.00        0.00
     0     0      688.00      148.00        0.00
     0     0      685.00      150.00        0.00
     0     0      681.00      153.00        0.00
     0     0      678.00      155.00        0.00
     0     0      675.00      157.00        0.00
     0     0      671.00      159.00        0.00
     0     0      666.00      161.00        0.00
     0     0      662.00      164.00        0.00
     0     0      659.00      165.00        0.00
     0     0      656.00      166.00        0.00
     0     0      653.00      168.00        0.00
     0     0      650.00      169.00        0.00
     0     0      647.00      170.00        0.00
     0     0      642.00      172.00        0.00
     0     0      638.00      174.00        0.00
     0     0      635.00      176.00        0.00
     0     0      631.00      177.00        0.00
     0     0      627.00      179.00        0.00
     0     0      624.00      181.00        0.00
     0     0      621.00      183.00        0.00
     0     0      618.00      184.00        0.00
     0     0      614.00      186.00        0.00
     0     0      610.00      188.00        0.00
     0     0      606.00      190.00        0.00
     0     0      603.00      191.00        0.00
     0     0      600.00      192.00        0.00
     0     0      595.00      193.00        0.00
     0     0      589.00      193.00        0.00
     0     0      585.00      193.00        0.00
     0     0      580.00      193.00        0.00
     0     0      575.00      193.00        0.00
     0     0      570.00      193.00        0.00
     0     0      566.00      193.00        0.00
     0     0      562.00      193.00        0.00
     0     1      588.00      649.00        0.00
     0     1      584.00      649.00        0.00
     0     1      580.00      649.00        0.00
     0     1      576.00      649.00        0.00
     0     1      573.00      648.00        0.00
     0     1      569.00      648.00        0.00
     0     1      565.00      649.00        0.00
     0     1      562.00      650.00        0.00
     0     1      558.00      650.00        0.00
     0     1      555.00      651.00        0.00
     0     1      551.00      651.00        0.00
     0     1      548.00      652.00        0.00
     0     1      544.00      653.00        0.00
     0     1      540.00      653.00        0.00
     0     1      537.00      654.00        0.00
     0     1      533.00      654.00        0.00
     0     1      527.00      654.00        0.00
     0     1      523.00      654.00        0.00
     0     1      519.00      654.00        0.00
     0     1      515.00      654.00        0.00
     0     1      511.00      654.00        0.00
     0     1      507.00      654.00        0.00
     0     1      503.00      654.00        0.00
     0     1      498.00      654.00        0.00
     0     1      494.00      654.00        0.00
     0     1      489.00      654.00        0.00
     0     1      485.00      654.00        0.00
     0     1      480.00      654.00        0.00
     0     1      477.00      653.00        0.00
     0     1      472.00      652.00        0.00
     0     1      468.00      652.00        0.00
     0     1      465.00      651.00        0.00
     0     1      460.00      651.00        0.00
     0     1      456.00      650.00        0.00
     0     1      451.00      649.00        0.00
     0     1      448.00      648.00        0.00
     0     1      445.00      647.00        0.00
     0     1      441.00      646.00        0.00
     0     1      436.00      645.00        0.00
     0     1      431.00      645.00        0.00
     0     1      428.00      644.00        0.00
     0     1      422.00      643.00        0.00
     0     1      417.00      643.00        0.00
     0     1      414.00      642.00        0.00
     0     1      409.00      641.00        0.00
     0     1      405.00      641.00        0.00
     0     1      402.00      640.00        0.00
     0     1      398.00      639.00        0.00
     0     1      393.00      639.00        0.00
     0     1      389.00      639.00        0.00
     0     1      384.00      638.00        0.00
     0     1      378.00      638.00        0.00
     0     1      375.00      637.00        0.00
     0     1      372.00      636.00        0.00
     0     1      369.00      635.00        0.00
     0     1      366.00      634.00        0.00
     0     1      361.00      632.00        0.00
     0     1      356.00      631.00        0.00
     0     1      353.00      630.00        0.00
     0     1      349.00      628.00        0.00
     0     1      346.00      627.00        0.00
     0     1      343.00      626.00        0.00
     0     1      340.00      625.00        0.00
     0     1      337.00      624.00        0.00
     0     1      334.00      622.00        0.00
     0     1      329.00      621.00        0.00
     0     1      326.00      619.00        0.00
     0     1      321.00      616.00        0.00
     0     1      318.00      614.00        0.00
     0     1      315.00      612.00        0.00
     0     1      312.00      609.00        0.00
     0     1      311.00      606.00        0.00
     0     1      309.00      603.00        0.00
     0     1      308.00      599.00        0.00
     0     1      306.00      595.00        0.00
     0     1      304.00      591.00        0.00
     0     1      303.00      588.00        0.00
     0     1      302.00      585.00        0.00
     0     1      301.00      581.00        0.00
     0     1      300.00      577.00        0.00
     0     1      300.00      573.00        0.00
     0     1      299.00      570.00        0.00
     0     1      299.00      565.00        0.00
     0     1      299.00      561.00        0.00
     0     1      298.00      558.00        0.00
     0     1      298.00      554.00        0.00
     0     1      297.00      549.00        0.00
     0     1      297.00      545.00        0.00
     0     1      297.00      541.00        0.00
     0     1      297.00      536.00        0.00
     0     1      298.00      533.00        0.00
     0     1      299.00      528.00        0.00
     0     1      300.00      525.00        0.00
     0     1      301.00      522.00        0.00
     0     1      302.00      517.00        0.00
     0     1      303.00      512.00        0.00
     0     1      304.00      508.00        0.00
     0     1      305.00      505.00        0.00
     0     1      306.00      502.00        0.00
     0     1      307.00      498.00        0.00
     0     1      309.00      495.00        0.00
     0     1      310.00      491.00        0.00
     0     1      311.00      488.00        0.00
     0     1      313.00      485.00        0.00
     0     1      315.00      481.00        0.00
     0     1      316.00      477.00        0.00
     0     1      318.00      473.00        0.00
     0     1      320.00      469.00        0.00
     0     1      321.00      466.00        0.00
     0     1      323.00      463.00        0.00
     0     1      325.00      460.00        0.00
     0     1      328.00      458.00        0.00
     0     1      331.00      455.00        0.00
     0     1      334.00      452.00        0.00
     0     1      338.00      448.00        0.00
     0     1      341.00      444.00        0.00
     0     1      344.00      441.00        0.00
     0     1      347.00      438.00        0.00
     0     1      350.00      435.00        0.00
     0     1      353.00      433.00        0.00
     0     1      356.00      431.00        0.00
     0     1      359.00      429.00        0.00
     0     1      363.00      427.00        0.00
     0     1      367.00      425.00        0.00
     0     1      371.00      423.00        0.00
     0     1      375.00      421.00        0.00
     0     1      378.00      420.00        0.00
     0     1      383.00      417.00        0.00
     0     1      386.00      416.00        0.00
     0     1      389.00      414.00        0.00
     0     1      392.00      412.00        0.00
     0     1      396.00      410.00        0.00
     0     1      400.00      407.00        0.00
     0     1      405.00      405.00        0.00
     0     1      408.00      404.00        0.00
     0     1      411.00      402.00        0.00
     0     1      416.00      401.00        0.00
     0     1      422.00      400.00        0.00
     0     1      426.00      400.00        0.00
     0     1      430.00      399.00        0.00
     0     1      435.00      399.00        0.00
     0     1      441.00      398.00        0.00
     0     1      446.00      398.00        0.00
     0     1      452.00      398.00        0.00
     0     1      458.00      397.00        0.00
     0     1      463.00      397.00        0.00
     0     1      467.00      396.00        0.00
     0     1      474.00      395.00        0.00
     0     1      480.00      395.00        0.00
     0     1      486.00      394.00        0.00
     0     1      491.00      393.00        0.00
     0     1      495.00      393.00        0.00
     0     1      499.00      393.00        0.00
     0     1      506.00      394.00        0.00
     0     1      510.00      395.00        0.00
     0     1      515.00      396.00        0.00
     0     1      521.00      398.00        0.00
     0     1      527.00      400.00        0.00
     0     1      533.00      402.00        0.00
     0     1      539.00      405.00        0.00
     0     1      542.00      406.00        0.00
     0     1      546.00      408.00        0.00
     0     1      551.00      410.00        0.00
     0     1      555.00      411.00        0.00
     0     1      560.00      414.00        0.00
     0     1      568.00      417.00        0.00
     0     1      574.00      420.00        0.00
     0     1      579.00      422.00        0.00
     0     1      584.00      425.00        0.00
     0     1      589.00      427.00        0.00
     0     1      593.00      430.00        0.00
     0     1      598.00      433.00        0.00
     0     1      602.00      435.00        0.00
     0     1      606.00      438.00        0.00
     0     1      613.00      441.00        0.00
     0     1      617.00      443.00        0.00
     0     1      623.00      446.00        0.00
     0     1      630.00      449.00        0.00
     0     1      636.00      450.00        0.00
     0     1      641.00      452.00        0.00
     0     1      649.00      453.00        0.00
     0     1      655.00      454.00        0.00
     0     1      664.00      455.00        0.00
     0     1      669.00      456.00        0.00
     0     1      676.00      457.00        0.00
     0     1      681.00      458.00        0.00
     0     1      688.00      459.00        0.00
     0     1      691.00      460.00        0.00
     0     1      695.00      461.00        0.00
     0     1      701.00      462.00        0.00
     0     1      705.00      462.00        0.00
     0     1      710.00      463.00        0.00
     0     1      715.00      463.00        0.00
     0     1      720.00      463.00        0.00
     0     1      726.00      464.00        0.00
     0     1      730.00      465.00        0.00
     0     1      737.00      465.00        0.00
     0     1      743.00      466.00        0.00
     0     1      749.00      466.00        0.00
     0     1      755.00      466.00        0.00
     0     1      760.00      466.00        0.00
     0     1      766.00      466.00        0.00
     0     1      770.00      466.00        0.00
     0     1      775.00      466.00        0.00
     0     1      780.00      465.00        0.00
     0     1      786.00      465.00        0.00
     0     1      790.00      465.00        0.00
     0     1      795.00      464.00        0.00
     0     1      800.00      464.00        0.00
     0     1      803.00      463.00        0.00
     0     1      807.00      463.00        0.00
     0     1      812.00      463.00        0.00
     0     1      816.00      464.00        0.00
     0     1      820.00      465.00        0.00
     0     1      824.00      466.00        0.00
     0     1      830.00      466.00        0.00
     0     1      834.00      467.00        0.00
     0     1      839.00      469.00        0.00
     0     1      843.00      470.00        0.00
     0     1      848.00      471.00        0.00
     0     1      852.00      473.00        0.00
     0     1      855.00      475.00        0.00
     0     1      858.00      477.00        0.00
     0     1      864.00      478.00        0.00
     0     1      868.00      478.00        0.00
     0     1      873.00      479.00        0.00
     0     1      877.00      481.00        0.00
     0     1      881.00      483.00        0.00
     0     1      884.00      485.00        0.00
     0     1      888.00      488.00        0.00
     0     1      892.00      490.00        0.00
     0     1      895.00      492.00        0.00
     0     1      899.00      494.00        0.00
     0     1      903.00      495.00        0.00
     0     1      907.00      498.00        0.00
     0     1      910.00      501.00        0.00
     0     1      914.00      504.00        0.00
     0     1      918.00      508.00        0.00
     0     1      920.00      511.00        0.00
     0     1      923.00      514.00        0.00
     0     1      925.00      517.00        0.00
     0     1      928.00      519.00        0.00
     0     1      932.00      521.00        0.00
     0     1      934.00      524.00        0.00
     0     1      937.00      525.00        0.00
     0     1      940.00      528.00        0.00
     0     1      943.00      531.00        0.00
     0     1      947.00      535.00        0.00
     0     1      950.00      537.00        0.00
     0     1      954.00      541.00        0.00
     0     1      957.00      544.00        0.00
     0     1      960.00      548.00        0.00
     0     1      963.00      552.00        0.00
     0     1      966.00      556.00        0.00
     0     1      969.00      559.00        0.00
     0     1      971.00      562.00        0.00
     0     1      973.00      565.00        0.00
     0     1      975.00      568.00        0.00
     0     1      976.00      571.00        0.00
     0     1      976.00      575.00        0.00
     0     1      976.00      579.00        0.00
     0     1      977.00      582.00        0.00
     0     1      977.00      586.00        0.00
     0     1      978.00      589.00        0.00
     0     1      979.00      593.00        0.00
     0     1      979.00      598.00        0.00
     0     1      979.00      602.00        0.00
     0     1      979.00      606.00        0.00
     0     1      979.00      610.00        0.00
     0     1      978.00      613.00        0.00
     0     1      977.00      617.00        0.00
     0     1      976.00      620.00        0.00
     0     1      973.00      625.00        0.00
     0     1      970.00      628.00        0.00
     0     1      968.00      631.00        0.00
     0     1      965.00      634.00        0.00
     0     1      962.00      638.00        0.00
     0     1      959.00      640.00        0.00
     0     1      956.00      642.00        0.00
     0     1      953.00      644.00        0.00
     0     1      950.00      646.00        0.00
     0     1      947.00      648.00        0.00
     0     1      943.00      651.00        0.00
     0     1      940.00      653.00        0.00
     0     1      936.00      656.00        0.00
     0     1      932.00      660.00        0.00
     0     1      928.00      663.00        0.00
     0     1      925.00      666.00        0.00
     0     1      921.00      669.00        0.00
     0     1      917.00      672.00        0.00
     0     1      912.00      675.00        0.00
     0     1      906.00      677.00        0.00
     0     1      902.00      678.00        0.00
     0     1      898.00      679.00        0.00
     0     1      894.00      680.00        0.00
     0     1      890.00      681.00        0.00
     0     1      886.00      683.00        0.00
     0     1      882.00      684.00        0.00
     0     1      876.00      685.00        0.00
     0     1      871.00      687.00        0.00
     0     1      866.00      688.00        0.00
     0     1      861.00      690.00        0.00
     0     1      854.00      691.00        0.00
     0     1      850.00      692.00        0.00
     0     1      845.00      692.00        0.00
     0     1      839.00      693.00        0.00
     0     1      834.00      693.00        0.00
     0     1      829.00      693.00        0.00
     0     1      822.00      693.00        0.00
     0     1      817.00      693.00        0.00
     0     1      813.00      692.00        0.00
     0     1      808.00      692.00        0.00
     0     1      804.00      691.00        0.00
     0     1      799.00      691.00        0.00
     0     1      794.00      690.00        0.00
     0     1      788.00      688.00        0.00
     0     1      782.00      687.00        0.00
     0     1      777.00      685.00        0.00
     0     1      774.00      683.00        0.00
     0     1      770.00      682.00        0.00
     0     1      765.00      681.00        0.00
     0     1      760.00      679.00        0.00
     0     1      755.00      677.00        0.00
     0     1      752.00      676.00        0.00
     0     1      749.00      675.00        0.00
     0     1      743.00      674.00        0.00
     0     1      738.00      673.00        0.00
     0     1      733.00      671.00        0.00
     0     1      730.00      670.00        0.00
     0     1      725.00      668.00        0.00
     0     1      722.00      666.00        0.00
     0     1      718.00      664.00        0.00
     0     1      714.00      662.00        0.00
     0     1      711.00      661.00        0.00
     0     1      707.00      659.00        0.00
     0     1      703.00      658.00        0.00
     0     1      700.00      656.00        0.00
     0     1      696.00      655.00        0.00
     0     1      692.00      653.00        0.00
     0     1      688.00      652.00        0.00
     0     1      685.00      650.00        0.00
     0     1      682.00      649.00        0.00
     0     1      679.00      648.00        0.00
     0     1      675.00      647.00        0.00
     0     1      672.00      646.00        0.00
     0     1      668.00      645.00        0.00
     0     1      664.00      645.00        0.00
     0     1      660.00      645.00        0.00
     0     1      653.00      644.00        0.00
     0     1      648.00      644.00        0.00
     0     1      643.00      644.00        0.00
     0     1      639.00      644.00        0.00
     0     1      635.00      645.00        0.00
     0     1      632.00      646.00        0.00
     0     1      629.00      647.00        0.00
     0     1      626.00      648.00        0.00
     0     1      620.00      648.00        0.00
     0     1      617.00      649.00        0.00
     0     1      613.00      649.00        0.00
     0     1      609.00      649.00        0.00
     0     1      606.00      650.00        0.00
     0     1      602.00      650.00        0.00
     1     0      348.00      630.00        0.00
     1     0      344.00      630.00        0.00
     1     0      341.00      631.00        0.00
     1     0      337.00      631.00        0.00
     1     0      334.00      630.00        0.00
     1     0      331.00      628.00        0.00
     1     0      330.00      625.00        0.00
     1     0      330.00      621.00        0.00
     1     0      331.00      617.00        0.00
     1     0      334.00      615.00        0.00
     1     0      337.00      613.00        0.00
     1     0      341.00      612.00        0.00
     1     0      345.00      612.00        0.00
     1     0      349.00      613.00        0.00
     1     0      352.00      615.00        0.00
     1     0      353.00      618.00        0.00
     1     0      353.00      622.00        0.00
     1     0      352.00      625.00        0.00
     1     1      401.00      657.00        0.00
     1     1      401.00      661.00        0.00
     1     1      398.00      663.00        0.00
     1     1      394.00      664.00        0.00
     1     1      391.00      663.00        0.00
     1     1      388.00      661.00        0.00
     1     1      386.00      658.00        0.00
     1     1      385.00      655.00        0.00
     1     1      385.00      651.00        0.00
     1     1      386.00      647.00        0.00
     1     1      390.00      646.00        0.00
     1     1      394.00      646.00        0.00
     1     1      397.00      647.00        0.00
     1     1      399.00      650.00        0.00
     1     2      430.00      660.00        0.00
     1     2      425.00      662.00        0.00
     1     2      421.00      662.00        0.00
     1     2      417.00      661.00        0.00
     1     2      416.00      658.00        0.00
     1     2      415.00      655.00        0.00
     1     2      416.00      652.00        0.00
     1     2      418.00      649.00        0.00
     1     2      421.00      647.00        0.00
     1     2      424.00      646.00        0.00
     1     2      428.00      646.00        0.00
     1     2      431.00      647.00        0.00
     1     2      434.00      648.00        0.00
     1     2      435.00      651.00        0.00
     1     2      434.00      654.00        0.00
     1     3      464.00      673.00        0.00
     1     3      457.00      673.00        0.00
     1     3      453.00      673.00        0.00
     1     3      450.00      671.00        0.00
     1     3      447.00      670.00        0.00
     1     3      444.00      667.00        0.00
     1     3      444.00      663.00        0.00
     1     3      445.00      659.00        0.00
     1     3      447.00      656.00        0.00
     1     3      450.00      655.00        0.00
     1     3      453.00      654.00        0.00
     1     3      456.00      653.00        0.00
     1     3      459.00      654.00        0.00
     1     3      462.00      655.00        0.00
     1     3      465.00      656.00        0.00
     1     3      467.00      659.00        0.00
     1     3      468.00      662.00        0.00
     1     3      468.00      666.00        0.00
     1     4      555.00      679.00        0.00
     1     4      552.00      680.00        0.00
     1     4      547.00      681.00        0.00
     1     4      543.00      682.00        0.00
     1     4      539.00      682.00        0.00
     1     4      535.00      682.00        0.00
     1     4      531.00      682.00        0.00
     1     4      528.00      681.00        0.00
     1     4      526.00      678.00        0.00
     1     4      524.00      675.00        0.00
     1     4      523.00      672.00        0.00
     1     4      523.00      668.00        0.00
     1     4      524.00      664.00        0.00
     1     4      527.00      662.00        0.00
     1     4      530.00      660.00        0.00
     1     4      534.00      660.00        0.00
     1     4      539.00      660.00        0.00
     1     4      543.00      660.00        0.00
     1     4      547.00      661.00        0.00
     1     4      550.00      662.00        0.00
     1     4      553.00      663.00        0.00
     1     4      555.00      666.00        0.00
     1     4      557.00      669.00        0.00
     1     5      437.00      158.00        0.00
     1     5      437.00      162.00        0.00
     1     5      436.00      165.00        0.00
     1     5      433.00      166.00        0.00
     1     5      430.00      167.00        0.00
     1     5      427.00      165.00        0.00
     1     5      424.00      163.00        0.00
     1     5      423.00      160.00        0.00
     1     5      423.00      156.00        0.00
     1     5      424.00      153.00        0.00
     1     5      427.00      152.00        0.00
     1     5      431.00      152.00        0.00
     1     5      433.00      155.00        0.00
     1     6      412.00       59.00        0.00
     1     6      411.00       62.00        0.00
     1     6      408.00       63.00        0.00
     1     6      404.00       63.00        0.00
     1     6      400.00       62.00        0.00
     1     6      397.00       60.00        0.00
     1     6      394.00       58.00        0.00
     1     6      393.00       55.00        0.00
     1     6      393.00       51.00        0.00
     1     6      395.00       48.00        0.00
     1     6      399.00       48.00        0.00
     1     6      402.00       49.00        0.00
     1     6      405.00       51.00        0.00
     1     6      407.00       54.00        0.00
     1     7      702.33      163.33        0.00
     1     7      699.67      165.33        0.00
     1     7      696.33      166.67        0.00
     1     7      693.00      168.00        0.00
     1     7      689.67      168.00        0.00
     1     7      686.33      168.00        0.00
     1     7      683.00      168.00        0.00
     1     7      681.00      164.67        0.00
     1     7      681.00      161.33        0.00
     1     7      681.67      158.00        0.00
     1     7      683.67      155.33        0.00
     1     7      685.67      152.00        0.00
     1     7      688.33      150.00        0.00
     1     7      692.33      148.67        0.00
     1     7      695.67      148.67        0.00
     1     7      699.00      149.33        0.00
     1     7      701.00      152.00        0.00
     1     7      702.33      155.33        0.00
     1     7      702.33      158.67        0.00
     1     8      709.67      137.33        0.00
     1     8      707.67      142.67        0.00
     1     8      705.00      144.67        0.00
     1     8      701.67      146.00        0.00
     1     8      698.33      146.67        0.00
     1     8      695.00      146.67        0.00
     1     8      692.33      144.00        0.00
     1     8      692.33      140.67        0.00
     1     8      692.33      137.33        0.00
     1     8      693.00      134.00        0.00
     1     8      695.00      130.67        0.00
     1     8      697.67      128.00        0.00
     1     8      701.00      126.67        0.00
     1     8      704.33      125.33        0.00
     1     8      707.67      126.00        0.00
     1     8      709.67      128.67        0.00
     1     8      709.67      132.00        0.00
