     0     0      295.00      413.33        0.00
     0     0      285.67      409.33        0.00
     0     0      280.33      406.67        0.00
     0     0      277.00      404.67        0.00
     0     0      273.67      402.67        0.00
     0     0      270.33      400.67        0.00
     0     0      267.67      398.67        0.00
     0     0      265.00      396.67        0.00
     0     0      262.33      394.67        0.00
     0     0      259.00      392.67        0.00
     0     0      256.33      390.67        0.00
     0     0      253.67      388.00        0.00
     0     0      250.33      386.67        0.00
     0     0      248.33      384.00        0.00
     0     0      245.00      382.00        0.00
     0     0      242.33      379.33        0.00
     0     0      239.67      377.33        0.00
     0     0      237.00      375.33        0.00
     0     0      234.33      373.33        0.00
     0     0      231.67      370.67        0.00
     0     0      228.33      368.67        0.00
     0     0      223.67      366.00        0.00
     0     0      219.67      365.33        0.00
     0     0      215.00      364.00        0.00
     0     0      210.33      363.33        0.00
     0     0      206.33      362.00        0.00
     0     0      201.00      360.00        0.00
     0     0      195.00      359.33        0.00
     0     0      191.67      359.33        0.00
     0     0      188.33      358.67        0.00
     0     0      185.00      357.33        0.00
     0     0      181.00      356.00        0.00
     0     0      177.67      354.67        0.00
     0     0      173.67      352.67        0.00
     0     0      170.33      350.67        0.00
     0     0      167.67      348.67        0.00
     0     0      165.00      346.67        0.00
     0     0      161.00      344.67        0.00
     0     0      158.33      342.67        0.00
     0     0      155.67      340.67        0.00
     0     0      153.00      338.67        0.00
     0     0      150.33      336.67        0.00
     0     0      147.67      334.67        0.00
     0     0      145.00      331.33        0.00
     0     0      141.67      327.33        0.00
     0     0      139.67      324.67        0.00
     0     0      137.00      321.33        0.00
     0     0      135.00      318.00        0.00
     0     0      133.00      314.67        0.00
     0     0      131.00      311.33        0.00
     0     0      129.00      308.67        0.00
     0     0      127.00      305.33        0.00
     0     0      125.00      302.67        0.00
     0     0      122.33      299.33        0.00
     0     0      119.67      296.67        0.00
     0     0      117.67      294.00        0.00
     0     0      115.67      290.67        0.00
     0     0      113.00      288.00        0.00
     0     0      111.00      285.33        0.00
     0     0      108.33      282.00        0.00
     0     0      105.67      279.33        0.00
     0     0      103.67      276.67        0.00
     0     0      101.67      273.33        0.00
     0     0      100.33      269.33        0.00
     0     0       99.67      265.33        0.00
     0     0       98.33      262.00        0.00
     0     0       97.67      258.67        0.00
     0     0       97.00      255.33        0.00
     0     0       97.00      250.67        0.00
     0     0       97.00      247.33        0.00
     0     0       97.00      244.00        0.00
     0     0       97.67      240.67        0.00
     0     0       97.67      237.33        0.00
     0     0       97.67      233.33        0.00
     0     0       97.00      229.33        0.00
     0     0       95.67      225.33        0.00
     0     0       95.67      221.33        0.00
     0     0       94.33      216.67        0.00
     0     0       93.67      212.67        0.00
     0     0       92.33      209.33        0.00
     0     0       90.33      204.67        0.00
     0     0       89.00      200.67        0.00
     0     0       87.67      197.33        0.00
     0     0       87.67      194.00        0.00
     0     0       87.67      189.33        0.00
     0     0       87.67      186.00        0.00
     0     0       89.00      182.67        0.00
     0     0       89.67      178.67        0.00
     0     0       91.67      174.67        0.00
     0     0       93.00      170.00        0.00
     0     0       94.33      166.67        0.00
     0     0       96.33      163.33        0.00
     0     0       97.00      160.00        0.00
     0     0       97.00      156.00        0.00
     0     0       97.00      152.67        0.00
     0     0       97.00      149.33        0.00
     0     0       98.33      146.00        0.00
     0     0      101.00      142.67        0.00
     0     0      102.33      139.33        0.00
     0     0      105.00      136.67        0.00
     0     0      107.00      134.00        0.00
     0     0      109.00      131.33        0.00
     0     0      112.33      129.33        0.00
     0     0      114.33      126.67        0.00
     0     0      116.33      124.00        0.00
     0     0      120.33      122.67        0.00
     0     0      123.67      122.67        0.00
     0     0      127.00      122.00        0.00
     0     0      130.33      120.67        0.00
     0     0      134.33      120.00        0.00
     0     0      137.67      118.67        0.00
     0     0      141.00      118.00        0.00
     0     0      144.33      117.33        0.00
     0     0      148.33      116.00        0.00
     0     0      152.33      115.33        0.00
     0     0      155.67      114.67        0.00
     0     0      159.00      114.67        0.00
     0     0      162.33      114.00        0.00
     0     0      165.67      114.00        0.00
     0     0      169.00      112.67        0.00
     0     0      172.33      112.00        0.00
     0     0      177.00      112.00        0.00
     0     0      180.33      112.67        0.00
     0     0      186.33      112.67        0.00
     0     0      191.67      112.67        0.00
     0     0      196.33      112.67        0.00
     0     0      201.00      114.67        0.00
     0     0      203.67      116.67        0.00
     0     0      207.00      119.33        0.00
     0     0      210.33      122.00        0.00
     0     0      213.67      123.33        0.00
     0     0      217.00      125.33        0.00
     0     0      219.00      128.00        0.00
     0     0      222.33      129.33        0.00
     0     0      226.33      130.67        0.00
     0     0      231.67      132.67        0.00
     0     0      236.33      134.00        0.00
     0     0      242.33      135.33        0.00
     0     0      247.00      136.67        0.00
     0     0      252.33      138.00        0.00
     0     0      255.67      139.33        0.00
     0     0      259.67      141.33        0.00
     0     0      263.00      142.67        0.00
     0     0      266.33      144.67        0.00
     0     0      270.33      147.33        0.00
     0     0      274.33      148.67        0.00
     0     0      277.67      150.67        0.00
     0     0      281.00      152.00        0.00
     0     0      283.67      154.00        0.00
     0     0      287.67      156.00        0.00
     0     0      291.00      157.33        0.00
     0     0      293.67      159.33        0.00
     0     0      297.67      161.33        0.00
     0     0      301.67      163.33        0.00
     0     0      306.33      165.33        0.00
     0     0      310.33      167.33        0.00
     0     0      313.67      168.67        0.00
     0     0      317.00      170.00        0.00
     0     0      320.33      171.33        0.00
     0     0      325.00      173.33        0.00
     0     0      329.00      175.33        0.00
     0     0      332.33      176.67        0.00
     0     0      336.33      178.67        0.00
     0     0      340.33      180.00        0.00
     0     0      344.33      181.33        0.00
     0     0      347.67      182.67        0.00
     0     0      351.67      184.00        0.00
     0     0      355.67      184.67        0.00
     0     0      359.00      186.00        0.00
     0     0      363.67      187.33        0.00
     0     0      367.67      188.67        0.00
     0     0      372.33      190.00        0.00
     0     0      375.67      190.67        0.00
     0     0      379.00      190.67        0.00
     0     0      383.67      193.33        0.00
     0     0      387.67      195.33        0.00
     0     0      390.33      198.67        0.00
     0     0      393.00      201.33        0.00
     0     0      396.33      204.00        0.00
     0     0      399.67      206.00        0.00
     0     0      401.67      208.67        0.00
     0     0      403.67      211.33        0.00
     0     0      405.00      214.67        0.00
     0     0      407.00      217.33        0.00
     0     0      409.67      220.67        0.00
     0     0      412.33      222.67        0.00
     0     0      415.67      225.33        0.00
     0     0      418.33      227.33        0.00
     0     0      421.00      230.00        0.00
     0     0      423.67      232.67        0.00
     0     0      426.33      236.00        0.00
     0     0      429.00      239.33        0.00
     0     0      431.00      243.33        0.00
     0     0      434.33      248.00        0.00
     0     0      438.33      252.00        0.00
     0     0      441.67      256.00        0.00
     0     0      447.00      261.33        0.00
     0     0      453.00      264.67        0.00
     0     0      457.67      268.00        0.00
     0     0      461.00      270.00        0.00
     0     0      463.67      272.67        0.00
     0     0      466.33      275.33        0.00
     0     0      468.33      280.00        0.00
     0     0      469.00      283.33        0.00
     0     0      469.67      286.67        0.00
     0     0      472.33      290.67        0.00
     0     0      474.33      294.00        0.00
     0     0      475.00      298.67        0.00
     0     0      475.00      302.67        0.00
     0     0      475.67      308.00        0.00
     0     0      475.67      312.67        0.00
     0     0      475.67      316.00        0.00
     0     0      477.00      319.33        0.00
     0     0      478.33      322.67        0.00
     0     0      479.00      326.00        0.00
     0     0      481.00      329.33        0.00
     0     0      483.00      332.67        0.00
     0     0      485.00      336.00        0.00
     0     0      487.67      338.67        0.00
     0     0      490.33      341.33        0.00
     0     0      493.00      344.00        0.00
     0     0      495.67      347.33        0.00
     0     0      497.67      350.00        0.00
     0     0      501.00      354.00        0.00
     0     0      503.00      356.67        0.00
     0     0      504.33      360.67        0.00
     0     0      506.33      365.33        0.00
     0     0      509.00      369.33        0.00
     0     0      511.00      373.33        0.00
     0     0      512.33      376.67        0.00
     0     0      513.00      380.00        0.00
     0     0      514.33      383.33        0.00
     0     0      515.00      386.67        0.00
     0     0      516.33      390.00        0.00
     0     0      519.00      394.00        0.00
     0     0      521.00      396.67        0.00
     0     0      521.67      400.00        0.00
     0     0      524.33      402.67        0.00
     0     0      525.67      406.00        0.00
     0     0      527.67      408.67        0.00
     0     0      529.67      412.00        0.00
     0     0      531.67      415.33        0.00
     0     0      533.67      419.33        0.00
     0     0      535.00      423.33        0.00
     0     0      536.33      426.67        0.00
     0     0      538.33      430.67        0.00
     0     0      539.67      434.00        0.00
     0     0      541.00      437.33        0.00
     0     0      542.33      440.67        0.00
     0     0      544.33      443.33        0.00
     0     0      547.00      446.67        0.00
     0     0      549.00      449.33        0.00
     0     0      553.00      451.33        0.00
     0     0      555.00      454.00        0.00
     0     0      563.33      470.00        0.00
     0     0      564.00      473.33        0.00
     0     0      565.33      477.33        0.00
     0     0      567.33      480.67        0.00
     0     0      569.33      484.00        0.00
     0     0      572.00      488.00        0.00
     0     0      574.67      490.67        0.00
     0     0      577.33      494.00        0.00
     0     0      579.33      497.33        0.00
     0     0      581.33      500.67        0.00
     0     0      583.33      504.67        0.00
     0     0      584.67      508.00        0.00
     0     0      587.33      511.33        0.00
     0     0      589.33      514.00        0.00
     0     0      591.33      516.67        0.00
     0     0      594.00      519.33        0.00
     0     0      596.67      521.33        0.00
     0     0      599.33      524.00        0.00
     0     0      602.00      526.67        0.00
     0     0      604.67      529.33        0.00
     0     0      607.33      531.33        0.00
     0     0      610.00      534.00        0.00
     0     0      612.67      536.00        0.00
     0     0      616.00      537.33        0.00
     0     0      618.67      539.33        0.00
     0     0      621.33      541.33        0.00
     0     0      624.67      543.33        0.00
     0     0      628.67      545.33        0.00
     0     0      632.67      548.00        0.00
     0     0      636.67      550.00        0.00
     0     0      640.00      552.00        0.00
     0     0      643.33      554.00        0.00
     0     0      646.67      556.00        0.00
     0     0      650.00      558.67        0.00
     0     0      653.33      561.33        0.00
     0     0      656.67      564.00        0.00
     0     0      659.33      566.00        0.00
     0     0      663.33      569.33        0.00
     0     0      666.00      571.33        0.00
     0     0      668.67      573.33        0.00
     0     0      672.00      575.33        0.00
     0     0      674.67      577.33        0.00
     0     0      678.00      579.33        0.00
     0     0      680.00      582.00        0.00
     0     0      684.00      584.67        0.00
     0     0      688.00      588.00        0.00
     0     0      691.33      590.67        0.00
     0     0      694.00      593.33        0.00
     0     0      696.67      596.00        0.00
     0     0      700.00      599.33        0.00
     0     0      703.33      602.00        0.00
     0     0      705.33      604.67        0.00
     0     0      708.67      608.00        0.00
     0     0      711.33      611.33        0.00
     0     0      713.33      614.00        0.00
     0     0      716.00      617.33        0.00
     0     0      718.00      620.00        0.00
     0     0      720.00      622.67        0.00
     0     0      722.00      626.67        0.00
     0     0      724.67      631.33        0.00
     0     0      728.00      635.33        0.00
     0     0      730.67      638.67        0.00
     0     0      733.33      642.67        0.00
     0     0      736.00      647.33        0.00
     0     0      738.67      650.00        0.00
     0     0      742.00      652.67        0.00
     0     0      745.33      656.67        0.00
     0     0      748.67      660.00        0.00
     0     0      752.00      663.33        0.00
     0     0      755.33      666.67        0.00
     0     0      758.00      670.00        0.00
     0     0      760.67      673.33        0.00
     0     0      763.33      676.67        0.00
     0     0      765.33      680.00        0.00
     0     0      767.33      683.33        0.00
     0     0      768.67      687.33        0.00
     0     0      770.00      691.33        0.00
     0     0      772.00      694.67        0.00
     0     0      772.67      698.00        0.00
     0     0      774.00      701.33        0.00
     0     0      775.33      704.67        0.00
     0     0      777.33      708.00        0.00
     0     0      800.67      735.67        0.00
     0     0      804.67      742.33        0.00
     0     0      806.67      745.00        0.00
     0     0      808.67      748.33        0.00
     0     0      810.67      751.67        0.00
     0     0      812.00      755.67        0.00
     0     0      814.00      759.67        0.00
     0     0      814.67      763.67        0.00
     0     0      816.67      768.33        0.00
     0     0      819.33      773.67        0.00
     0     0      821.33      779.00        0.00
     0     0      822.67      782.33        0.00
     0     0      824.00      787.67        0.00
     0     0      825.33      791.00        0.00
     0     0      827.33      795.00        0.00
     0     0      828.67      799.00        0.00
     0     0      830.00      803.00        0.00
     0     0      831.33      807.67        0.00
     0     0      833.33      812.33        0.00
     0     0      834.00      815.67        0.00
     0     0      835.33      821.00        0.00
     0     0      836.00      825.67        0.00
     0     0      836.00      829.67        0.00
     0     0      836.67      834.33        0.00
     0     0      837.33      838.33        0.00
     0     0      837.33      841.67        0.00
     0     0      838.00      845.67        0.00
     0     0      838.00      849.00        0.00
     0     0      838.67      853.00        0.00
     0     0      838.67      857.00        0.00
     0     0      839.33      860.33        0.00
     0     0      839.33      863.67        0.00
     0     0      839.33      867.67        0.00
     0     0      839.33      872.33        0.00
     0     0      838.67      875.67        0.00
     0     0      838.67      879.00        0.00
     0     0      838.67      883.67        0.00
     0     0      838.67      888.33        0.00
     0     0      838.67      892.33        0.00
     0     0      838.67      896.33        0.00
     0     0      838.67      900.33        0.00
     0     0      838.67      905.00        0.00
     0     0      840.00      910.33        0.00
     0     0      840.67      914.33        0.00
     0     0      841.33      917.67        0.00
     0     0      842.00      922.33        0.00
     0     0      842.67      926.33        0.00
     0     0      844.67      929.00        0.00
     0     0      841.67      961.00        0.00
     0     0      837.67      967.00        0.00
     0     0      835.67      969.67        0.00
     0     0      833.00      973.67        0.00
     0     0      829.67      976.33        0.00
     0     0      827.00      979.67        0.00
     0     0      823.67      982.33        0.00
     0     0      820.33      984.33        0.00
     0     0      816.33      985.67        0.00
     0     0      811.67      988.33        0.00
     0     0      808.33      989.00        0.00
     0     0      804.33      990.33        0.00
     0     0      801.00      991.00        0.00
     0     0      795.00      992.33        0.00
     0     0      790.33      993.00        0.00
     0     0      785.67      994.33        0.00
     0     0      782.33      995.00        0.00
     0     0      779.00      995.67        0.00
     0     0      775.67      996.33        0.00
     0     0      771.00      996.33        0.00
     0     0      767.00      995.67        0.00
     0     0      763.00      995.67        0.00
     0     0      757.67      995.00        0.00
     0     0      754.33      994.33        0.00
     0     0      751.00      993.67        0.00
     0     0      747.67      993.00        0.00
     0     0      742.33      991.00        0.00
     0     0      737.67      990.33        0.00
     0     0      733.00      989.00        0.00
     0     0      728.33      987.00        0.00
     0     0      724.33      985.67        0.00
     0     0      721.00      983.67        0.00
     0     0      717.67      981.67        0.00
     0     0      714.33      979.00        0.00
     0     0      712.33      975.67        0.00
     0     0      709.67      972.33        0.00
     0     0      707.00      969.00        0.00
     0     0      704.33      965.67        0.00
     0     0      701.67      963.00        0.00
     0     0      699.67      960.33        0.00
     0     0      697.67      957.67        0.00
     0     0      695.00      955.00        0.00
     0     0      691.67      951.67        0.00
     0     0      688.33      949.00        0.00
     0     0      685.67      945.67        0.00
     0     0      683.00      943.00        0.00
     0     0      679.67      938.33        0.00
     0     0      677.00      935.00        0.00
     0     0      673.67      930.33        0.00
     0     0      671.00      926.33        0.00
     0     0      670.33      923.00        0.00
     0     0      667.67      917.67        0.00
     0     0      665.67      913.00        0.00
     0     0      663.00      908.33        0.00
     0     0      661.00      903.00        0.00
     0     0      659.00      898.33        0.00
     0     0      656.33      894.33        0.00
     0     0      655.00      891.00        0.00
     0     0      653.00      888.33        0.00
     0     0      651.00      885.00        0.00
     0     0      649.67      881.67        0.00
     0     0      647.67      878.33        0.00
     0     0      646.33      875.00        0.00
     0     0      643.67      871.00        0.00
     0     0      641.67      867.00        0.00
     0     0      639.67      863.00        0.00
     0     0      638.33      859.00        0.00
     0     0      636.33      855.67        0.00
     0     0      635.00      852.33        0.00
     0     0      633.67      849.00        0.00
     0     0      631.67      845.67        0.00
     0     0      629.67      843.00        0.00
     0     0      627.00      840.33        0.00
     0     0      624.33      837.67        0.00
     0     0      621.67      835.67        0.00
     0     0      619.00      833.00        0.00
     0     0      616.33      830.33        0.00
     0     0      613.67      828.33        0.00
     0     0      611.00      825.00        0.00
     0     0      607.67      821.67        0.00
     0     0      605.67      819.00        0.00
     0     0      602.33      815.67        0.00
     0     0      599.67      813.00        0.00
     0     0      595.67      807.67        0.00
     0     0      593.67      805.00        0.00
     0     0      592.33      801.67        0.00
     0     0      590.33      797.67        0.00
     0     0      589.00      793.67        0.00
     0     0      587.00      789.67        0.00
     0     0      583.67      784.33        0.00
     0     0      581.00      779.67        0.00
     0     0      579.00      776.33        0.00
     0     0      577.00      773.00        0.00
     0     0      575.00      769.67        0.00
     0     0      572.33      767.67        0.00
     0     0      569.67      765.67        0.00
     0     0      567.00      763.67        0.00
     0     0      563.67      761.00        0.00
     0     0      560.33      757.67        0.00
     0     0      557.67      754.33        0.00
     0     0      546.00      739.67        0.00
     0     0      541.33      733.67        0.00
     0     0      539.33      731.00        0.00
     0     0      537.33      727.00        0.00
     0     0      535.33      723.67        0.00
     0     0      533.33      719.67        0.00
     0     0      530.67      716.33        0.00
     0     0      528.00      712.33        0.00
     0     0      526.67      709.00        0.00
     0     0      524.00      706.33        0.00
     0     0      522.00      703.67        0.00
     0     0      521.33      700.33        0.00
     0     0      518.67      695.67        0.00
     0     0      516.67      693.00        0.00
     0     0      514.67      690.33        0.00
     0     0      512.00      686.33        0.00
     0     0      510.00      683.00        0.00
     0     0      507.33      679.67        0.00
     0     0      504.67      676.33        0.00
     0     0      502.67      673.67        0.00
     0     0      500.67      671.00        0.00
     0     0      498.67      667.67        0.00
     0     0      496.67      664.33        0.00
     0     0      494.00      661.00        0.00
     0     0      492.00      657.00        0.00
     0     0      490.00      653.00        0.00
     0     0      488.67      649.67        0.00
     0     0      486.67      646.33        0.00
     0     0      485.33      643.00        0.00
     0     0      482.67      639.67        0.00
     0     0      480.67      636.33        0.00
     0     0      478.00      633.00        0.00
     0     0      474.67      630.33        0.00
     0     0      471.33      627.00        0.00
     0     0      468.67      625.00        0.00
     0     0      465.33      622.33        0.00
     0     0      463.33      619.67        0.00
     0     0      460.00      617.00        0.00
     0     0      457.33      614.33        0.00
     0     0      454.67      611.67        0.00
     0     0      452.67      609.00        0.00
     0     0      450.67      605.67        0.00
     0     0      448.67      602.33        0.00
     0     0      446.67      599.67        0.00
     0     0      444.00      595.00        0.00
     0     0      442.00      591.67        0.00
     0     0      440.00      588.33        0.00
     0     0      437.33      585.00        0.00
     0     0      434.67      582.33        0.00
     0     0      432.67      579.00        0.00
     0     0      430.00      576.33        0.00
     0     0      427.33      573.67        0.00
     0     0      424.00      570.33        0.00
     0     0      421.33      568.33        0.00
     0     0      418.67      565.67        0.00
     0     0      415.33      563.00        0.00
     0     0      412.67      560.33        0.00
     0     0      410.00      558.33        0.00
     0     0      407.33      555.67        0.00
     0     0      403.33      551.67        0.00
     0     0      401.33      549.00        0.00
     0     0      398.67      546.33        0.00
     0     0      396.67      543.67        0.00
     0     0      393.33      540.33        0.00
     0     0      390.67      536.33        0.00
     0     0      388.67      533.67        0.00
     0     0      385.33      528.33        0.00
     0     0      382.67      525.00        0.00
     0     0      380.67      521.67        0.00
     0     0      378.67      519.00        0.00
     0     0      376.67      516.33        0.00
     0     0      374.67      512.33        0.00
     0     0      372.00      509.67        0.00
     0     0      370.00      505.67        0.00
     0     0      368.00      503.00        0.00
     0     0      366.00      500.33        0.00
     0     0      354.33      487.00        0.00
     0     0      350.33      483.67        0.00
     0     0      348.33      481.00        0.00
     0     0      346.33      478.33        0.00
     0     0      343.67      475.00        0.00
     0     0      341.67      471.00        0.00
     0     0      339.67      468.33        0.00
     0     0      337.67      465.00        0.00
     0     0      335.67      462.33        0.00
     0     0      333.67      459.67        0.00
     0     0      330.33      456.33        0.00
     0     0      327.67      453.67        0.00
     0     0      323.00      450.33        0.00
     0     0      320.33      447.67        0.00
     0     0      317.00      444.33        0.00
     0     0      315.00      441.67        0.00
     0     0      312.33      439.00        0.00
     0     0      310.33      435.67        0.00
     0     0      308.33      432.33        0.00
     0     0      307.00      429.00        0.00
     0     0      305.00      425.67        0.00
     0     0      303.67      421.67        0.00
     0     1      310.67      755.00        0.00
     0     1      294.00      758.33        0.00
     0     1      287.33      756.33        0.00
     0     1      282.67      754.33        0.00
     0     1      278.00      753.00        0.00
     0     1      274.67      751.00        0.00
     0     1      269.33      749.00        0.00
     0     1      266.00      747.67        0.00
     0     1      262.00      746.33        0.00
     0     1      256.67      745.00        0.00
     0     1      253.33      744.33        0.00
     0     1      250.00      743.67        0.00
     0     1      246.67      743.00        0.00
     0     1      242.00      742.33        0.00
     0     1      237.33      742.33        0.00
     0     1      232.67      741.67        0.00
     0     1      228.67      741.00        0.00
     0     1      224.00      741.00        0.00
     0     1      220.67      740.33        0.00
     0     1      214.67      739.00        0.00
     0     1      210.00      738.33        0.00
     0     1      206.00      737.67        0.00
     0     1      202.67      737.00        0.00
     0     1      198.67      735.67        0.00
     0     1      194.67      734.33        0.00
     0     1      190.00      733.67        0.00
     0     1      186.00      732.33        0.00
     0     1      182.67      731.67        0.00
     0     1      178.67      730.33        0.00
     0     1      174.00      729.00        0.00
     0     1      170.00      727.00        0.00
     0     1      166.67      726.33        0.00
     0     1      162.67      725.67        0.00
     0     1      158.67      724.33        0.00
     0     1      154.00      723.00        0.00
     0     1      148.67      721.00        0.00
     0     1      144.67      719.00        0.00
     0     1      141.33      717.67        0.00
     0     1      138.00      715.67        0.00
     0     1      134.67      713.67        0.00
     0     1      132.00      711.67        0.00
     0     1      129.33      709.00        0.00
     0     1      126.67      707.00        0.00
     0     1      123.33      703.67        0.00
     0     1      120.67      700.33        0.00
     0     1      118.00      697.67        0.00
     0     1      116.00      695.00        0.00
     0     1      112.67      690.33        0.00
     0     1      110.67      687.67        0.00
     0     1      108.67      685.00        0.00
     0     1      106.00      681.67        0.00
     0     1      104.00      679.00        0.00
     0     1      102.00      676.33        0.00
     0     1      100.00      671.67        0.00
     0     1       98.67      668.33        0.00
     0     1       98.67      663.67        0.00
     0     1       98.00      660.33        0.00
     0     1       97.33      656.33        0.00
     0     1       97.33      651.67        0.00
     0     1       97.33      647.67        0.00
     0     1       97.33      643.67        0.00
     0     1       97.33      639.67        0.00
     0     1       98.00      636.33        0.00
     0     1       98.67      633.00        0.00
     0     1       99.33      629.67        0.00
     0     1      100.00      626.33        0.00
     0     1      102.00      621.67        0.00
     0     1      103.33      618.33        0.00
     0     1      106.00      614.33        0.00
     0     1      108.67      612.33        0.00
     0     1      112.67      609.00        0.00
     0     1      115.33      607.00        0.00
     0     1      118.00      605.00        0.00
     0     1      120.67      602.33        0.00
     0     1      123.33      600.33        0.00
     0     1      125.33      597.67        0.00
     0     1      128.67      595.67        0.00
     0     1      132.00      593.00        0.00
     0     1      136.00      591.00        0.00
     0     1      140.67      590.33        0.00
     0     1      144.00      589.67        0.00
     0     1      149.33      588.33        0.00
     0     1      152.67      588.33        0.00
     0     1      156.00      587.67        0.00
     0     1      160.00      587.67        0.00
     0     1      163.33      587.67        0.00
     0     1      167.33      587.67        0.00
     0     1      170.67      587.67        0.00
     0     1      174.00      587.67        0.00
     0     1      180.00      587.67        0.00
     0     1      184.00      588.33        0.00
     0     1      187.33      589.00        0.00
     0     1      190.67      589.00        0.00
     0     1      195.33      590.33        0.00
     0     1      200.67      591.67        0.00
     0     1      204.67      592.33        0.00
     0     1      209.33      594.33        0.00
     0     1      214.00      595.00        0.00
     0     1      220.00      597.00        0.00
     0     1      223.33      597.67        0.00
     0     1      229.33      599.67        0.00
     0     1      233.33      601.00        0.00
     0     1      236.67      602.33        0.00
     0     1      240.00      603.67        0.00
     0     1      244.00      605.67        0.00
     0     1      247.33      607.67        0.00
     0     1      252.00      609.67        0.00
     0     1      256.00      611.67        0.00
     0     1      260.67      614.33        0.00
     0     1      264.67      616.33        0.00
     0     1      268.00      618.33        0.00
     0     1      273.33      621.00        0.00
     0     1      277.33      623.00        0.00
     0     1      281.33      625.67        0.00
     0     1      284.00      627.67        0.00
     0     1      288.00      630.33        0.00
     0     1      291.33      633.00        0.00
     0     1      295.33      636.33        0.00
     0     1      297.33      639.00        0.00
     0     1      300.00      641.00        0.00
     0     1      304.00      645.67        0.00
     0     1      307.33      649.67        0.00
     0     1      310.00      652.33        0.00
     0     1      312.00      655.00        0.00
     0     1      315.33      657.67        0.00
     0     1      318.00      660.33        0.00
     0     1      321.33      663.67        0.00
     0     1      324.00      667.00        0.00
     0     1      326.67      671.00        0.00
     0     1      328.00      674.33        0.00
     0     1      330.00      678.33        0.00
     0     1      331.33      681.67        0.00
     0     1      333.33      685.67        0.00
     0     1      334.00      689.67        0.00
     0     1      334.67      693.00        0.00
     0     1      335.33      697.00        0.00
     0     1      335.33      700.33        0.00
     0     1      335.33      703.67        0.00
     0     1      335.33      707.67        0.00
     0     1      335.33      711.00        0.00
     0     1      335.33      715.00        0.00
     0     1      335.33      719.00        0.00
     0     1      333.33      723.00        0.00
     0     1      331.33      726.33        0.00
     0     1      328.67      730.33        0.00
     0     1      326.67      734.33        0.00
     0     1      325.33      737.67        0.00
     1     0      219.33      572.00        0.00
     1     0      216.00      573.33        0.00
     1     0      212.67      574.00        0.00
     1     0      208.00      573.33        0.00
     1     0      204.67      572.00        0.00
     1     0      201.33      568.00        0.00
     1     0      200.00      564.00        0.00
     1     0      198.67      559.33        0.00
     1     0      198.67      555.33        0.00
     1     0      200.00      551.33        0.00
     1     0      202.00      547.33        0.00
     1     0      206.67      544.67        0.00
     1     0      210.00      543.33        0.00
     1     0      214.00      543.33        0.00
     1     0      218.00      543.33        0.00
     1     0      221.33      544.67        0.00
     1     0      223.33      547.33        0.00
     1     0      224.67      550.67        0.00
     1     0      226.00      554.00        0.00
     1     0      226.67      558.00        0.00
     1     0      226.67      561.33        0.00
     1     0      226.00      564.67        0.00
     1     1      344.33      690.00        0.00
     1     1      341.00      693.33        0.00
     1     1      337.67      694.67        0.00
     1     1      334.33      694.67        0.00
     1     1      331.00      694.00        0.00
     1     1      328.33      691.33        0.00
     1     1      325.67      686.67        0.00
     1     1      323.67      684.00        0.00
     1     1      323.67      679.33        0.00
     1     1      325.67      675.33        0.00
     1     1      328.33      673.33        0.00
     1     1      331.00      671.33        0.00
     1     1      334.33      670.00        0.00
     1     1      337.67      670.00        0.00
     1     1      341.00      672.00        0.00
     1     1      343.67      674.67        0.00
     1     1      344.33      678.67        0.00
     1     1      345.00      682.00        0.00
     1     2      215.00      752.67        0.00
     1     2      209.67      758.00        0.00
     1     2      206.33      760.00        0.00
     1     2      202.33      760.67        0.00
     1     2      199.00      760.67        0.00
     1     2      195.00      760.67        0.00
     1     2      191.00      759.33        0.00
     1     2      187.00      757.33        0.00
     1     2      185.00      754.67        0.00
     1     2      183.67      750.00        0.00
     1     2      184.33      744.67        0.00
     1     2      187.00      742.00        0.00
     1     2      191.00      738.67        0.00
     1     2      195.00      736.00        0.00
     1     2      199.67      734.67        0.00
     1     2      203.00      734.67        0.00
     1     2      207.00      734.67        0.00
     1     2      210.33      735.33        0.00
     1     2      213.67      738.00        0.00
     1     2      215.00      741.33        0.00
     1     2      215.00      745.33        0.00
     1     3      245.33      400.00        0.00
     1     3      242.67      402.00        0.00
     1     3      238.67      402.67        0.00
     1     3      235.33      402.67        0.00
     1     3      232.00      401.33        0.00
     1     3      229.33      398.00        0.00
     1     3      228.00      394.67        0.00
     1     3      227.33      391.33        0.00
     1     3      229.33      388.67        0.00
     1     3      233.33      387.33        0.00
     1     3      236.67      386.67        0.00
     1     3      240.00      386.67        0.00
     1     3      242.67      388.67        0.00
     1     3      244.67      391.33        0.00
     1     3      245.33      394.67        0.00
     1     4       86.67      160.00        0.00
     1     4       84.67      162.67        0.00
     1     4       82.00      164.67        0.00
     1     4       78.00      164.67        0.00
     1     4       76.00      162.00        0.00
     1     4       74.00      158.00        0.00
     1     4       74.00      154.67        0.00
     1     4       74.00      151.33        0.00
     1     4       76.00      148.00        0.00
     1     4       78.67      145.33        0.00
     1     4       82.00      144.67        0.00
     1     4       85.33      145.33        0.00
     1     4       88.00      148.67        0.00
     1     4       89.33      152.67        0.00
     1     5      102.67      126.67        0.00
     1     5       96.67      130.00        0.00
     1     5       92.67      130.00        0.00
     1     5       89.33      127.33        0.00
     1     5       86.67      124.67        0.00
     1     5       86.00      121.33        0.00
     1     5       86.67      118.00        0.00
     1     5       88.67      115.33        0.00
     1     5       91.33      112.00        0.00
     1     5       96.00      110.67        0.00
     1     5       99.33      110.67        0.00
     1     5      103.33      112.00        0.00
     1     5      106.67      113.33        0.00
     1     5      109.33      115.33        0.00
     1     5      110.67      118.67        0.00
     1     5      108.00      120.67        0.00
     1     6      496.33      292.00        0.00
     1     6      493.67      294.00        0.00
     1     6      490.33      294.67        0.00
     1     6      486.33      294.67        0.00
     1     6      483.67      292.67        0.00
     1     6      481.67      290.00        0.00
     1     6      481.00      286.67        0.00
     1     6      479.67      282.67        0.00
     1     6      480.33      279.33        0.00
     1     6      482.33      276.67        0.00
     1     6      486.33      274.67        0.00
     1     6      489.67      274.00        0.00
     1     6      493.67      274.67        0.00
     1     6      497.00      276.67        0.00
     1     6      499.67      278.67        0.00
     1     6      501.67      281.33        0.00
     1     6      502.33      284.67        0.00
     1     6      503.00      288.67        0.00
     1     6      499.67      290.00        0.00
     1     7      503.00      323.33        0.00
     1     7      501.67      328.00        0.00
     1     7      498.33      330.67        0.00
     1     7      495.00      331.33        0.00
     1     7      491.67      329.33        0.00
     1     7      490.33      325.33        0.00
     1     7      490.33      320.67        0.00
     1     7      491.00      317.33        0.00
     1     7      493.00      314.67        0.00
     1     7      496.33      314.00        0.00
     1     7      499.67      315.33        0.00
     1     7      501.67      318.00        0.00
     1     8      741.67      628.33        0.00
     1     8      738.33      628.33        0.00
     1     8      735.00      629.00        0.00
     1     8      731.67      627.00        0.00
     1     8      730.33      623.67        0.00
     1     8      728.33      620.33        0.00
     1     8      726.33      617.67        0.00
     1     8      726.33      614.33        0.00
     1     8      729.00      611.67        0.00
     1     8      732.33      609.67        0.00
     1     8      735.67      607.67        0.00
     1     8      739.00      607.00        0.00
     1     8      742.33      607.67        0.00
     1     8      745.67      609.00        0.00
     1     8      748.33      612.33        0.00
     1     8      748.33      615.67        0.00
     1     8      748.33      619.00        0.00
     1     9      841.33     1001.33        0.00
     1     9      838.67     1003.33        0.00
     1     9      835.33     1004.67        0.00
     1     9      832.00     1004.67        0.00
     1     9      828.67     1005.33        0.00
     1     9      825.33     1005.33        0.00
     1     9      822.00     1004.67        0.00
     1     9      819.33     1002.00        0.00
     1     9      819.33      998.00        0.00
     1     9      820.67      994.67        0.00
     1     9      823.33      992.67        0.00
     1     9      826.00      990.67        0.00
     1     9      829.33      989.33        0.00
     1     9      832.67      989.33        0.00
     1     9      836.00      988.67        0.00
     1     9      839.33      989.33        0.00
     1     9      841.33      992.00        0.00
     1    10      855.33      984.00        0.00
     1    10      848.00      986.67        0.00
     1    10      844.67      988.00        0.00
     1    10      841.33      988.67        0.00
     1    10      838.00      988.67        0.00
     1    10      836.00      986.00        0.00
     1    10      834.67      982.67        0.00
     1    10      834.00      978.67        0.00
     1    10      834.67      975.33        0.00
     1    10      837.33      973.33        0.00
     1    10      841.33      972.00        0.00
     1    10      844.67      971.33        0.00
     1    10      848.00      970.67        0.00
     1    10      851.33      970.67        0.00
     1    10      854.00      972.67        0.00
     1    10      855.33      976.00        0.00
     1    11      795.33     1013.33        0.00
     1    11      797.33     1018.67        0.00
     1    11      797.33     1022.00        0.00
     1    11      796.00     1025.33        0.00
     1    11      792.67     1026.67        0.00
     1    11      789.33     1027.33        0.00
     1    11      785.33     1028.00        0.00
     1    11      781.33     1027.33        0.00
     1    11      779.33     1024.67        0.00
     1    11      776.67     1022.67        0.00
     1    11      775.33     1019.33        0.00
     1    11      775.33     1016.00        0.00
     1    11      776.00     1012.67        0.00
     1    11      778.00     1009.33        0.00
     1    11      781.33     1007.33        0.00
     1    11      785.33     1007.33        0.00
     1    11      788.67     1008.00        0.00
     1    12      689.33      996.00        0.00
     1    12      686.00      998.67        0.00
     1    12      682.00      999.33        0.00
     1    12      678.67      999.33        0.00
     1    12      675.33      999.33        0.00
     1    12      672.00      998.67        0.00
     1    12      670.67      995.33        0.00
     1    12      669.33      992.00        0.00
     1    12      669.33      988.67        0.00
     1    12      670.00      985.33        0.00
     1    12      672.00      982.67        0.00
     1    12      676.00      980.67        0.00
     1    12      679.33      979.33        0.00
     1    12      682.67      979.33        0.00
     1    12      686.67      979.33        0.00
     1    12      690.00      980.00        0.00
     1    12      692.67      982.00        0.00
     1    12      694.67      984.67        0.00
     1    12      695.33      988.00        0.00
     1    13      675.33      972.00        0.00
     1    13      670.00      976.67        0.00
     1    13      666.00      976.67        0.00
     1    13      664.00      974.00        0.00
     1    13      663.33      970.67        0.00
     1    13      662.67      966.67        0.00
     1    13      663.33      963.33        0.00
     1    13      666.67      961.33        0.00
     1    13      670.67      961.33        0.00
     1    13      674.00      964.00        0.00
     1    13      675.33      967.33        0.00
     1    14      666.67      926.00        0.00
     1    14      664.00      930.00        0.00
     1    14      660.00      932.00        0.00
     1    14      656.00      932.00        0.00
     1    14      652.67      930.00        0.00
     1    14      650.67      927.33        0.00
     1    14      649.33      924.00        0.00
     1    14      648.67      920.67        0.00
     1    14      650.00      917.33        0.00
     1    14      652.67      914.00        0.00
     1    14      656.67      912.00        0.00
     1    14      660.00      910.67        0.00
     1    14      664.00      910.67        0.00
     1    14      667.33      912.67        0.00
     1    14      670.00      915.33        0.00
     1    14      670.67      919.33        0.00
     1    15      652.67      895.33        0.00
     1    15      648.67      900.00        0.00
     1    15      644.67      901.33        0.00
     1    15      641.33      901.33        0.00
     1    15      638.67      898.67        0.00
     1    15      636.00      896.00        0.00
     1    15      634.00      891.33        0.00
     1    15      634.00      887.33        0.00
     1    15      635.33      884.00        0.00
     1    15      637.33      880.67        0.00
     1    15      640.00      876.67        0.00
     1    15      644.00      875.33        0.00
     1    15      648.00      875.33        0.00
     1    15      652.00      878.00        0.00
     1    15      654.67      881.33        0.00
     1    15      655.33      885.33        0.00
     1    15      655.33      888.67        0.00
     1    16      616.00      826.67        0.00
     1    16      611.33      827.33        0.00
     1    16      607.33      828.00        0.00
     1    16      604.00      828.67        0.00
     1    16      600.00      828.00        0.00
     1    16      596.00      825.33        0.00
     1    16      592.67      822.67        0.00
     1    16      589.33      820.67        0.00
     1    16      587.33      817.33        0.00
     1    16      586.67      814.00        0.00
     1    16      588.00      810.00        0.00
     1    16      591.33      807.33        0.00
     1    16      595.33      806.67        0.00
     1    16      598.67      806.67        0.00
     1    16      602.00      807.33        0.00
     1    16      604.67      809.33        0.00
     1    16      607.33      811.33        0.00
     1    16      608.67      814.67        0.00
     1    16      610.67      818.00        0.00
     1    16      611.33      821.33        0.00
     1    17      378.00      533.00        0.00
     1    17      378.00      536.33        0.00
     1    17      376.00      539.00        0.00
     1    17      372.67      540.33        0.00
     1    17      368.67      540.33        0.00
     1    17      365.33      539.67        0.00
     1    17      362.00      537.67        0.00
     1    17      359.33      535.67        0.00
     1    17      358.00      532.33        0.00
     1    17      358.67      529.00        0.00
     1    17      362.00      526.33        0.00
     1    17      365.33      524.33        0.00
     1    17      368.67      523.67        0.00
     1    17      372.00      523.67        0.00
     1    17      375.33      525.67        0.00
