     0     0      657.33      796.67        0.00
     0     0      657.33      796.67        0.00
     0     0      650.67      804.67        0.00
     0     0      648.00      807.33        0.00
     0     0      645.33      810.00        0.00
     0     0      641.33      810.00        0.00
     0     0      637.33      811.33        0.00
     0     0      632.00      811.33        0.00
     0     0      626.67      811.33        0.00
     0     0      621.33      811.33        0.00
     0     0      617.33      810.00        0.00
     0     0      613.33      808.67        0.00
     0     0      609.33      808.67        0.00
     0     0      605.33      808.67        0.00
     0     0      602.67      806.00        0.00
     0     0      598.67      806.00        0.00
     0     0      594.67      806.00        0.00
     0     0      589.33      804.67        0.00
     0     0      585.33      803.33        0.00
     0     0      580.00      802.00        0.00
     0     0      576.00      802.00        0.00
     0     0      572.00      800.67        0.00
     0     0      566.67      799.33        0.00
     0     0      562.67      798.00        0.00
     0     0      558.67      798.00        0.00
     0     0      553.33      796.67        0.00
     0     0      549.33      795.33        0.00
     0     0      545.33      794.00        0.00
     0     0      541.33      792.67        0.00
     0     0      537.33      791.33        0.00
     0     0      533.33      788.67        0.00
     0     0      529.33      787.33        0.00
     0     0      525.33      784.67        0.00
     0     0      518.67      783.33        0.00
     0     0      513.33      782.00        0.00
     0     0      509.33      779.33        0.00
     0     0      505.33      778.00        0.00
     0     0      501.33      776.67        0.00
     0     0      496.00      775.33        0.00
     0     0      493.33      772.67        0.00
     0     0      489.33      771.33        0.00
     0     0      485.33      770.00        0.00
     0     0      480.00      768.67        0.00
     0     0      476.00      767.33        0.00
     0     0      472.00      766.00        0.00
     0     0      466.67      763.33        0.00
     0     0      462.67      760.67        0.00
     0     0      457.33      759.33        0.00
     0     0      453.33      758.00        0.00
     0     0      448.00      756.67        0.00
     0     0      444.00      755.33        0.00
     0     0      440.00      754.00        0.00
     0     0      436.00      751.33        0.00
     0     0      432.00      748.67        0.00
     0     0      426.67      747.33        0.00
     0     0      422.67      746.00        0.00
     0     0      418.67      743.33        0.00
     0     0      414.67      740.67        0.00
     0     0      409.33      738.00        0.00
     0     0      406.67      734.00        0.00
     0     0      404.00      731.33        0.00
     0     0      401.33      728.67        0.00
     0     0      398.67      724.67        0.00
     0     0      396.00      722.00        0.00
     0     0      393.33      719.33        0.00
     0     0      390.67      716.67        0.00
     0     0      388.00      712.67        0.00
     0     0      385.33      708.67        0.00
     0     0      382.67      706.00        0.00
     0     0      380.00      702.00        0.00
     0     0      377.33      698.00        0.00
     0     0      374.67      692.67        0.00
     0     0      372.00      688.67        0.00
     0     0      369.33      684.67        0.00
     0     0      366.67      682.00        0.00
     0     0      364.00      679.33        0.00
     0     0      361.33      675.33        0.00
     0     0      358.67      671.33        0.00
     0     0      356.00      668.67        0.00
     0     0      354.67      664.67        0.00
     0     0      352.00      662.00        0.00
     0     0      350.67      658.00        0.00
     0     0      348.00      654.00        0.00
     0     0      346.67      650.00        0.00
     0     0      344.00      647.33        0.00
     0     0      342.67      643.33        0.00
     0     0      341.33      638.00        0.00
     0     0      338.67      634.00        0.00
     0     0      338.67      630.00        0.00
     0     0      337.33      626.00        0.00
     0     0      336.00      622.00        0.00
     0     0      336.00      616.67        0.00
     0     0      334.67      612.67        0.00
     0     0      334.67      608.67        0.00
     0     0      336.00      604.67        0.00
     0     0      336.00      599.33        0.00
     0     0      336.00      594.00        0.00
     0     0      336.00      590.00        0.00
     0     0      336.00      584.67        0.00
     0     0      336.00      580.67        0.00
     0     0      336.00      576.67        0.00
     0     0      334.67      572.67        0.00
     0     0      334.67      568.67        0.00
     0     0      333.33      563.33        0.00
     0     0      333.33      558.00        0.00
     0     0      332.00      554.00        0.00
     0     0      330.67      550.00        0.00
     0     0      329.33      546.00        0.00
     0     0      328.00      540.67        0.00
     0     0      326.67      536.67        0.00
     0     0      325.33      532.67        0.00
     0     0      325.33      528.67        0.00
     0     0      325.33      524.67        0.00
     0     0      325.33      520.67        0.00
     0     0      325.33      516.67        0.00
     0     0      325.33      512.67        0.00
     0     0      325.33      508.67        0.00
     0     0      324.00      504.67        0.00
     0     0      324.00      500.67        0.00
     0     0      322.67      496.67        0.00
     0     0      322.67      492.67        0.00
     0     0      321.33      487.33        0.00
     0     0      304.00      439.33        0.00
     0     0      300.00      434.00        0.00
     0     0      298.67      430.00        0.00
     0     0      296.00      427.33        0.00
     0     0      294.67      423.33        0.00
     0     0      292.00      419.33        0.00
     0     0      290.67      415.33        0.00
     0     0      289.33      411.33        0.00
     0     0      286.67      408.67        0.00
     0     0      284.00      404.67        0.00
     0     0      282.67      400.67        0.00
     0     0      280.00      398.00        0.00
     0     0      277.33      395.33        0.00
     0     0      276.00      391.33        0.00
     0     0      273.33      387.33        0.00
     0     0      272.00      383.33        0.00
     0     0      270.67      379.33        0.00
     0     0      268.00      375.33        0.00
     0     0      266.67      371.33        0.00
     0     0      264.00      368.67        0.00
     0     0      262.67      364.67        0.00
     0     0      261.33      360.67        0.00
     0     0      260.00      355.33        0.00
     0     0      258.67      351.33        0.00
     0     0      257.33      347.33        0.00
     0     0      256.00      342.00        0.00
     0     0      254.67      336.67        0.00
     0     0      253.33      331.33        0.00
     0     0      252.00      327.33        0.00
     0     0      250.67      323.33        0.00
     0     0      250.67      319.33        0.00
     0     0      250.67      315.33        0.00
     0     0      250.67      310.00        0.00
     0     0      250.67      306.00        0.00
     0     0      250.67      302.00        0.00
     0     0      250.67      298.00        0.00
     0     0      252.00      294.00        0.00
     0     0      252.00      288.67        0.00
     0     0      253.33      284.67        0.00
     0     0      254.67      280.67        0.00
     0     0      256.00      276.67        0.00
     0     0      258.67      274.00        0.00
     0     0      261.33      270.00        0.00
     0     0      264.00      264.67        0.00
     0     0      266.67      262.00        0.00
     0     0      269.33      259.33        0.00
     0     0      272.00      255.33        0.00
     0     0      274.67      252.67        0.00
     0     0      277.33      250.00        0.00
     0     0      281.33      247.33        0.00
     0     0      286.67      246.00        0.00
     0     0      290.67      243.33        0.00
     0     0      296.00      243.33        0.00
     0     0      301.33      242.00        0.00
     0     0      306.67      242.00        0.00
     0     0      312.00      242.00        0.00
     0     0      317.33      242.00        0.00
     0     0      321.33      242.00        0.00
     0     0      326.67      243.33        0.00
     0     0      333.33      244.67        0.00
     0     0      338.67      244.67        0.00
     0     0      345.33      246.00        0.00
     0     0      350.67      246.00        0.00
     0     0      354.67      247.33        0.00
     0     0      360.00      248.67        0.00
     0     0      365.33      250.00        0.00
     0     0      369.33      251.33        0.00
     0     0      373.33      252.67        0.00
     0     0      377.33      254.00        0.00
     0     0      381.33      255.33        0.00
     0     0      385.33      256.67        0.00
     0     0      390.67      258.00        0.00
     0     0      394.67      259.33        0.00
     0     0      400.00      259.33        0.00
     0     0      404.00      260.67        0.00
     0     0      408.00      262.00        0.00
     0     0      412.00      262.00        0.00
     0     0      416.00      263.33        0.00
     0     0      421.33      264.67        0.00
     0     0      426.67      266.00        0.00
     0     0      429.33      268.67        0.00
     0     0      442.67      282.00        0.00
     0     0      445.33      284.67        0.00
     0     0      449.33      286.00        0.00
     0     0      452.00      288.67        0.00
     0     0      454.67      291.33        0.00
     0     0      457.33      294.00        0.00
     0     0      460.00      296.67        0.00
     0     0      462.67      299.33        0.00
     0     0      465.33      302.00        0.00
     0     0      468.00      306.00        0.00
     0     0      470.67      310.00        0.00
     0     0      473.33      312.67        0.00
     0     0      474.67      316.67        0.00
     0     0      478.67      318.00        0.00
     0     0      481.33      320.67        0.00
     0     0      484.00      323.33        0.00
     0     0      488.00      324.67        0.00
     0     0      490.67      327.33        0.00
     0     0      493.33      330.00        0.00
     0     0      497.33      331.33        0.00
     0     0      500.00      335.33        0.00
     0     0      502.67      338.00        0.00
     0     0      506.67      339.33        0.00
     0     0      509.33      342.00        0.00
     0     0      513.33      346.00        0.00
     0     0      517.33      348.67        0.00
     0     0      520.00      351.33        0.00
     0     0      522.67      354.00        0.00
     0     0      525.33      358.00        0.00
     0     0      528.00      360.67        0.00
     0     0      530.67      363.33        0.00
     0     0      533.33      366.00        0.00
     0     0      536.00      368.67        0.00
     0     0      537.33      372.67        0.00
     0     0      540.00      375.33        0.00
     0     0      541.33      379.33        0.00
     0     0      542.67      383.33        0.00
     0     0      545.33      387.33        0.00
     0     0      546.67      391.33        0.00
     0     0      546.67      395.33        0.00
     0     0      548.00      399.33        0.00
     0     0      550.67      402.00        0.00
     0     0      552.00      406.00        0.00
     0     0      552.00      410.00        0.00
     0     0      552.00      414.00        0.00
     0     0      552.00      418.00        0.00
     0     0      550.67      423.33        0.00
     0     0      550.67      427.33        0.00
     0     0      549.33      431.33        0.00
     0     0      549.33      435.33        0.00
     0     0      549.33      439.33        0.00
     0     0      549.33      443.33        0.00
     0     0      549.33      447.33        0.00
     0     0      549.33      451.33        0.00
     0     0      549.33      455.33        0.00
     0     0      548.00      459.33        0.00
     0     0      548.00      463.33        0.00
     0     0      546.67      467.33        0.00
     0     0      546.67      472.67        0.00
     0     0      546.67      476.67        0.00
     0     0      546.67      482.00        0.00
     0     0      548.00      486.00        0.00
     0     0      549.33      490.00        0.00
     0     0      549.33      494.00        0.00
     0     0      550.67      498.00        0.00
     0     0      552.00      504.67        0.00
     0     0      553.33      508.67        0.00
     0     0      553.33      512.67        0.00
     0     0      553.33      516.67        0.00
     0     0      553.33      520.67        0.00
     0     0      553.33      526.00        0.00
     0     0      553.33      530.00        0.00
     0     0      554.67      534.00        0.00
     0     0      554.67      538.00        0.00
     0     0      556.00      543.33        0.00
     0     0      556.00      547.33        0.00
     0     0      556.00      551.33        0.00
     0     0      556.00      555.33        0.00
     0     0      557.33      559.33        0.00
     0     0      557.33      563.33        0.00
     0     0      558.67      567.33        0.00
     0     0      558.67      571.33        0.00
     0     0      558.67      576.67        0.00
     0     0      560.00      580.67        0.00
     0     0      561.33      584.67        0.00
     0     0      561.33      588.67        0.00
     0     0      562.67      592.67        0.00
     0     0      564.00      596.67        0.00
     0     0      565.33      600.67        0.00
     0     0      568.00      603.33        0.00
     0     0      570.67      607.33        0.00
     0     0      573.33      610.00        0.00
     0     0      576.00      614.00        0.00
     0     0      578.67      616.67        0.00
     0     0      581.33      619.33        0.00
     0     0      585.33      620.67        0.00
     0     0      590.67      622.00        0.00
     0     0      594.67      623.33        0.00
     0     0      600.00      624.67        0.00
     0     0      604.00      626.00        0.00
     0     0      608.00      627.33        0.00
     0     0      610.67      630.00        0.00
     0     0      614.67      631.33        0.00
     0     0      618.67      632.67        0.00
     0     0      622.67      634.00        0.00
     0     0      626.67      635.33        0.00
     0     0      632.00      635.33        0.00
     0     0      636.00      636.67        0.00
     0     0      641.33      636.67        0.00
     0     0      645.33      638.00        0.00
     0     0      649.33      638.00        0.00
     0     0      653.33      638.00        0.00
     0     0      658.67      638.00        0.00
     0     0      665.33      638.00        0.00
     0     0      672.00      638.00        0.00
     0     0      676.00      638.00        0.00
     0     0      680.00      636.67        0.00
     0     0      685.33      636.67        0.00
     0     0      689.33      635.33        0.00
     0     0      693.33      634.00        0.00
     0     0      696.00      631.33        0.00
     0     0      701.33      630.00        0.00
     0     0      705.33      627.33        0.00
     0     0      710.67      626.00        0.00
     0     0      714.67      624.67        0.00
     0     0      717.33      622.00        0.00
     0     0      721.33      619.33        0.00
     0     0      725.33      618.00        0.00
     0     0      728.00      615.33        0.00
     0     0      732.00      612.67        0.00
     0     0      736.00      610.00        0.00
     0     0      741.33      608.67        0.00
     0     0      744.00      606.00        0.00
     0     0      748.00      603.33        0.00
     0     0      750.67      600.67        0.00
     0     0      752.00      596.67        0.00
     0     0      753.33      592.67        0.00
     0     0      754.67      588.67        0.00
     0     0      757.33      586.00        0.00
     0     0      760.00      582.00        0.00
     0     0      762.67      578.00        0.00
     0     0      764.00      574.00        0.00
     0     0      766.67      570.00        0.00
     0     0      769.33      566.00        0.00
     0     0      770.67      562.00        0.00
     0     0      773.33      558.00        0.00
     0     0      777.33      551.33        0.00
     0     0      781.33      547.33        0.00
     0     0      784.00      543.33        0.00
     0     0      786.67      540.67        0.00
     0     0      789.33      536.67        0.00
     0     0      792.00      531.33        0.00
     0     0      797.33      527.33        0.00
     0     0      801.33      524.67        0.00
     0     0      802.67      520.67        0.00
     0     0      804.00      515.33        0.00
     0     0      805.33      511.33        0.00
     0     0      805.33      507.33        0.00
     0     0      805.33      502.00        0.00
     0     0      806.67      498.00        0.00
     0     0      808.00      494.00        0.00
     0     0      809.33      490.00        0.00
     0     0      813.33      486.00        0.00
     0     0      816.00      482.00        0.00
     0     0      818.67      476.67        0.00
     0     0      822.67      471.33        0.00
     0     0      828.00      466.00        0.00
     0     0      830.67      462.00        0.00
     0     0      833.33      456.67        0.00
     0     0      840.00      451.33        0.00
     0     0      844.00      448.67        0.00
     0     0      846.67      446.00        0.00
     0     0      852.00      442.00        0.00
     0     0      856.00      438.00        0.00
     0     0      861.33      434.00        0.00
     0     0      864.00      431.33        0.00
     0     0      866.67      427.33        0.00
     0     0      870.67      424.67        0.00
     0     0      874.67      422.00        0.00
     0     0      878.67      419.33        0.00
     0     0      881.33      415.33        0.00
     0     0      885.33      412.67        0.00
     0     0      889.33      411.33        0.00
     0     0      894.67      408.67        0.00
     0     0      901.33      406.00        0.00
     0     0      905.33      403.33        0.00
     0     0      909.33      400.67        0.00
     0     0      914.67      399.33        0.00
     0     0      920.00      398.00        0.00
     0     0      926.67      396.67        0.00
     0     0      930.67      396.67        0.00
     0     0      936.00      396.67        0.00
     0     0      940.00      396.67        0.00
     0     0      945.33      396.67        0.00
     0     0      952.00      395.33        0.00
     0     0      956.00      395.33        0.00
     0     0      960.00      395.33        0.00
     0     0      964.00      396.67        0.00
     0     0      968.00      398.00        0.00
     0     0      972.00      399.33        0.00
     0     0      976.00      400.67        0.00
     0     0      981.33      403.33        0.00
     0     0      985.33      404.67        0.00
     0     0      989.33      407.33        0.00
     0     0      993.33      410.00        0.00
     0     0      996.00      412.67        0.00
     0     0     1000.00      415.33        0.00
     0     0     1002.67      419.33        0.00
     0     0     1005.33      424.67        0.00
     0     0     1008.00      428.67        0.00
     0     0     1010.67      434.00        0.00
     0     0     1012.00      438.00        0.00
     0     0     1013.33      442.00        0.00
     0     0     1013.33      446.00        0.00
     0     0     1014.67      450.00        0.00
     0     0     1014.67      455.33        0.00
     0     0     1014.67      460.67        0.00
     0     0     1014.67      466.00        0.00
     0     0     1014.67      470.00        0.00
     0     0     1013.33      475.33        0.00
     0     0     1009.33      482.00        0.00
     0     0     1008.00      486.00        0.00
     0     0     1006.67      490.00        0.00
     0     0     1005.33      494.00        0.00
     0     0     1002.67      499.33        0.00
     0     0     1001.33      503.33        0.00
     0     0     1000.00      508.67        0.00
     0     0      997.33      514.00        0.00
     0     0      994.67      518.00        0.00
     0     0      993.33      522.00        0.00
     0     0      989.33      527.33        0.00
     0     0      986.67      531.33        0.00
     0     0      984.00      534.00        0.00
     0     0      981.33      536.67        0.00
     0     0      977.33      539.33        0.00
     0     0      973.33      542.00        0.00
     0     0      970.67      544.67        0.00
     0     0      966.67      546.00        0.00
     0     0      964.00      548.67        0.00
     0     0      961.33      551.33        0.00
     0     0      958.67      554.00        0.00
     0     0      956.00      558.00        0.00
     0     0      953.33      560.67        0.00
     0     0      952.00      564.67        0.00
     0     0      949.33      567.33        0.00
     0     0      946.67      571.33        0.00
     0     0      944.00      574.00        0.00
     0     0      941.33      576.67        0.00
     0     0      938.67      579.33        0.00
     0     0      936.00      582.00        0.00
     0     0      933.33      584.67        0.00
     0     0      930.67      587.33        0.00
     0     0      928.00      590.00        0.00
     0     0      925.33      595.33        0.00
     0     0      922.67      599.33        0.00
     0     0      920.00      603.33        0.00
     0     0      917.33      606.00        0.00
     0     0      914.67      608.67        0.00
     0     0      912.00      611.33        0.00
     0     0      909.33      614.00        0.00
     0     0      906.67      616.67        0.00
     0     0      902.67      620.67        0.00
     0     0      900.00      624.67        0.00
     0     0      897.33      627.33        0.00
     0     0      894.67      630.00        0.00
     0     0      878.67      650.00        0.00
     0     0      876.00      652.67        0.00
     0     0      873.33      655.33        0.00
     0     0      870.67      658.00        0.00
     0     0      868.00      660.67        0.00
     0     0      864.00      663.33        0.00
     0     0      860.00      666.00        0.00
     0     0      857.33      668.67        0.00
     0     0      854.67      671.33        0.00
     0     0      850.67      674.00        0.00
     0     0      846.67      676.67        0.00
     0     0      842.67      679.33        0.00
     0     0      840.00      682.00        0.00
     0     0      837.33      684.67        0.00
     0     0      834.67      687.33        0.00
     0     0      830.67      691.33        0.00
     0     0      828.00      694.00        0.00
     0     0      825.33      696.67        0.00
     0     0      822.67      699.33        0.00
     0     0      820.00      702.00        0.00
     0     0      816.00      704.67        0.00
     0     0      813.33      707.33        0.00
     0     0      810.67      710.00        0.00
     0     0      806.67      712.67        0.00
     0     0      804.00      715.33        0.00
     0     0      800.00      718.00        0.00
     0     0      794.67      720.67        0.00
     0     0      790.67      724.67        0.00
     0     0      788.00      727.33        0.00
     0     0      784.00      728.67        0.00
     0     0      780.00      731.33        0.00
     0     0      776.00      734.00        0.00
     0     0      773.33      736.67        0.00
     0     0      769.33      740.67        0.00
     0     0      766.67      744.67        0.00
     0     0      764.00      747.33        0.00
     0     0      761.33      751.33        0.00
     0     0      757.33      754.00        0.00
     0     0      754.67      758.00        0.00
     0     0      750.67      759.33        0.00
     0     0      746.67      760.67        0.00
     0     0      744.00      763.33        0.00
     0     0      740.00      764.67        0.00
     0     0      737.33      767.33        0.00
     0     0      733.33      768.67        0.00
     0     0      730.67      771.33        0.00
     0     0      728.00      774.00        0.00
     0     0      725.33      776.67        0.00
     0     0      722.67      779.33        0.00
     0     0      718.67      780.67        0.00
     0     0      716.00      783.33        0.00
     0     0      712.00      786.00        0.00
     0     0      708.00      787.33        0.00
     0     0      704.00      788.67        0.00
     0     0      698.67      790.00        0.00
     0     0      694.67      790.00        0.00
     0     0      690.67      792.67        0.00
     0     0      686.67      794.00        0.00
     0     0      684.00      796.67        0.00
     0     0      680.00      799.33        0.00
