     0     0       10.00      830.00        0.00
     0     0        7.00      829.00        0.00
     0     0        6.00      824.00        0.00
     0     0        5.00      820.00        0.00
     0     0        5.00      814.00        0.00
     0     0        5.00      810.00        0.00
     0     0        6.00      806.00        0.00
     0     0        7.00      802.00        0.00
     0     0        8.00      798.00        0.00
     0     0       11.00      795.00        0.00
     0     0       13.00      792.00        0.00
     0     0       16.00      789.00        0.00
     0     0       19.00      785.00        0.00
     0     0       22.00      782.00        0.00
     0     0       24.00      779.00        0.00
     0     0       26.00      776.00        0.00
     0     0       27.00      773.00        0.00
     0     0       29.00      770.00        0.00
     0     0       31.00      767.00        0.00
     0     0       33.00      764.00        0.00
     0     0       35.00      761.00        0.00
     0     0       38.00      757.00        0.00
     0     0       41.00      755.00        0.00
     0     0       43.00      752.00        0.00
     0     0       46.00      750.00        0.00
     0     0       48.00      746.00        0.00
     0     0       51.00      743.00        0.00
     0     0       54.00      741.00        0.00
     0     0       57.00      738.00        0.00
     0     0       60.00      737.00        0.00
     0     0       63.00      735.00        0.00
     0     0       66.00      733.00        0.00
     0     0       70.00      732.00        0.00
     0     0       74.00      730.00        0.00
     0     0       77.00      728.00        0.00
     0     0       80.00      727.00        0.00
     0     0       83.00      725.00        0.00
     0     0       86.00      724.00        0.00
     0     0       89.00      723.00        0.00
     0     0       92.00      722.00        0.00
     0     0       97.00      720.00        0.00
     0     0      101.00      720.00        0.00
     0     0      107.00      718.00        0.00
     0     0      113.00      717.00        0.00
     0     0      121.00      716.00        0.00
     0     0      124.00      714.00        0.00
     0     0      127.00      713.00        0.00
     0     0      130.00      711.00        0.00
     0     0      133.00      710.00        0.00
     0     0      138.00      710.00        0.00
     0     0      141.00      709.00        0.00
     0     0      145.00      709.00        0.00
     0     0      149.00      709.00        0.00
     0     0      153.00      710.00        0.00
     0     0      156.00      711.00        0.00
     0     0      160.00      712.00        0.00
     0     0      163.00      714.00        0.00
     0     0      167.00      716.00        0.00
     0     0      170.00      717.00        0.00
     0     0      173.00      718.00        0.00
     0     0      176.00      719.00        0.00
     0     0      180.00      721.00        0.00
     0     0      184.00      722.00        0.00
     0     0      188.00      724.00        0.00
     0     0      192.00      725.00        0.00
     0     0      198.00      727.00        0.00
     0     0      202.00      729.00        0.00
     0     0      206.00      731.00        0.00
     0     0      210.00      733.00        0.00
     0     0      214.00      735.00        0.00
     0     0      218.00      737.00        0.00
     0     0      223.00      740.00        0.00
     0     0      226.00      743.00        0.00
     0     0      229.00      745.00        0.00
     0     0      232.00      748.00        0.00
     0     0      235.00      751.00        0.00
     0     0      237.00      754.00        0.00
     0     0      240.00      758.00        0.00
     0     0      241.00      761.00        0.00
     0     0      245.00      766.00        0.00
     0     0      247.00      770.00        0.00
     0     0      249.00      775.00        0.00
     0     0      251.00      780.00        0.00
     0     0      253.00      784.00        0.00
     0     0      256.00      788.00        0.00
     0     0      257.00      792.00        0.00
     0     0      259.00      796.00        0.00
     0     0      259.00      800.00        0.00
     0     0      260.00      804.00        0.00
     0     0      259.00      810.00        0.00
     0     0      258.00      813.00        0.00
     0     0      257.00      816.00        0.00
     0     0      256.00      819.00        0.00
     0     0      255.00      822.00        0.00
     0     0      254.00      825.00        0.00
     0     0      253.00      828.00        0.00
     0     0      251.00      831.00        0.00
     0     0      250.00      834.00        0.00
     0     0      248.00      837.00        0.00
     0     0      246.00      840.00        0.00
     0     0      243.00      843.00        0.00
     0     0      240.00      844.00        0.00
     0     0      235.00      848.00        0.00
     0     0      230.00      850.00        0.00
     0     0      227.00      852.00        0.00
     0     0      223.00      854.00        0.00
     0     0      220.00      855.00        0.00
     0     0      215.00      856.00        0.00
     0     0      212.00      857.00        0.00
     0     0      207.00      859.00        0.00
     0     0      203.00      860.00        0.00
     0     0      199.00      861.00        0.00
     0     0      194.00      863.00        0.00
     0     0      190.00      864.00        0.00
     0     0      185.00      866.00        0.00
     0     0      181.00      868.00        0.00
     0     0      176.00      871.00        0.00
     0     0      171.00      873.00        0.00
     0     0      167.00      875.00        0.00
     0     0      163.00      877.00        0.00
     0     0      158.00      879.00        0.00
     0     0      154.00      881.00        0.00
     0     0      150.00      883.00        0.00
     0     0      147.00      884.00        0.00
     0     0      144.00      886.00        0.00
     0     0      141.00      888.00        0.00
     0     0      136.00      889.00        0.00
     0     0      133.00      890.00        0.00
     0     0      130.00      891.00        0.00
     0     0      125.00      891.00        0.00
     0     0      121.00      892.00        0.00
     0     0      117.00      892.00        0.00
     0     0      112.00      892.00        0.00
     0     0      107.00      892.00        0.00
     0     0      102.00      892.00        0.00
     0     0       99.00      891.00        0.00
     0     0       93.00      891.00        0.00
     0     0       89.00      891.00        0.00
     0     0       85.00      891.00        0.00
     0     0       81.00      889.00        0.00
     0     0       77.00      888.00        0.00
     0     0       73.00      885.00        0.00
     0     0       69.00      883.00        0.00
     0     0       65.00      880.00        0.00
     0     0       61.00      878.00        0.00
     0     0       56.00      874.00        0.00
     0     0       53.00      872.00        0.00
     0     0       50.00      869.00        0.00
     0     0       46.00      866.00        0.00
     0     0       43.00      864.00        0.00
     0     0       39.00      862.00        0.00
     0     0       37.00      859.00        0.00
     0     0       34.00      858.00        0.00
     0     0       31.00      856.00        0.00
     0     0       28.00      853.00        0.00
     0     0       25.00      851.00        0.00
     0     0       22.00      849.00        0.00
     0     0       23.00      846.00        0.00
     0     1      271.00      437.00        0.00
     0     1      273.00      442.00        0.00
     0     1      275.00      445.00        0.00
     0     1      278.00      448.00        0.00
     0     1      281.00      451.00        0.00
     0     1      283.00      454.00        0.00
     0     1      287.00      457.00        0.00
     0     1      291.00      459.00        0.00
     0     1      294.00      462.00        0.00
     0     1      297.00      464.00        0.00
     0     1      299.00      467.00        0.00
     0     1      301.00      470.00        0.00
     0     1      304.00      473.00        0.00
     0     1      307.00      477.00        0.00
     0     1      311.00      481.00        0.00
     0     1      314.00      484.00        0.00
     0     1      317.00      486.00        0.00
     0     1      321.00      491.00        0.00
     0     1      323.00      494.00        0.00
     0     1      326.00      497.00        0.00
     0     1      329.00      501.00        0.00
     0     1      330.00      504.00        0.00
     0     1      332.00      507.00        0.00
     0     1      336.00      511.00        0.00
     0     1      339.00      515.00        0.00
     0     1      342.00      518.00        0.00
     0     1      346.00      521.00        0.00
     0     1      350.00      524.00        0.00
     0     1      354.00      527.00        0.00
     0     1      357.00      530.00        0.00
     0     1      360.00      533.00        0.00
     0     1      365.00      536.00        0.00
     0     1      368.00      539.00        0.00
     0     1      371.00      542.00        0.00
     0     1      375.00      544.00        0.00
     0     1      379.00      547.00        0.00
     0     1      384.00      550.00        0.00
     0     1      390.00      554.00        0.00
     0     1      393.00      557.00        0.00
     0     1      398.00      560.00        0.00
     0     1      402.00      563.00        0.00
     0     1      405.00      566.00        0.00
     0     1      408.00      569.00        0.00
     0     1      411.00      572.00        0.00
     0     1      415.00      574.00        0.00
     0     1      418.00      576.00        0.00
     0     1      421.00      578.00        0.00
     0     1      426.00      580.00        0.00
     0     1      429.00      582.00        0.00
     0     1      433.00      585.00        0.00
     0     1      436.00      586.00        0.00
     0     1      439.00      589.00        0.00
     0     1      443.00      591.00        0.00
     0     1      447.00      594.00        0.00
     0     1      453.00      598.00        0.00
     0     1      456.00      600.00        0.00
     0     1      461.00      602.00        0.00
     0     1      468.00      606.00        0.00
     0     1      471.00      608.00        0.00
     0     1      474.00      610.00        0.00
     0     1      477.00      612.00        0.00
     0     1      482.00      614.00        0.00
     0     1      487.00      616.00        0.00
     0     1      490.00      617.00        0.00
     0     1      495.00      618.00        0.00
     0     1      499.00      620.00        0.00
     0     1      502.00      622.00        0.00
     0     1      507.00      624.00        0.00
     0     1      511.00      626.00        0.00
     0     1      514.00      627.00        0.00
     0     1      518.00      629.00        0.00
     0     1      523.00      630.00        0.00
     0     1      526.00      631.00        0.00
     0     1      530.00      632.00        0.00
     0     1      535.00      633.00        0.00
     0     1      538.00      634.00        0.00
     0     1      542.00      635.00        0.00
     0     1      547.00      636.00        0.00
     0     1      551.00      637.00        0.00
     0     1      556.00      638.00        0.00
     0     1      560.00      639.00        0.00
     0     1      564.00      639.00        0.00
     0     1      569.00      640.00        0.00
     0     1      572.00      641.00        0.00
     0     1      576.00      641.00        0.00
     0     1      581.00      642.00        0.00
     0     1      587.00      644.00        0.00
     0     1      591.00      644.00        0.00
     0     1      594.00      645.00        0.00
     0     1      597.00      647.00        0.00
     0     1      600.00      648.00        0.00
     0     1      604.00      649.00        0.00
     0     1      608.00      651.00        0.00
     0     1      611.00      652.00        0.00
     0     1      615.00      653.00        0.00
     0     1      619.00      654.00        0.00
     0     1      623.00      655.00        0.00
     0     1      627.00      657.00        0.00
     0     1      630.00      659.00        0.00
     0     1      633.00      660.00        0.00
     0     1      636.00      663.00        0.00
     0     1      639.00      665.00        0.00
     0     1      642.00      667.00        0.00
     0     1      645.00      668.00        0.00
     0     1      648.00      671.00        0.00
     0     1      651.00      674.00        0.00
     0     1      654.00      676.00        0.00
     0     1      657.00      679.00        0.00
     0     1      660.00      681.00        0.00
     0     1      663.00      682.00        0.00
     0     1      666.00      685.00        0.00
     0     1      671.00      688.00        0.00
     0     1      674.00      690.00        0.00
     0     1      678.00      693.00        0.00
     0     1      681.00      694.00        0.00
     0     1      684.00      696.00        0.00
     0     1      689.00      698.00        0.00
     0     1      693.00      699.00        0.00
     0     1      697.00      700.00        0.00
     0     1      701.00      702.00        0.00
     0     1      705.00      704.00        0.00
     0     1      708.00      705.00        0.00
     0     1      711.00      706.00        0.00
     0     1      714.00      709.00        0.00
     0     1      719.00      711.00        0.00
     0     1      724.00      714.00        0.00
     0     1      728.00      715.00        0.00
     0     1      731.00      716.00        0.00
     0     1      735.00      719.00        0.00
     0     1      738.00      720.00        0.00
     0     1      742.00      723.00        0.00
     0     1      746.00      724.00        0.00
     0     1      749.00      726.00        0.00
     0     1      752.00      728.00        0.00
     0     1      755.00      731.00        0.00
     0     1      759.00      734.00        0.00
     0     1      763.00      737.00        0.00
     0     1      766.00      739.00        0.00
     0     1      769.00      742.00        0.00
     0     1      773.00      744.00        0.00
     0     1      776.00      746.00        0.00
     0     1      779.00      748.00        0.00
     0     1      784.00      752.00        0.00
     0     1      804.00      765.00        0.00
     0     1      806.00      768.00        0.00
     0     1      807.00      771.00        0.00
     0     1      810.00      774.00        0.00
     0     1      813.00      777.00        0.00
     0     1      816.00      780.00        0.00
     0     1      818.00      783.00        0.00
     0     1      822.00      786.00        0.00
     0     1      824.00      789.00        0.00
     0     1      826.00      792.00        0.00
     0     1      829.00      795.00        0.00
     0     1      832.00      797.00        0.00
     0     1      835.00      800.00        0.00
     0     1      838.00      802.00        0.00
     0     1      841.00      804.00        0.00
     0     1      845.00      806.00        0.00
     0     1      848.00      807.00        0.00
     0     1      852.00      808.00        0.00
     0     1      855.00      809.00        0.00
     0     1      859.00      810.00        0.00
     0     1      863.00      811.00        0.00
     0     1      867.00      813.00        0.00
     0     1      871.00      814.00        0.00
     0     1      875.00      815.00        0.00
     0     1      878.00      816.00        0.00
     0     1      882.00      817.00        0.00
     0     1      886.00      818.00        0.00
     0     1      889.00      819.00        0.00
     0     1      892.00      821.00        0.00
     0     1      895.00      822.00        0.00
     0     1      898.00      823.00        0.00
     0     1      902.00      824.00        0.00
     0     1      906.00      824.00        0.00
     0     1      910.00      825.00        0.00
     0     1      914.00      825.00        0.00
     0     1      918.00      826.00        0.00
     0     1      922.00      826.00        0.00
     0     1      926.00      826.00        0.00
     0     1      930.00      827.00        0.00
     0     1      934.00      827.00        0.00
     0     1      938.00      828.00        0.00
     0     1      942.00      828.00        0.00
     0     1      946.00      828.00        0.00
     0     1      952.00      828.00        0.00
     0     1      956.00      827.00        0.00
     0     1      959.00      826.00        0.00
     0     1      963.00      825.00        0.00
     0     1      967.00      823.00        0.00
     0     1      970.00      822.00        0.00
     0     1      974.00      820.00        0.00
     0     1      977.00      819.00        0.00
     0     1      980.00      817.00        0.00
     0     1      983.00      815.00        0.00
     0     1      986.00      813.00        0.00
     0     1      989.00      811.00        0.00
     0     1      993.00      808.00        0.00
     0     1      997.00      805.00        0.00
     0     1     1000.00      803.00        0.00
     0     1     1003.00      799.00        0.00
     0     1     1004.00      796.00        0.00
     0     1     1007.00      793.00        0.00
     0     1     1008.00      790.00        0.00
     0     1     1009.00      787.00        0.00
     0     1     1010.00      784.00        0.00
     0     1     1012.00      780.00        0.00
     0     1     1013.00      777.00        0.00
     0     1     1015.00      773.00        0.00
     0     1     1016.00      770.00        0.00
     0     1     1019.00      767.00        0.00
     0     1     1021.00      764.00        0.00
     0     1     1022.00      761.00        0.00
     0     1     1024.00      757.00        0.00
     0     1     1026.00      753.00        0.00
     0     1     1027.00      749.00        0.00
     0     1     1028.00      745.00        0.00
     0     1     1029.00      742.00        0.00
     0     1     1030.00      739.00        0.00
     0     1     1030.00      735.00        0.00
     0     1     1030.00      731.00        0.00
     0     1     1030.00      726.00        0.00
     0     1     1029.00      722.00        0.00
     0     1     1028.00      718.00        0.00
     0     1     1028.00      714.00        0.00
     0     1     1027.00      709.00        0.00
     0     1     1027.00      702.00        0.00
     0     1     1026.00      699.00        0.00
     0     1     1026.00      694.00        0.00
     0     1     1025.00      690.00        0.00
     0     1     1024.00      687.00        0.00
     0     1     1023.00      683.00        0.00
     0     1     1022.00      680.00        0.00
     0     1     1021.00      675.00        0.00
     0     1     1020.00      672.00        0.00
     0     1     1018.00      668.00        0.00
     0     1     1016.00      665.00        0.00
     0     1     1014.00      662.00        0.00
     0     1     1012.00      659.00        0.00
     0     1     1009.00      657.00        0.00
     0     1     1006.00      654.00        0.00
     0     1     1004.00      651.00        0.00
     0     1     1001.00      648.00        0.00
     0     1      999.00      645.00        0.00
     0     1      997.00      642.00        0.00
     0     1      993.00      639.00        0.00
     0     1      990.00      636.00        0.00
     0     1      986.00      631.00        0.00
     0     1      983.00      628.00        0.00
     0     1      981.00      625.00        0.00
     0     1      977.00      622.00        0.00
     0     1      972.00      618.00        0.00
     0     1      967.00      615.00        0.00
     0     1      964.00      612.00        0.00
     0     1      959.00      609.00        0.00
     0     1      954.00      607.00        0.00
     0     1      949.00      604.00        0.00
     0     1      944.00      601.00        0.00
     0     1      939.00      599.00        0.00
     0     1      935.00      596.00        0.00
     0     1      931.00      594.00        0.00
     0     1      928.00      592.00        0.00
     0     1      924.00      590.00        0.00
     0     1      921.00      589.00        0.00
     0     1      916.00      587.00        0.00
     0     1      912.00      586.00        0.00
     0     1      908.00      585.00        0.00
     0     1      903.00      584.00        0.00
     0     1      899.00      584.00        0.00
     0     1      896.00      583.00        0.00
     0     1      891.00      583.00        0.00
     0     1      886.00      583.00        0.00
     0     1      883.00      582.00        0.00
     0     1      879.00      582.00        0.00
     0     1      873.00      582.00        0.00
     0     1      867.00      582.00        0.00
     0     1      863.00      582.00        0.00
     0     1      856.00      582.00        0.00
     0     1      851.00      581.00        0.00
     0     1      848.00      580.00        0.00
     0     1      843.00      579.00        0.00
     0     1      838.00      578.00        0.00
     0     1      834.00      576.00        0.00
     0     1      830.00      575.00        0.00
     0     1      826.00      573.00        0.00
     0     1      823.00      572.00        0.00
     0     1      819.00      569.00        0.00
     0     1      816.00      567.00        0.00
     0     1      813.00      565.00        0.00
     0     1      810.00      563.00        0.00
     0     1      807.00      561.00        0.00
     0     1      804.00      559.00        0.00
     0     1      801.00      557.00        0.00
     0     1      798.00      555.00        0.00
     0     1      795.00      553.00        0.00
     0     1      793.00      550.00        0.00
     0     1      790.00      549.00        0.00
     0     1      787.00      546.00        0.00
     0     1      784.00      543.00        0.00
     0     1      781.00      540.00        0.00
     0     1      777.00      536.00        0.00
     0     1      774.00      534.00        0.00
     0     1      770.00      530.00        0.00
     0     1      767.00      528.00        0.00
     0     1      764.00      526.00        0.00
     0     1      760.00      524.00        0.00
     0     1      757.00      523.00        0.00
     0     1      753.00      523.00        0.00
     0     1      748.00      523.00        0.00
     0     1      743.00      523.00        0.00
     0     1      738.00      523.00        0.00
     0     1      733.00      524.00        0.00
     0     1      728.00      524.00        0.00
     0     1      724.00      524.00        0.00
     0     1      719.00      524.00        0.00
     0     1      715.00      524.00        0.00
     0     1      711.00      523.00        0.00
     0     1      706.00      523.00        0.00
     0     1      702.00      522.00        0.00
     0     1      699.00      521.00        0.00
     0     1      695.00      521.00        0.00
     0     1      691.00      520.00        0.00
     0     1      688.00      519.00        0.00
     0     1      684.00      517.00        0.00
     0     1      679.00      516.00        0.00
     0     1      674.00      515.00        0.00
     0     1      670.00      514.00        0.00
     0     1      667.00      513.00        0.00
     0     1      663.00      513.00        0.00
     0     1      660.00      512.00        0.00
     0     1      656.00      512.00        0.00
     0     1      652.00      512.00        0.00
     0     1      648.00      512.00        0.00
     0     1      645.00      511.00        0.00
     0     1      640.00      511.00        0.00
     0     1      636.00      510.00        0.00
     0     1      633.00      509.00        0.00
     0     1      629.00      508.00        0.00
     0     1      625.00      507.00        0.00
     0     1      621.00      506.00        0.00
     0     1      616.00      505.00        0.00
     0     1      611.00      504.00        0.00
     0     1      605.00      503.00        0.00
     0     1      600.00      503.00        0.00
     0     1      596.00      501.00        0.00
     0     1      592.00      500.00        0.00
     0     1      588.00      499.00        0.00
     0     1      583.00      498.00        0.00
     0     1      580.00      497.00        0.00
     0     1      576.00      495.00        0.00
     0     1      573.00      494.00        0.00
     0     1      569.00      491.00        0.00
     0     1      566.00      489.00        0.00
     0     1      564.00      486.00        0.00
     0     1      560.00      483.00        0.00
     0     1      558.00      480.00        0.00
     0     1      555.00      477.00        0.00
     0     1      552.00      475.00        0.00
     0     1      550.00      472.00        0.00
     0     1      546.00      469.00        0.00
     0     1      543.00      466.00        0.00
     0     1      540.00      464.00        0.00
     0     1      537.00      460.00        0.00
     0     1      534.00      457.00        0.00
     0     1      531.00      454.00        0.00
     0     1      528.00      451.00        0.00
     0     1      525.00      449.00        0.00
     0     1      521.00      446.00        0.00
     0     1      517.00      442.00        0.00
     0     1      515.00      439.00        0.00
     0     1      513.00      434.00        0.00
     0     1      511.00      431.00        0.00
     0     1      509.00      428.00        0.00
     0     1      507.00      423.00        0.00
     0     1      505.00      420.00        0.00
     0     1      504.00      417.00        0.00
     0     1      502.00      414.00        0.00
     0     1      499.00      410.00        0.00
     0     1      496.00      407.00        0.00
     0     1      493.00      405.00        0.00
     0     1      491.00      402.00        0.00
     0     1      487.00      399.00        0.00
     0     1      484.00      398.00        0.00
     0     1      481.00      396.00        0.00
     0     1      478.00      395.00        0.00
     0     1      466.00      388.00        0.00
     0     1      458.00      387.00        0.00
     0     1      454.00      386.00        0.00
     0     1      450.00      383.00        0.00
     0     1      447.00      380.00        0.00
     0     1      443.00      377.00        0.00
     0     1      441.00      374.00        0.00
     0     1      438.00      371.00        0.00
     0     1      436.00      368.00        0.00
     0     1      432.00      363.00        0.00
     0     1      429.00      359.00        0.00
     0     1      428.00      354.00        0.00
     0     1      425.00      349.00        0.00
     0     1      422.00      344.00        0.00
     0     1      418.00      339.00        0.00
     0     1      416.00      335.00        0.00
     0     1      413.00      330.00        0.00
     0     1      410.00      325.00        0.00
     0     1      407.00      322.00        0.00
     0     1      405.00      318.00        0.00
     0     1      402.00      315.00        0.00
     0     1      398.00      311.00        0.00
     0     1      396.00      308.00        0.00
     0     1      393.00      305.00        0.00
     0     1      389.00      300.00        0.00
     0     1      387.00      296.00        0.00
     0     1      385.00      293.00        0.00
     0     1      384.00      290.00        0.00
     0     1      383.00      287.00        0.00
     0     1      381.00      284.00        0.00
     0     1      380.00      281.00        0.00
     0     1      379.00      278.00        0.00
     0     1      376.00      275.00        0.00
     0     1      374.00      272.00        0.00
     0     1      371.00      270.00        0.00
     0     1      368.00      267.00        0.00
     0     1      366.00      264.00        0.00
     0     1      363.00      261.00        0.00
     0     1      359.00      258.00        0.00
     0     1      356.00      256.00        0.00
     0     1      353.00      253.00        0.00
     0     1      350.00      251.00        0.00
     0     1      347.00      248.00        0.00
     0     1      344.00      246.00        0.00
     0     1      338.00      244.00        0.00
     0     1      335.00      243.00        0.00
     0     1      330.00      243.00        0.00
     0     1      324.00      243.00        0.00
     0     1      319.00      243.00        0.00
     0     1      312.00      243.00        0.00
     0     1      304.00      244.00        0.00
     0     1      296.00      246.00        0.00
     0     1      293.00      247.00        0.00
     0     1      290.00      249.00        0.00
     0     1      286.00      251.00        0.00
     0     1      282.00      253.00        0.00
     0     1      278.00      256.00        0.00
     0     1      274.00      259.00        0.00
     0     1      271.00      262.00        0.00
     0     1      267.00      265.00        0.00
     0     1      264.00      267.00        0.00
     0     1      260.00      270.00        0.00
     0     1      258.00      273.00        0.00
     0     1      255.00      277.00        0.00
     0     1      252.00      279.00        0.00
     0     1      250.00      282.00        0.00
     0     1      247.00      285.00        0.00
     0     1      244.00      288.00        0.00
     0     1      240.00      292.00        0.00
     0     1      238.00      295.00        0.00
     0     1      235.00      299.00        0.00
     0     1      232.00      302.00        0.00
     0     1      230.00      305.00        0.00
     0     1      227.00      308.00        0.00
     0     1      225.00      311.00        0.00
     0     1      224.00      314.00        0.00
     0     1      223.00      317.00        0.00
     0     1      222.00      320.00        0.00
     0     1      221.00      323.00        0.00
     0     1      221.00      327.00        0.00
     0     1      221.00      331.00        0.00
     0     1      222.00      336.00        0.00
     0     1      223.00      341.00        0.00
     0     1      224.00      344.00        0.00
     0     1      225.00      349.00        0.00
     0     1      227.00      352.00        0.00
     0     1      230.00      357.00        0.00
     0     1      232.00      360.00        0.00
     0     1      235.00      363.00        0.00
     0     1      236.00      366.00        0.00
     0     1      237.00      369.00        0.00
     0     1      239.00      372.00        0.00
     0     1      241.00      375.00        0.00
     0     1      243.00      378.00        0.00
     0     1      244.00      381.00        0.00
     0     1      245.00      384.00        0.00
     0     1      248.00      389.00        0.00
     0     1      249.00      392.00        0.00
     0     1      250.00      395.00        0.00
     0     1      251.00      399.00        0.00
     0     1      253.00      402.00        0.00
     0     1      255.00      405.00        0.00
     0     1      256.00      408.00        0.00
     0     1      257.00      413.00        0.00
     0     1      258.00      417.00        0.00
