     0     0      442.67      565.33        0.00
     0     0      441.33      568.67        0.00
     0     0      441.33      572.00        0.00
     0     0      442.00      575.33        0.00
     0     0      443.33      579.33        0.00
     0     0      444.00      583.33        0.00
     0     0      445.33      586.67        0.00
     0     0      446.00      590.67        0.00
     0     0      447.33      594.67        0.00
     0     0      448.67      598.67        0.00
     0     0      450.67      602.00        0.00
     0     0      452.67      606.00        0.00
     0     0      454.67      609.33        0.00
     0     0      457.33      612.00        0.00
     0     0      459.33      614.67        0.00
     0     0      461.33      617.33        0.00
     0     0      464.00      619.33        0.00
     0     0      466.00      622.00        0.00
     0     0      468.67      624.00        0.00
     0     0      471.33      626.67        0.00
     0     0      474.67      628.00        0.00
     0     0      478.00      630.00        0.00
     0     0      482.00      631.33        0.00
     0     0      486.00      632.00        0.00
     0     0      490.67      633.33        0.00
     0     0      495.33      634.00        0.00
     0     0      498.67      634.67        0.00
     0     0      503.33      635.33        0.00
     0     0      508.67      636.00        0.00
     0     0      512.67      636.67        0.00
     0     0      516.67      638.00        0.00
     0     0      520.00      638.67        0.00
     0     0      523.33      639.33        0.00
     0     0      526.67      640.00        0.00
     0     0      530.67      641.33        0.00
     0     0      534.00      641.33        0.00
     0     0      537.33      642.00        0.00
     0     0      541.33      642.00        0.00
     0     0      545.33      642.00        0.00
     0     0      549.33      642.00        0.00
     0     0      554.67      641.33        0.00
     0     0      558.00      640.67        0.00
     0     0      562.67      638.67        0.00
     0     0      566.00      638.00        0.00
     0     0      570.67      636.67        0.00
     0     0      574.00      636.00        0.00
     0     0      577.33      636.00        0.00
     0     0      581.33      634.67        0.00
     0     0      584.67      633.33        0.00
     0     0      588.00      632.00        0.00
     0     0      591.33      630.67        0.00
     0     0      594.67      628.00        0.00
     0     0      597.33      625.33        0.00
     0     0      601.33      623.33        0.00
     0     0      604.00      621.33        0.00
     0     0      606.67      619.33        0.00
     0     0      609.33      617.33        0.00
     0     0      611.33      613.33        0.00
     0     0      614.67      610.67        0.00
     0     0      617.33      608.67        0.00
     0     0      619.33      605.33        0.00
     0     0      622.00      603.33        0.00
     0     0      626.00      600.67        0.00
     0     0      629.33      599.33        0.00
     0     0      633.33      597.33        0.00
     0     0      638.67      594.00        0.00
     0     0      642.00      592.00        0.00
     0     0      645.33      588.67        0.00
     0     0      647.33      586.00        0.00
     0     0      649.33      582.67        0.00
     0     0      651.33      580.00        0.00
     0     0      653.33      576.67        0.00
     0     0      655.33      572.67        0.00
     0     0      657.33      570.00        0.00
     0     0      659.33      566.00        0.00
     0     0      662.00      562.67        0.00
     0     0      664.00      559.33        0.00
     0     0      666.00      556.67        0.00
     0     0      667.33      553.33        0.00
     0     0      670.00      549.33        0.00
     0     0      670.00      545.33        0.00
     0     0      670.00      542.00        0.00
     0     0      670.00      538.00        0.00
     0     0      670.67      534.67        0.00
     0     0      672.00      530.67        0.00
     0     0      674.00      528.00        0.00
     0     0      675.33      524.00        0.00
     0     0      678.00      520.00        0.00
     0     0      680.00      516.00        0.00
     0     0      682.00      512.67        0.00
     0     0      683.33      509.33        0.00
     0     0      685.33      505.33        0.00
     0     0      686.67      502.00        0.00
     0     0      688.67      498.67        0.00
     0     0      690.67      494.67        0.00
     0     0      692.67      491.33        0.00
     0     0      693.33      488.00        0.00
     0     0      694.67      484.67        0.00
     0     0      696.00      480.67        0.00
     0     0      696.67      476.67        0.00
     0     0      698.00      473.33        0.00
     0     0      700.00      469.33        0.00
     0     0      701.33      466.00        0.00
     0     0      702.67      462.67        0.00
     0     0      704.00      459.33        0.00
     0     0      706.00      454.67        0.00
     0     0      708.00      450.67        0.00
     0     0      710.67      445.33        0.00
     0     0      713.33      442.00        0.00
     0     0      716.67      436.67        0.00
     0     0      720.00      434.00        0.00
     0     0      723.33      430.67        0.00
     0     0      726.67      427.33        0.00
     0     0      730.67      426.00        0.00
     0     0      734.00      424.00        0.00
     0     0      738.00      421.33        0.00
     0     0      741.33      418.67        0.00
     0     0      744.67      416.00        0.00
     0     0      748.00      414.00        0.00
     0     0      752.00      412.00        0.00
     0     0      756.67      410.00        0.00
     0     0      760.67      408.67        0.00
     0     0      764.00      407.33        0.00
     0     0      768.67      406.00        0.00
     0     0      773.33      404.67        0.00
     0     0      776.67      404.67        0.00
     0     0      780.00      404.00        0.00
     0     0      783.33      403.33        0.00
     0     0      787.33      402.67        0.00
     0     0      792.00      402.00        0.00
     0     0      795.33      402.00        0.00
     0     0      799.33      402.00        0.00
     0     0      802.67      402.00        0.00
     0     0      806.67      402.00        0.00
     0     0      810.67      402.00        0.00
     0     0      814.00      402.00        0.00
     0     0      818.00      402.00        0.00
     0     0      822.00      402.00        0.00
     0     0      826.00      402.00        0.00
     0     0      829.33      402.00        0.00
     0     0      832.67      402.00        0.00
     0     0      836.00      402.67        0.00
     0     0      840.00      403.33        0.00
     0     0      844.00      404.00        0.00
     0     0      847.33      405.33        0.00
     0     0      850.67      406.00        0.00
     0     0      854.67      407.33        0.00
     0     0      858.67      408.67        0.00
     0     0      861.33      410.67        0.00
     0     0      864.00      412.67        0.00
     0     0      866.67      415.33        0.00
     0     0      869.33      418.67        0.00
     0     0      871.33      422.67        0.00
     0     0      873.33      426.00        0.00
     0     0      874.67      429.33        0.00
     0     0      876.67      432.67        0.00
     0     0      877.33      436.00        0.00
     0     0      878.67      439.33        0.00
     0     0      879.33      442.67        0.00
     0     0      879.33      446.67        0.00
     0     0      880.00      450.00        0.00
     0     0      880.67      453.33        0.00
     0     0      881.33      457.33        0.00
     0     0      882.00      460.67        0.00
     0     0      882.00      464.00        0.00
     0     0      882.00      468.00        0.00
     0     0      881.33      472.00        0.00
     0     0      880.67      476.67        0.00
     0     0      879.33      480.00        0.00
     0     0      878.67      484.00        0.00
     0     0      878.00      487.33        0.00
     0     0      876.67      490.67        0.00
     0     0      876.00      494.67        0.00
     0     0      874.00      498.67        0.00
     0     0      872.00      502.00        0.00
     0     0      870.67      505.33        0.00
     0     0      868.00      508.67        0.00
     0     0      866.00      511.33        0.00
     0     0      864.00      514.00        0.00
     0     0      861.33      516.67        0.00
     0     0      858.67      520.00        0.00
     0     0      857.33      523.33        0.00
     0     0      855.33      526.00        0.00
     0     0      852.67      529.33        0.00
     0     0      850.00      532.67        0.00
     0     0      846.67      536.00        0.00
     0     0      844.00      539.33        0.00
     0     0      842.00      542.67        0.00
     0     0      840.00      546.67        0.00
     0     0      837.33      550.67        0.00
     0     0      835.33      553.33        0.00
     0     0      833.33      556.67        0.00
     0     0      830.67      559.33        0.00
     0     0      828.67      562.67        0.00
     0     0      826.67      565.33        0.00
     0     0      824.00      568.00        0.00
     0     0      822.00      571.33        0.00
     0     0      820.00      574.67        0.00
     0     0      818.00      578.00        0.00
     0     0      816.00      580.67        0.00
     0     0      814.00      584.00        0.00
     0     0      812.00      586.67        0.00
     0     0      809.33      590.00        0.00
     0     0      806.00      592.67        0.00
     0     0      803.33      594.67        0.00
     0     0      799.33      598.67        0.00
     0     0      796.67      600.67        0.00
     0     0      792.67      604.00        0.00
     0     0      790.00      606.00        0.00
     0     0      787.33      608.00        0.00
     0     0      784.00      612.00        0.00
     0     0      781.33      614.67        0.00
     0     0      778.00      618.00        0.00
     0     0      774.67      621.33        0.00
     0     0      771.33      624.67        0.00
     0     0      769.33      627.33        0.00
     0     0      767.33      630.00        0.00
     0     0      765.33      634.00        0.00
     0     0      763.33      637.33        0.00
     0     0      762.00      640.67        0.00
     0     0      759.33      645.33        0.00
     0     0      757.33      649.33        0.00
     0     0      755.33      652.67        0.00
     0     0      752.00      656.67        0.00
     0     0      750.00      659.33        0.00
     0     0      746.67      662.00        0.00
     0     0      744.67      664.67        0.00
     0     0      742.00      666.67        0.00
     0     0      738.67      670.00        0.00
     0     0      736.00      672.67        0.00
     0     0      732.67      674.67        0.00
     0     0      729.33      677.33        0.00
     0     0      726.67      680.00        0.00
     0     0      724.00      682.00        0.00
     0     0      721.33      684.00        0.00
     0     0      718.67      686.67        0.00
     0     0      716.00      689.33        0.00
     0     0      712.00      692.00        0.00
     0     0      709.33      694.00        0.00
     0     0      706.00      696.00        0.00
     0     0      702.67      698.00        0.00
     0     0      700.00      700.00        0.00
     0     0      697.33      702.00        0.00
     0     0      694.00      704.00        0.00
     0     0      691.33      706.00        0.00
     0     0      688.00      707.33        0.00
     0     0      685.33      709.33        0.00
     0     0      682.67      711.33        0.00
     0     0      679.33      713.33        0.00
     0     0      676.00      715.33        0.00
     0     0      673.33      718.67        0.00
     0     0      670.67      720.67        0.00
     0     0      668.67      723.33        0.00
     0     0      666.67      726.00        0.00
     0     0      664.67      729.33        0.00
     0     0      662.67      733.33        0.00
     0     0      660.67      736.00        0.00
     0     0      658.00      739.33        0.00
     0     0      654.67      742.67        0.00
     0     0      635.67      754.67        0.00
     0     0      633.67      757.33        0.00
     0     0      631.00      759.33        0.00
     0     0      627.67      760.67        0.00
     0     0      624.33      762.00        0.00
     0     0      621.00      764.00        0.00
     0     0      617.00      766.00        0.00
     0     0      614.33      768.67        0.00
     0     0      611.00      770.67        0.00
     0     0      607.67      772.67        0.00
     0     0      603.00      774.00        0.00
     0     0      599.67      775.33        0.00
     0     0      595.00      778.00        0.00
     0     0      590.33      780.67        0.00
     0     0      587.67      782.67        0.00
     0     0      584.33      785.33        0.00
     0     0      581.00      787.33        0.00
     0     0      577.67      790.00        0.00
     0     0      573.00      792.00        0.00
     0     0      569.00      793.33        0.00
     0     0      565.00      794.67        0.00
     0     0      561.67      796.00        0.00
     0     0      558.33      797.33        0.00
     0     0      554.33      798.67        0.00
     0     0      549.67      800.67        0.00
     0     0      545.67      801.33        0.00
     0     0      540.33      802.67        0.00
     0     0      536.33      802.67        0.00
     0     0      532.33      803.33        0.00
     0     0      529.00      803.33        0.00
     0     0      525.00      803.33        0.00
     0     0      521.67      803.33        0.00
     0     0      518.33      803.33        0.00
     0     0      512.33      803.33        0.00
     0     0      507.00      803.33        0.00
     0     0      503.67      802.67        0.00
     0     0      500.33      802.00        0.00
     0     0      496.33      801.33        0.00
     0     0      491.67      800.67        0.00
     0     0      486.33      800.00        0.00
     0     0      483.00      798.67        0.00
     0     0      479.00      798.00        0.00
     0     0      475.00      797.33        0.00
     0     0      469.00      796.67        0.00
     0     0      465.67      796.67        0.00
     0     0      460.33      795.33        0.00
     0     0      456.33      795.33        0.00
     0     0      452.33      794.00        0.00
     0     0      448.33      793.33        0.00
     0     0      444.33      792.67        0.00
     0     0      440.33      791.33        0.00
     0     0      434.33      790.00        0.00
     0     0      430.33      788.00        0.00
     0     0      425.67      786.00        0.00
     0     0      421.67      784.67        0.00
     0     0      418.33      783.33        0.00
     0     0      414.33      782.00        0.00
     0     0      411.00      780.00        0.00
     0     0      407.00      778.00        0.00
     0     0      403.00      776.00        0.00
     0     0      397.67      773.33        0.00
     0     0      394.33      772.67        0.00
     0     0      389.00      770.00        0.00
     0     0      384.33      768.67        0.00
     0     0      379.00      766.67        0.00
     0     0      375.00      765.33        0.00
     0     0      370.33      764.00        0.00
     0     0      366.33      762.67        0.00
     0     0      363.00      761.33        0.00
     0     0      359.00      760.00        0.00
     0     0      355.00      759.33        0.00
     0     0      351.00      757.33        0.00
     0     0      347.67      756.67        0.00
     0     0      344.33      755.33        0.00
     0     0      341.00      754.00        0.00
     0     0      337.00      752.67        0.00
     0     0      333.00      750.67        0.00
     0     0      329.67      748.67        0.00
     0     0      325.00      746.67        0.00
     0     0      321.67      745.33        0.00
     0     0      318.33      743.33        0.00
     0     0      313.67      740.67        0.00
     0     0      310.33      738.00        0.00
     0     0      307.67      736.00        0.00
     0     0      303.67      733.33        0.00
     0     0      301.00      731.33        0.00
     0     0      297.67      728.00        0.00
     0     0      294.33      724.67        0.00
     0     0      291.67      722.00        0.00
     0     0      289.67      719.33        0.00
     0     0      287.00      716.67        0.00
     0     0      284.33      713.33        0.00
     0     0      280.33      709.33        0.00
     0     0      278.33      705.33        0.00
     0     0      275.67      702.67        0.00
     0     0      273.67      700.00        0.00
     0     0      271.67      697.33        0.00
     0     0      269.00      694.00        0.00
     0     0      267.00      691.33        0.00
     0     0      265.00      688.67        0.00
     0     0      261.67      684.67        0.00
     0     0      259.00      682.00        0.00
     0     0      257.00      678.67        0.00
     0     0      255.00      676.00        0.00
     0     0      252.33      672.67        0.00
     0     0      250.33      668.67        0.00
     0     0      249.00      665.33        0.00
     0     0      247.00      662.67        0.00
     0     0      244.33      658.67        0.00
     0     0      243.00      655.33        0.00
     0     0      241.00      652.67        0.00
     0     0      239.00      649.33        0.00
     0     0      237.00      646.67        0.00
     0     0      235.67      643.33        0.00
     0     0      234.33      639.33        0.00
     0     0      233.67      636.00        0.00
     0     0      232.33      632.00        0.00
     0     0      231.67      628.67        0.00
     0     0      231.00      625.33        0.00
     0     0      230.33      622.00        0.00
     0     0      229.00      618.67        0.00
     0     0      229.00      615.33        0.00
     0     0      227.67      611.33        0.00
     0     0      226.33      608.00        0.00
     0     0      225.67      604.67        0.00
     0     0      224.33      600.67        0.00
     0     0      223.67      597.33        0.00
     0     0      223.00      594.00        0.00
     0     0      223.00      590.67        0.00
     0     0      223.00      587.33        0.00
     0     0      223.00      584.00        0.00
     0     0      219.67      557.67        0.00
     0     0      219.00      549.67        0.00
     0     0      219.00      544.33        0.00
     0     0      219.00      541.00        0.00
     0     0      218.33      537.67        0.00
     0     0      218.33      534.33        0.00
     0     0      217.67      530.33        0.00
     0     0      217.67      527.00        0.00
     0     0      217.00      523.67        0.00
     0     0      217.00      519.67        0.00
     0     0      216.33      515.67        0.00
     0     0      215.67      512.33        0.00
     0     0      213.67      507.67        0.00
     0     0      212.33      503.67        0.00
     0     0      211.00      499.67        0.00
     0     0      209.67      496.33        0.00
     0     0      209.00      492.33        0.00
     0     0      207.67      489.00        0.00
     0     0      207.00      485.67        0.00
     0     0      206.33      481.67        0.00
     0     0      205.67      478.33        0.00
     0     0      205.00      474.33        0.00
     0     0      204.33      471.00        0.00
     0     0      204.33      467.67        0.00
     0     0      203.00      463.00        0.00
     0     0      202.33      459.67        0.00
     0     0      201.67      456.33        0.00
     0     0      199.67      452.33        0.00
     0     0      198.33      449.00        0.00
     0     0      197.67      445.00        0.00
     0     0      196.33      441.00        0.00
     0     0      195.00      437.00        0.00
     0     0      193.67      431.67        0.00
     0     0      192.33      428.33        0.00
     0     0      191.67      425.00        0.00
     0     0      191.00      421.67        0.00
     0     0      190.33      417.00        0.00
     0     0      189.67      412.33        0.00
     0     0      189.00      409.00        0.00
     0     0      188.33      405.00        0.00
     0     0      187.00      401.00        0.00
     0     0      186.33      397.67        0.00
     0     0      185.67      394.33        0.00
     0     0      184.33      390.33        0.00
     0     0      183.67      387.00        0.00
     0     0      183.00      383.67        0.00
     0     0      182.33      380.33        0.00
     0     0      181.00      374.33        0.00
     0     0      179.67      369.00        0.00
     0     0      179.00      364.33        0.00
     0     0      178.33      359.67        0.00
     0     0      177.00      355.67        0.00
     0     0      175.00      351.00        0.00
     0     0      173.00      347.00        0.00
     0     0      171.67      343.00        0.00
     0     0      171.00      339.67        0.00
     0     0      171.00      336.33        0.00
     0     0      173.00      332.33        0.00
     0     0      175.00      327.67        0.00
     0     0      176.33      324.33        0.00
     0     0      177.67      319.67        0.00
     0     0      179.67      316.33        0.00
     0     0      182.33      314.33        0.00
     0     0      185.00      310.33        0.00
     0     0      187.67      308.33        0.00
     0     0      191.00      305.67        0.00
     0     0      194.33      303.00        0.00
     0     0      199.00      300.33        0.00
     0     0      203.00      297.67        0.00
     0     0      209.00      293.67        0.00
     0     0      213.00      290.33        0.00
     0     0      217.67      287.00        0.00
     0     0      221.67      285.00        0.00
     0     0      226.33      284.33        0.00
     0     0      232.33      283.00        0.00
     0     0      237.67      281.67        0.00
     0     0      241.67      281.00        0.00
     0     0      246.33      280.33        0.00
     0     0      251.67      279.67        0.00
     0     0      255.67      279.67        0.00
     0     0      259.00      279.00        0.00
     0     0      263.00      279.00        0.00
     0     0      267.00      279.00        0.00
     0     0      271.00      279.00        0.00
     0     0      274.33      279.00        0.00
     0     0      279.00      279.00        0.00
     0     0      283.67      279.00        0.00
     0     0      289.00      279.67        0.00
     0     0      292.33      279.67        0.00
     0     0      295.67      279.67        0.00
     0     0      300.33      280.33        0.00
     0     0      303.67      281.00        0.00
     0     0      308.33      282.33        0.00
     0     0      312.33      283.67        0.00
     0     0      316.33      285.00        0.00
     0     0      319.67      286.33        0.00
     0     0      323.00      288.33        0.00
     0     0      325.67      290.33        0.00
     0     0      329.00      293.00        0.00
     0     0      332.33      296.33        0.00
     0     0      335.00      299.67        0.00
     0     0      339.00      302.33        0.00
     0     0      341.00      305.00        0.00
     0     0      343.67      308.33        0.00
     0     0      347.67      312.33        0.00
     0     0      350.33      315.00        0.00
     0     0      353.00      318.33        0.00
     0     0      355.67      321.67        0.00
     0     0      359.00      325.67        0.00
     0     0      361.67      327.67        0.00
     0     0      364.33      330.33        0.00
     0     0      367.00      332.33        0.00
     0     0      371.00      335.00        0.00
     0     0      373.67      337.00        0.00
     0     0      377.67      339.67        0.00
     0     0      382.33      343.00        0.00
     0     0      385.00      345.00        0.00
     0     0      387.67      347.67        0.00
     0     0      390.33      349.67        0.00
     0     0      392.33      352.33        0.00
     0     0      394.33      355.00        0.00
     0     0      397.00      357.00        0.00
     0     0      399.67      359.00        0.00
     0     0      402.33      361.67        0.00
     0     0      406.33      363.67        0.00
     0     0      409.67      366.33        0.00
     0     0      413.00      369.67        0.00
     0     0      415.00      373.00        0.00
     0     0      417.67      376.33        0.00
     0     0      419.67      379.00        0.00
     0     0      421.67      381.67        0.00
     0     0      423.00      385.67        0.00
     0     0      423.67      389.00        0.00
     0     0      425.00      392.33        0.00
     0     0      427.00      397.00        0.00
     0     0      429.00      400.33        0.00
     0     0      430.33      405.00        0.00
     0     0      433.00      409.00        0.00
     0     0      434.33      413.00        0.00
     0     0      435.67      417.67        0.00
     0     0      437.00      422.33        0.00
     0     0      437.00      427.00        0.00
     0     0      437.67      430.33        0.00
     0     0      437.67      434.33        0.00
     0     0      437.00      438.33        0.00
     0     0      436.33      442.33        0.00
     0     0      435.67      447.00        0.00
     0     0      434.33      450.33        0.00
     0     0      433.00      454.33        0.00
     0     0      431.00      457.67        0.00
     0     0      428.33      462.33        0.00
     0     0      427.00      465.67        0.00
     0     0      426.33      469.00        0.00
     0     0      425.67      473.00        0.00
     0     0      425.67      477.67        0.00
     0     0      426.33      481.67        0.00
     0     0      427.00      487.00        0.00
     0     0      428.33      492.33        0.00
     0     0      429.67      497.67        0.00
     0     0      430.33      501.00        0.00
     0     0      431.00      505.00        0.00
     0     0      431.67      509.00        0.00
     0     0      432.33      513.67        0.00
     0     0      433.00      518.33        0.00
     0     0      434.33      523.00        0.00
     0     0      435.67      527.00        0.00
     0     0      437.00      531.00        0.00
     0     0      437.67      535.00        0.00
     0     0      438.33      539.00        0.00
     0     0      438.33      542.33        0.00
     0     1     1273.67      816.67        0.00
     0     1     1271.00      818.67        0.00
     0     1     1267.67      820.67        0.00
     0     1     1264.33      822.00        0.00
     0     1     1261.00      824.00        0.00
     0     1     1257.67      826.00        0.00
     0     1     1254.33      827.33        0.00
     0     1     1250.33      828.67        0.00
     0     1     1247.00      829.33        0.00
     0     1     1243.00      830.67        0.00
     0     1     1239.67      831.33        0.00
     0     1     1234.33      832.67        0.00
     0     1     1231.00      832.67        0.00
     0     1     1227.00      834.00        0.00
     0     1     1221.67      835.33        0.00
     0     1     1217.00      836.00        0.00
     0     1     1211.67      836.67        0.00
     0     1     1207.67      837.33        0.00
     0     1     1203.67      838.00        0.00
     0     1     1200.33      838.67        0.00
     0     1     1196.33      838.67        0.00
     0     1     1192.33      838.67        0.00
     0     1     1187.67      838.00        0.00
     0     1     1183.67      838.00        0.00
     0     1     1179.67      837.33        0.00
     0     1     1174.33      836.67        0.00
     0     1     1171.00      836.00        0.00
     0     1     1167.00      834.67        0.00
     0     1     1163.67      834.00        0.00
     0     1     1158.33      832.00        0.00
     0     1     1154.33      830.00        0.00
     0     1     1150.33      828.00        0.00
     0     1     1147.00      826.67        0.00
     0     1     1144.33      824.67        0.00
     0     1     1141.67      822.00        0.00
     0     1     1137.67      819.33        0.00
     0     1     1133.67      816.67        0.00
     0     1     1130.33      814.67        0.00
     0     1     1126.33      812.00        0.00
     0     1     1123.67      809.33        0.00
     0     1     1119.00      805.33        0.00
     0     1     1117.67      802.00        0.00
     0     1     1115.67      798.00        0.00
     0     1     1114.33      794.67        0.00
     0     1     1113.67      789.33        0.00
     0     1     1113.00      785.33        0.00
     0     1     1112.33      780.67        0.00
     0     1     1111.67      777.33        0.00
     0     1     1111.00      774.00        0.00
     0     1     1110.33      770.00        0.00
     0     1     1110.33      766.67        0.00
     0     1     1110.33      762.00        0.00
     0     1     1110.33      758.00        0.00
     0     1     1111.00      753.33        0.00
     0     1     1111.67      749.33        0.00
     0     1     1112.33      746.00        0.00
     0     1     1113.67      741.33        0.00
     0     1     1115.00      738.00        0.00
     0     1     1117.00      734.67        0.00
     0     1     1119.67      732.00        0.00
     0     1     1123.67      730.00        0.00
     0     1     1129.00      726.67        0.00
     0     1     1133.00      724.67        0.00
     0     1     1137.00      723.33        0.00
     0     1     1140.33      721.33        0.00
     0     1     1144.33      720.00        0.00
     0     1     1147.67      718.67        0.00
     0     1     1151.67      718.00        0.00
     0     1     1155.00      717.33        0.00
     0     1     1159.00      717.33        0.00
     0     1     1163.67      717.33        0.00
     0     1     1168.33      718.00        0.00
     0     1     1171.67      718.00        0.00
     0     1     1177.67      719.33        0.00
     0     1     1181.67      720.00        0.00
     0     1     1185.67      720.67        0.00
     0     1     1190.33      722.67        0.00
     0     1     1194.33      724.00        0.00
     0     1     1198.33      726.00        0.00
     0     1     1202.33      728.67        0.00
     0     1     1206.33      731.33        0.00
     0     1     1210.33      733.33        0.00
     0     1     1214.33      736.00        0.00
     0     1     1217.67      738.00        0.00
     0     1     1221.00      740.67        0.00
     0     1     1225.00      744.00        0.00
     0     1     1229.00      748.00        0.00
     0     1     1232.33      751.33        0.00
     0     1     1237.00      754.00        0.00
     0     1     1240.33      756.00        0.00
     0     1     1243.00      758.67        0.00
     0     1     1246.33      761.33        0.00
     0     1     1249.67      764.00        0.00
     0     1     1252.33      766.67        0.00
     0     1     1255.00      768.67        0.00
     0     1     1257.67      770.67        0.00
     0     1     1260.33      774.00        0.00
     0     1     1263.00      777.33        0.00
     0     1     1265.00      780.00        0.00
     0     1     1267.67      785.33        0.00
     0     1     1269.67      788.00        0.00
     0     1     1272.33      792.00        0.00
     0     1     1273.67      795.33        0.00
     0     2     1363.67      834.00        0.00
     0     2     1359.67      838.00        0.00
     0     2     1357.67      840.67        0.00
     0     2     1353.67      844.00        0.00
     0     2     1350.33      846.00        0.00
     0     2     1347.00      847.33        0.00
     0     2     1343.67      849.33        0.00
     0     2     1338.33      851.33        0.00
     0     2     1335.00      852.67        0.00
     0     2     1331.00      851.33        0.00
     0     2     1327.00      848.00        0.00
     0     2     1323.67      844.67        0.00
     0     2     1320.33      841.33        0.00
     0     2     1317.67      838.00        0.00
     0     2     1313.67      833.33        0.00
     0     2     1310.33      829.33        0.00
     0     2     1306.33      824.00        0.00
     0     2     1303.00      819.33        0.00
     0     2     1298.33      814.67        0.00
     0     2     1294.33      809.33        0.00
     0     2     1291.00      804.67        0.00
     0     2     1287.67      798.00        0.00
     0     2     1285.00      792.00        0.00
     0     2     1282.33      787.33        0.00
     0     2     1280.33      783.33        0.00
     0     2     1277.67      778.00        0.00
     0     2     1275.00      774.00        0.00
     0     2     1273.00      770.00        0.00
     0     2     1271.00      766.00        0.00
     0     2     1268.33      763.33        0.00
     0     2     1265.67      760.00        0.00
     0     2     1263.67      756.67        0.00
     0     2     1261.00      752.67        0.00
     0     2     1258.33      750.00        0.00
     0     2     1255.00      746.67        0.00
     0     2     1252.33      744.00        0.00
     0     2     1249.00      740.67        0.00
     0     2     1246.33      738.67        0.00
     0     2     1243.00      736.00        0.00
     0     2     1240.33      734.00        0.00
     0     2     1237.00      732.00        0.00
     0     2     1233.67      729.33        0.00
     0     2     1229.67      726.67        0.00
     0     2     1226.33      724.00        0.00
     0     2     1223.00      720.67        0.00
     0     2     1220.33      718.67        0.00
     0     2     1217.67      716.67        0.00
     0     2     1215.00      714.67        0.00
     0     2     1211.67      712.67        0.00
     0     2     1208.33      711.33        0.00
     0     2     1204.33      708.67        0.00
     0     2     1201.67      706.67        0.00
     0     2     1197.67      704.67        0.00
     0     2     1194.33      702.67        0.00
     0     2     1189.00      700.00        0.00
     0     2     1185.67      698.67        0.00
     0     2     1182.33      696.67        0.00
     0     2     1177.67      694.67        0.00
     0     2     1173.67      693.33        0.00
     0     2     1169.00      691.33        0.00
     0     2     1165.00      688.67        0.00
     0     2     1159.67      686.00        0.00
     0     2     1156.33      685.33        0.00
     0     2     1153.67      683.33        0.00
     0     2     1150.33      681.33        0.00
     0     2     1146.33      679.33        0.00
     0     2     1143.00      677.33        0.00
     0     2     1138.33      675.33        0.00
     0     2     1135.67      673.33        0.00
     0     2     1132.33      671.33        0.00
     0     2     1129.00      668.67        0.00
     0     2     1125.00      666.67        0.00
     0     2     1121.67      665.33        0.00
     0     2     1117.00      662.00        0.00
     0     2     1113.67      659.33        0.00
     0     2     1110.33      656.67        0.00
     0     2     1107.67      654.67        0.00
     0     2     1105.00      652.67        0.00
     0     2     1102.33      650.67        0.00
     0     2     1098.33      648.00        0.00
     0     2     1095.00      644.00        0.00
     0     2     1093.67      640.67        0.00
     0     2     1091.67      636.67        0.00
     0     2     1090.33      633.33        0.00
     0     2     1089.00      630.00        0.00
     0     2     1087.67      626.00        0.00
     0     2     1087.00      622.67        0.00
     0     2     1086.33      618.67        0.00
     0     2     1085.67      614.00        0.00
     0     2     1085.67      610.67        0.00
     0     2     1085.67      607.33        0.00
     0     2     1084.33      604.00        0.00
     0     2     1084.33      600.00        0.00
     0     2     1083.67      595.33        0.00
     0     2     1083.67      591.33        0.00
     0     2     1083.67      586.67        0.00
     0     2     1083.67      583.33        0.00
     0     2     1084.33      580.00        0.00
     0     2     1084.33      576.00        0.00
     0     2     1085.00      572.67        0.00
     0     2     1085.67      568.67        0.00
     0     2     1087.00      565.33        0.00
     0     2     1089.00      561.33        0.00
     0     2     1092.33      558.67        0.00
     0     2     1095.00      556.67        0.00
     0     2     1098.33      554.67        0.00
     0     2     1101.00      552.67        0.00
     0     2     1105.67      552.00        0.00
     0     2     1109.67      551.33        0.00
     0     2     1114.33      551.33        0.00
     0     2     1119.00      552.00        0.00
     0     2     1123.67      553.33        0.00
     0     2     1127.67      554.67        0.00
     0     2     1130.33      556.67        0.00
     0     2     1133.67      558.00        0.00
     0     2     1137.00      558.67        0.00
     0     2     1140.33      559.33        0.00
     0     2     1143.67      560.67        0.00
     0     2     1147.67      561.33        0.00
     0     2     1152.33      563.33        0.00
     0     2     1155.67      564.00        0.00
     0     2     1159.67      565.33        0.00
     0     2     1164.33      567.33        0.00
     0     2     1169.67      569.33        0.00
     0     2     1172.33      571.33        0.00
     0     2     1177.00      573.33        0.00
     0     2     1182.33      575.33        0.00
     0     2     1186.33      577.33        0.00
     0     2     1189.67      578.67        0.00
     0     2     1193.67      581.33        0.00
     0     2     1197.00      583.33        0.00
     0     2     1200.33      586.00        0.00
     0     2     1203.67      589.33        0.00
     0     2     1206.33      592.00        0.00
     0     2     1209.67      594.67        0.00
     0     2     1213.00      598.00        0.00
     0     2     1216.33      600.67        0.00
     0     2     1221.00      604.00        0.00
     0     2     1225.00      607.33        0.00
     0     2     1227.67      609.33        0.00
     0     2     1232.33      613.33        0.00
     0     2     1235.67      616.00        0.00
     0     2     1240.33      619.33        0.00
     0     2     1243.67      622.00        0.00
     0     2     1247.67      624.67        0.00
     0     2     1251.00      628.00        0.00
     0     2     1255.00      632.00        0.00
     0     2     1258.33      635.33        0.00
     0     2     1261.00      638.00        0.00
     0     2     1264.33      641.33        0.00
     0     2     1269.67      645.33        0.00
     0     2     1273.00      647.33        0.00
     0     2     1275.00      650.00        0.00
     0     2     1280.33      653.33        0.00
     0     2     1283.67      655.33        0.00
     0     2     1287.00      659.33        0.00
     0     2     1289.00      662.00        0.00
     0     2     1291.00      664.67        0.00
     0     2     1295.00      668.67        0.00
     0     2     1297.67      671.33        0.00
     0     2     1300.33      674.00        0.00
     0     2     1303.67      677.33        0.00
     0     2     1307.00      680.67        0.00
     0     2     1309.00      683.33        0.00
     0     2     1313.00      687.33        0.00
     0     2     1317.00      690.67        0.00
     0     2     1319.00      694.67        0.00
     0     2     1321.67      698.67        0.00
     0     2     1324.33      701.33        0.00
     0     2     1326.33      704.67        0.00
     0     2     1329.67      708.67        0.00
     0     2     1332.33      712.67        0.00
     0     2     1335.00      716.00        0.00
     0     2     1339.00      722.00        0.00
     0     2     1341.67      726.00        0.00
     0     2     1345.67      731.33        0.00
     0     2     1349.00      735.33        0.00
     0     2     1351.00      738.67        0.00
     0     2     1353.00      742.67        0.00
     0     2     1355.67      746.67        0.00
     0     2     1357.67      750.00        0.00
     0     2     1359.67      754.00        0.00
     0     2     1361.67      758.00        0.00
     0     2     1363.67      761.33        0.00
     0     2     1365.67      765.33        0.00
     0     2     1367.67      768.67        0.00
     0     2     1369.67      772.67        0.00
     0     2     1371.00      776.00        0.00
     0     2     1371.67      780.00        0.00
     0     2     1372.33      784.00        0.00
     0     2     1373.00      788.00        0.00
     0     2     1373.00      792.00        0.00
     0     2     1373.67      796.00        0.00
     0     2     1374.33      800.00        0.00
     0     2     1375.67      805.33        0.00
     0     2     1376.33      809.33        0.00
     0     2     1377.00      812.67        0.00
     1     0      474.00      577.00        0.00
     1     0      471.00      579.00        0.00
     1     0      468.50      579.50        0.00
     1     0      466.00      578.50        0.00
     1     0      463.50      577.50        0.00
     1     0      461.50      576.00        0.00
     1     0      460.50      573.50        0.00
     1     0      460.50      571.00        0.00
     1     0      461.50      568.50        0.00
     1     0      464.00      566.50        0.00
     1     0      466.00      565.00        0.00
     1     0      469.00      564.00        0.00
     1     0      471.50      563.00        0.00
     1     0      474.00      562.50        0.00
     1     0      476.50      563.50        0.00
     1     0      478.00      565.50        0.00
     1     0      478.50      568.00        0.00
     1     0      478.50      570.50        0.00
     1     0      478.50      573.00        0.00
     1     1     1158.00      709.50        0.00
     1     1     1156.00      711.00        0.00
     1     1     1153.50      712.00        0.00
     1     1     1150.50      712.50        0.00
     1     1     1148.00      712.50        0.00
     1     1     1145.50      711.50        0.00
     1     1     1143.00      710.00        0.00
     1     1     1141.00      708.50        0.00
     1     1     1140.00      705.00        0.00
     1     1     1139.50      702.50        0.00
     1     1     1141.00      699.50        0.00
     1     1     1142.00      696.50        0.00
     1     1     1143.50      694.00        0.00
     1     1     1145.50      692.50        0.00
     1     1     1148.50      691.50        0.00
     1     1     1151.00      691.00        0.00
     1     1     1153.50      691.00        0.00
     1     1     1156.00      691.50        0.00
     1     1     1158.00      693.00        0.00
     1     1     1160.50      695.00        0.00
     1     1     1162.00      697.50        0.00
     1     1     1163.00      700.00        0.00
     1     1     1163.00      702.50        0.00
     1     1     1163.00      705.00        0.00
     1     2     1189.00      717.00        0.00
     1     2     1186.00      717.50        0.00
     1     2     1183.50      717.50        0.00
     1     2     1181.00      717.50        0.00
     1     2     1178.50      716.00        0.00
     1     2     1177.00      713.00        0.00
     1     2     1177.50      710.00        0.00
     1     2     1179.00      707.50        0.00
     1     2     1181.00      706.00        0.00
     1     2     1183.00      704.50        0.00
     1     2     1186.00      703.50        0.00
     1     2     1188.50      703.50        0.00
     1     2     1191.50      704.00        0.00
     1     2     1194.00      705.00        0.00
     1     2     1196.00      706.50        0.00
     1     2     1196.00      709.00        0.00
     1     2     1195.50      711.50        0.00
     1     3     1225.50      731.00        0.00
     1     3     1222.00      732.00        0.00
     1     3     1219.00      731.00        0.00
     1     3     1217.00      729.50        0.00
     1     3     1214.50      729.00        0.00
     1     3     1212.00      728.00        0.00
     1     3     1209.50      726.00        0.00
     1     3     1207.50      724.50        0.00
     1     3     1206.50      721.50        0.00
     1     3     1207.00      718.50        0.00
     1     3     1209.00      717.00        0.00
     1     3     1212.00      716.50        0.00
     1     3     1214.50      716.50        0.00
     1     3     1217.50      716.50        0.00
     1     3     1220.50      718.50        0.00
     1     3     1223.00      720.00        0.00
     1     3     1225.00      721.50        0.00
     1     3     1227.00      723.50        0.00
     1     4     1261.50      847.00        0.00
     1     4     1259.50      850.00        0.00
     1     4     1257.00      851.00        0.00
     1     4     1254.50      850.50        0.00
     1     4     1252.50      849.00        0.00
     1     4     1251.00      846.50        0.00
     1     4     1250.00      844.00        0.00
     1     4     1250.00      841.50        0.00
     1     4     1250.00      839.00        0.00
     1     4     1250.00      836.50        0.00
     1     4     1251.50      834.50        0.00
     1     4     1253.00      832.50        0.00
     1     4     1255.50      831.50        0.00
     1     4     1259.00      830.50        0.00
     1     4     1261.50      830.50        0.00
     1     4     1264.50      832.00        0.00
     1     4     1267.50      832.50        0.00
     1     4     1270.50      833.00        0.00
     1     4     1272.50      834.50        0.00
     1     4     1273.50      837.00        0.00
     1     4     1273.50      840.00        0.00
     1     4     1272.50      842.50        0.00
     1     4     1270.00      843.50        0.00
