     0     0      425.00        3.00        0.00
     0     0      425.00        7.00        0.00
     0     0      426.00       11.00        0.00
     0     0      426.00       15.00        0.00
     0     0      427.00       20.00        0.00
     0     0      428.00       25.00        0.00
     0     0      429.00       28.00        0.00
     0     0      431.00       31.00        0.00
     0     0      432.00       34.00        0.00
     0     0      434.00       37.00        0.00
     0     0      437.00       40.00        0.00
     0     0      440.00       43.00        0.00
     0     0      443.00       46.00        0.00
     0     0      446.00       48.00        0.00
     0     0      450.00       50.00        0.00
     0     0      454.00       52.00        0.00
     0     0      457.00       53.00        0.00
     0     0      460.00       55.00        0.00
     0     0      464.00       57.00        0.00
     0     0      468.00       59.00        0.00
     0     0      472.00       61.00        0.00
     0     0      475.00       62.00        0.00
     0     0      478.00       63.00        0.00
     0     0      482.00       65.00        0.00
     0     0      485.00       66.00        0.00
     0     0      488.00       68.00        0.00
     0     0      491.00       69.00        0.00
     0     0      496.00       70.00        0.00
     0     0      500.00       71.00        0.00
     0     0      504.00       73.00        0.00
     0     0      507.00       74.00        0.00
     0     0      510.00       76.00        0.00
     0     0      514.00       77.00        0.00
     0     0      517.00       78.00        0.00
     0     0      520.00       79.00        0.00
     0     0      524.00       79.00        0.00
     0     0      527.00       80.00        0.00
     0     0      531.00       81.00        0.00
     0     0      535.00       81.00        0.00
     0     0      538.00       82.00        0.00
     0     0      543.00       83.00        0.00
     0     0      547.00       83.00        0.00
     0     0      552.00       83.00        0.00
     0     0      556.00       83.00        0.00
     0     0      560.00       83.00        0.00
     0     0      564.00       83.00        0.00
     0     0      568.00       82.00        0.00
     0     0      573.00       82.00        0.00
     0     0      578.00       81.00        0.00
     0     0      582.00       81.00        0.00
     0     0      586.00       81.00        0.00
     0     0      589.00       80.00        0.00
     0     0      592.00       79.00        0.00
     0     0      595.00       77.00        0.00
     0     0      598.00       75.00        0.00
     0     0      601.00       72.00        0.00
     0     0      603.00       69.00        0.00
     0     0      604.00       66.00        0.00
     0     0      606.00       63.00        0.00
     0     0      607.00       59.00        0.00
     0     0      608.00       56.00        0.00
     0     0      609.00       52.00        0.00
     0     0      609.00       48.00        0.00
     0     0      610.00       44.00        0.00
     0     0      611.00       41.00        0.00
     0     0      611.00       37.00        0.00
     0     0      611.00       33.00        0.00
     0     0      610.00       28.00        0.00
     0     0      610.00       24.00        0.00
     0     0      610.00       20.00        0.00
     0     0      610.00       15.00        0.00
     0     0      611.00       12.00        0.00
     0     0      612.00        9.00        0.00
     0     0      614.00        6.00        0.00
     0     1      716.00      378.00        0.00
     0     1      713.00      381.00        0.00
     0     1      710.00      383.00        0.00
     0     1      707.00      384.00        0.00
     0     1      703.00      385.00        0.00
     0     1      700.00      387.00        0.00
     0     1      697.00      388.00        0.00
     0     1      694.00      389.00        0.00
     0     1      691.00      390.00        0.00
     0     1      688.00      391.00        0.00
     0     1      685.00      393.00        0.00
     0     1      681.00      394.00        0.00
     0     1      677.00      394.00        0.00
     0     1      673.00      395.00        0.00
     0     1      669.00      395.00        0.00
     0     1      665.00      395.00        0.00
     0     1      661.00      395.00        0.00
     0     1      657.00      394.00        0.00
     0     1      653.00      393.00        0.00
     0     1      649.00      392.00        0.00
     0     1      646.00      390.00        0.00
     0     1      644.00      387.00        0.00
     0     1      641.00      386.00        0.00
     0     1      639.00      383.00        0.00
     0     1      636.00      382.00        0.00
     0     1      633.00      380.00        0.00
     0     1      630.00      379.00        0.00
     0     1      627.00      378.00        0.00
     0     1      624.00      376.00        0.00
     0     1      621.00      374.00        0.00
     0     1      618.00      373.00        0.00
     0     1      615.00      371.00        0.00
     0     1      612.00      369.00        0.00
     0     1      609.00      367.00        0.00
     0     1      605.00      365.00        0.00
     0     1      602.00      363.00        0.00
     0     1      599.00      361.00        0.00
     0     1      595.00      359.00        0.00
     0     1      591.00      355.00        0.00
     0     1      589.00      352.00        0.00
     0     1      587.00      349.00        0.00
     0     1      585.00      346.00        0.00
     0     1      583.00      343.00        0.00
     0     1      581.00      340.00        0.00
     0     1      580.00      337.00        0.00
     0     1      579.00      333.00        0.00
     0     1      578.00      330.00        0.00
     0     1      578.00      326.00        0.00
     0     1      578.00      322.00        0.00
     0     1      578.00      317.00        0.00
     0     1      578.00      312.00        0.00
     0     1      578.00      308.00        0.00
     0     1      579.00      305.00        0.00
     0     1      580.00      301.00        0.00
     0     1      582.00      297.00        0.00
     0     1      583.00      294.00        0.00
     0     1      586.00      291.00        0.00
     0     1      588.00      288.00        0.00
     0     1      592.00      284.00        0.00
     0     1      595.00      281.00        0.00
     0     1      598.00      278.00        0.00
     0     1      601.00      276.00        0.00
     0     1      604.00      273.00        0.00
     0     1      606.00      270.00        0.00
     0     1      610.00      268.00        0.00
     0     1      613.00      266.00        0.00
     0     1      616.00      264.00        0.00
     0     1      619.00      262.00        0.00
     0     1      623.00      259.00        0.00
     0     1      627.00      257.00        0.00
     0     1      630.00      255.00        0.00
     0     1      634.00      253.00        0.00
     0     1      638.00      250.00        0.00
     0     1      641.00      249.00        0.00
     0     1      644.00      247.00        0.00
     0     1      649.00      246.00        0.00
     0     1      654.00      245.00        0.00
     0     1      657.00      243.00        0.00
     0     1      661.00      242.00        0.00
     0     1      666.00      241.00        0.00
     0     1      669.00      239.00        0.00
     0     1      672.00      237.00        0.00
     0     1      677.00      235.00        0.00
     0     1      682.00      233.00        0.00
     0     1      685.00      231.00        0.00
     0     1      688.00      230.00        0.00
     0     1      692.00      229.00        0.00
     0     1      695.00      227.00        0.00
     0     1      698.00      226.00        0.00
     0     1      702.00      226.00        0.00
     0     1      707.00      224.00        0.00
     0     1      711.00      223.00        0.00
     0     1      715.00      223.00        0.00
     0     1      720.00      222.00        0.00
     0     1      724.00      221.00        0.00
     0     1      728.00      221.00        0.00
     0     1      732.00      220.00        0.00
     0     1      735.00      219.00        0.00
     0     1      738.00      218.00        0.00
     0     1      741.00      217.00        0.00
     0     1      744.00      215.00        0.00
     0     1      748.00      214.00        0.00
     0     1      751.00      213.00        0.00
     0     1      754.00      212.00        0.00
     0     1      758.00      211.00        0.00
     0     1      761.00      210.00        0.00
     0     1      767.00      209.00        0.00
     0     1      772.00      209.00        0.00
     0     1      776.00      208.00        0.00
     0     1      780.00      208.00        0.00
     0     1      784.00      208.00        0.00
     0     1      787.00      209.00        0.00
     0     1      790.00      210.00        0.00
     0     1      793.00      211.00        0.00
     0     1      796.00      212.00        0.00
     0     1      799.00      213.00        0.00
     0     1      802.00      215.00        0.00
     0     1      805.00      217.00        0.00
     0     1      808.00      218.00        0.00
     0     1      811.00      220.00        0.00
     0     1      814.00      221.00        0.00
     0     1      817.00      223.00        0.00
     0     1      820.00      226.00        0.00
     0     1      823.00      227.00        0.00
     0     1      825.00      230.00        0.00
     0     1      828.00      233.00        0.00
     0     1      829.00      236.00        0.00
     0     1      830.00      239.00        0.00
     0     1      831.00      242.00        0.00
     0     1      832.00      246.00        0.00
     0     1      833.00      250.00        0.00
     0     1      834.00      253.00        0.00
     0     1      835.00      257.00        0.00
     0     1      836.00      260.00        0.00
     0     1      836.00      264.00        0.00
     0     1      836.00      269.00        0.00
     0     1      836.00      274.00        0.00
     0     1      836.00      278.00        0.00
     0     1      835.00      281.00        0.00
     0     1      834.00      285.00        0.00
     0     1      833.00      288.00        0.00
     0     1      831.00      291.00        0.00
     0     1      829.00      294.00        0.00
     0     1      827.00      297.00        0.00
     0     1      825.00      300.00        0.00
     0     1      823.00      303.00        0.00
     0     1      820.00      307.00        0.00
     0     1      816.00      310.00        0.00
     0     1      813.00      311.00        0.00
     0     1      809.00      315.00        0.00
     0     1      806.00      317.00        0.00
     0     1      803.00      320.00        0.00
     0     1      800.00      323.00        0.00
     0     1      797.00      326.00        0.00
     0     1      794.00      327.00        0.00
     0     1      791.00      328.00        0.00
     0     1      788.00      330.00        0.00
     0     1      785.00      332.00        0.00
     0     1      782.00      334.00        0.00
     0     1      779.00      336.00        0.00
     0     1      776.00      338.00        0.00
     0     1      773.00      340.00        0.00
     0     1      770.00      342.00        0.00
     0     1      767.00      344.00        0.00
     0     1      764.00      346.00        0.00
     0     1      761.00      348.00        0.00
     0     1      758.00      350.00        0.00
     0     1      755.00      351.00        0.00
     0     1      752.00      353.00        0.00
     0     1      749.00      356.00        0.00
     0     1      746.00      357.00        0.00
     0     1      743.00      359.00        0.00
     0     1      740.00      360.00        0.00
     0     1      737.00      362.00        0.00
     0     1      734.00      364.00        0.00
     0     1      731.00      366.00        0.00
     0     2      431.00      615.00        0.00
     0     2      428.50      615.00        0.00
     0     2      425.50      615.00        0.00
     0     2      422.50      615.00        0.00
     0     2      420.00      615.00        0.00
     0     2      417.50      615.00        0.00
     0     2      414.00      615.00        0.00
     0     2      411.00      614.50        0.00
     0     2      408.00      614.00        0.00
     0     2      405.50      613.50        0.00
     0     2      402.50      613.00        0.00
     0     2      400.50      611.50        0.00
     0     2      398.00      610.50        0.00
     0     2      395.00      610.00        0.00
     0     2      392.50      609.00        0.00
     0     2      389.50      608.50        0.00
     0     2      387.00      608.00        0.00
     0     2      384.50      608.00        0.00
     0     2      382.00      608.00        0.00
     0     2      379.50      607.50        0.00
     0     2      377.00      607.00        0.00
     0     2      374.50      606.50        0.00
     0     2      371.50      606.00        0.00
     0     2      368.50      606.00        0.00
     0     2      365.00      605.00        0.00
     0     2      362.50      605.00        0.00
     0     2      360.00      604.50        0.00
     0     2      357.00      604.00        0.00
     0     2      354.50      604.00        0.00
     0     2      351.50      603.50        0.00
     0     2      349.00      603.00        0.00
     0     2      346.50      602.50        0.00
     0     2      343.00      602.00        0.00
     0     2      339.50      601.50        0.00
     0     2      336.50      601.00        0.00
     0     2      333.00      600.50        0.00
     0     2      328.50      600.50        0.00
     0     2      323.00      600.00        0.00
     0     2      320.00      599.50        0.00
     0     2      317.00      599.00        0.00
     0     2      314.00      598.50        0.00
     0     2      310.50      597.50        0.00
     0     2      308.00      597.00        0.00
     0     2      305.50      596.50        0.00
     0     2      302.50      596.00        0.00
     0     2      299.50      596.00        0.00
     0     2      297.00      595.50        0.00
     0     2      294.00      595.00        0.00
     0     2      291.50      595.00        0.00
     0     2      289.00      595.00        0.00
     0     2      286.00      594.00        0.00
     0     2      283.50      593.50        0.00
     0     2      281.00      593.50        0.00
     0     2      278.50      593.00        0.00
     0     2      275.00      592.50        0.00
     0     2      272.00      592.00        0.00
     0     2      269.00      591.50        0.00
     0     2      265.50      591.00        0.00
     0     2      262.50      590.00        0.00
     0     2      259.50      590.00        0.00
     0     2      257.00      589.50        0.00
     0     2      254.50      589.50        0.00
     0     2      251.50      590.00        0.00
     0     2      248.50      590.50        0.00
     0     2      246.00      591.50        0.00
     0     2      243.00      592.50        0.00
     0     2      240.50      593.00        0.00
     0     2      238.00      593.50        0.00
     0     2      235.00      594.50        0.00
     0     2      232.00      595.50        0.00
     0     2      229.50      596.50        0.00
     0     2      227.00      597.00        0.00
     0     2      224.50      597.00        0.00
     0     2      222.00      597.50        0.00
     0     2      219.00      598.50        0.00
     0     2      216.50      599.00        0.00
     0     2      213.50      599.50        0.00
     0     2      211.00      600.00        0.00
     0     2      208.50      600.50        0.00
     0     2      206.00      601.00        0.00
     0     2      202.00      601.50        0.00
     0     2      199.00      601.50        0.00
     0     2      196.00      602.00        0.00
     0     2      193.00      602.00        0.00
     0     2      189.50      603.00        0.00
     0     2      187.00      603.50        0.00
     0     2      184.50      604.00        0.00
     0     2      181.50      605.00        0.00
     0     2      178.50      605.50        0.00
     0     2      176.50      607.00        0.00
     0     2      174.00      608.00        0.00
     0     2      171.50      609.00        0.00
     0     2      169.00      609.50        0.00
     0     2      166.00      610.00        0.00
     0     2      163.50      610.00        0.00
     0     2      161.00      610.00        0.00
     0     2      158.00      608.50        0.00
     0     2      155.50      607.50        0.00
     0     2      153.00      607.00        0.00
     0     2      150.50      607.00        0.00
     0     2      147.50      606.00        0.00
     0     2      144.50      605.00        0.00
     0     2      142.00      604.50        0.00
     0     2      139.50      603.50        0.00
     0     2      136.00      601.50        0.00
     0     2      133.50      600.00        0.00
     0     2      131.00      598.50        0.00
     0     2      128.50      596.50        0.00
     0     2      126.00      594.50        0.00
     0     2      123.50      593.00        0.00
     0     2      120.00      590.50        0.00
     0     2      118.00      587.50        0.00
     0     2      117.00      585.00        0.00
     0     2      115.50      582.50        0.00
     0     2      114.00      579.50        0.00
     0     2      113.00      577.00        0.00
     0     2      111.00      573.50        0.00
     0     2      110.50      571.00        0.00
     0     2      110.00      567.00        0.00
     0     2      108.50      565.00        0.00
     0     2      107.50      562.50        0.00
     0     2      107.00      559.50        0.00
     0     2      106.50      557.00        0.00
     0     2      105.50      554.50        0.00
     0     2      105.50      551.50        0.00
     0     2      105.50      548.00        0.00
     0     2      105.50      545.00        0.00
     0     2      105.50      542.00        0.00
     0     2      106.00      539.50        0.00
     0     2      106.50      536.50        0.00
     0     2      107.00      533.00        0.00
     0     2      108.50      529.50        0.00
     0     2      110.00      527.00        0.00
     0     2      111.50      524.00        0.00
     0     2      113.50      521.50        0.00
     0     2      116.00      519.50        0.00
     0     2      118.00      517.50        0.00
     0     2      120.00      515.50        0.00
     0     2      122.00      514.00        0.00
     0     2      124.00      512.50        0.00
     0     2      126.50      510.50        0.00
     0     2      129.00      509.00        0.00
     0     2      132.00      508.00        0.00
     0     2      135.00      506.50        0.00
     0     2      139.50      505.50        0.00
     0     2      142.50      505.00        0.00
     0     2      146.00      504.50        0.00
     0     2      150.50      504.00        0.00
     0     2      155.00      503.00        0.00
     0     2      160.50      501.00        0.00
     0     2      163.50      500.50        0.00
     0     2      167.00      499.50        0.00
     0     2      170.50      499.00        0.00
     0     2      174.00      498.50        0.00
     0     2      178.50      498.50        0.00
     0     2      182.50      498.50        0.00
     0     2      185.00      498.50        0.00
     0     2      188.00      498.50        0.00
     0     2      193.00      499.00        0.00
     0     2      196.50      499.00        0.00
     0     2      201.00      499.00        0.00
     0     2      204.00      499.00        0.00
     0     2      208.00      499.00        0.00
     0     2      212.50      499.00        0.00
     0     2      216.50      499.50        0.00
     0     2      219.00      499.50        0.00
     0     2      223.00      500.00        0.00
     0     2      226.00      500.00        0.00
     0     2      229.50      500.00        0.00
     0     2      234.50      500.00        0.00
     0     2      238.50      500.00        0.00
     0     2      242.50      500.50        0.00
     0     2      247.00      501.00        0.00
     0     2      249.50      501.00        0.00
     0     2      252.50      501.00        0.00
     0     2      256.00      501.00        0.00
     0     2      259.00      501.00        0.00
     0     2      262.00      501.00        0.00
     0     2      265.50      500.00        0.00
     0     2      268.00      499.50        0.00
     0     2      272.50      499.50        0.00
     0     2      275.00      499.00        0.00
     0     2      277.50      499.00        0.00
     0     2      280.50      499.00        0.00
     0     2      284.00      498.00        0.00
     0     2      287.00      497.50        0.00
     0     2      289.50      496.50        0.00
     0     2      292.50      495.00        0.00
     0     2      295.50      494.00        0.00
     0     2      298.00      493.50        0.00
     0     2      301.00      493.00        0.00
     0     2      303.50      492.50        0.00
     0     2      307.50      492.00        0.00
     0     2      310.50      492.00        0.00
     0     2      313.00      492.00        0.00
     0     2      319.00      492.00        0.00
     0     2      323.50      492.00        0.00
     0     2      326.50      492.00        0.00
     0     2      330.50      492.00        0.00
     0     2      333.00      492.50        0.00
     0     2      335.50      493.50        0.00
     0     2      338.00      494.00        0.00
     0     2      341.00      495.00        0.00
     0     2      343.50      495.50        0.00
     0     2      347.50      496.00        0.00
     0     2      350.00      496.50        0.00
     0     2      352.50      496.50        0.00
     0     2      355.00      496.50        0.00
     0     2      358.00      496.50        0.00
     0     2      360.50      496.50        0.00
     0     2      364.00      496.00        0.00
     0     2      368.00      495.00        0.00
     0     2      370.50      494.50        0.00
     0     2      373.50      494.00        0.00
     0     2      377.00      494.00        0.00
     0     2      379.50      494.00        0.00
     0     2      383.00      494.50        0.00
     0     2      385.50      495.00        0.00
     0     2      388.50      495.50        0.00
     0     2      392.00      496.00        0.00
     0     2      394.50      496.00        0.00
     0     2      397.50      496.00        0.00
     0     2      400.50      496.00        0.00
     0     2      403.00      496.00        0.00
     0     2      405.50      496.00        0.00
     0     2      408.50      496.00        0.00
     0     2      411.00      496.00        0.00
     0     2      414.00      496.00        0.00
     0     2      416.50      496.00        0.00
     0     2      420.50      496.00        0.00
     0     2      424.00      495.50        0.00
     0     2      427.50      495.50        0.00
     0     2      431.00      494.50        0.00
     0     2      434.50      494.00        0.00
     0     2      437.50      493.50        0.00
     0     2      440.00      493.50        0.00
     0     2      442.50      493.50        0.00
     0     2      445.00      493.00        0.00
     0     2      447.50      492.00        0.00
     0     2      451.00      491.50        0.00
     0     2      453.50      491.00        0.00
     0     2      456.00      490.50        0.00
     0     2      458.50      490.50        0.00
     0     2      461.00      490.50        0.00
     0     2      463.50      490.00        0.00
     0     2      466.50      489.50        0.00
     0     2      469.00      488.50        0.00
     0     2      472.00      488.00        0.00
     0     2      475.00      487.50        0.00
     0     2      478.00      486.50        0.00
     0     2      481.50      485.50        0.00
     0     2      484.00      484.50        0.00
     0     2      486.50      484.00        0.00
     0     2      489.50      483.00        0.00
     0     2      492.00      482.50        0.00
     0     2      495.50      482.00        0.00
     0     2      498.50      481.50        0.00
     0     2      501.50      481.50        0.00
     0     2      505.00      481.50        0.00
     0     2      507.50      481.50        0.00
     0     2      511.00      481.50        0.00
     0     2      513.50      482.50        0.00
     0     2      516.00      483.00        0.00
     0     2      518.50      483.00        0.00
     0     2      522.00      484.00        0.00
     0     2      525.00      484.50        0.00
     0     2      527.50      484.50        0.00
     0     2      530.00      485.00        0.00
     0     2      532.50      485.00        0.00
     0     2      535.50      485.00        0.00
     0     2      538.00      484.00        0.00
     0     2      540.50      483.00        0.00
     0     2      543.00      482.50        0.00
     0     2      545.50      482.00        0.00
     0     2      548.50      481.50        0.00
     0     2      551.50      481.00        0.00
     0     2      554.00      481.00        0.00
     0     2      556.50      481.50        0.00
     0     2      559.00      482.00        0.00
     0     2      562.00      482.50        0.00
     0     2      564.50      483.00        0.00
     0     2      567.50      483.50        0.00
     0     2      570.50      484.00        0.00
     0     2      573.00      484.00        0.00
     0     2      575.50      484.00        0.00
     0     2      578.00      484.00        0.00
     0     2      580.50      484.00        0.00
     0     2      583.50      484.50        0.00
     0     2      600.00      480.50        0.00
     0     2      605.50      480.00        0.00
     0     2      609.00      479.50        0.00
     0     2      611.50      478.50        0.00
     0     2      614.00      478.50        0.00
     0     2      617.00      477.50        0.00
     0     2      621.00      476.50        0.00
     0     2      623.50      475.50        0.00
     0     2      626.00      474.50        0.00
     0     2      629.00      473.00        0.00
     0     2      632.00      471.50        0.00
     0     2      634.50      470.00        0.00
     0     2      637.00      469.00        0.00
     0     2      639.50      467.50        0.00
     0     2      643.00      465.50        0.00
     0     2      645.50      464.00        0.00
     0     2      647.50      462.50        0.00
     0     2      650.00      461.00        0.00
     0     2      652.00      459.50        0.00
     0     2      654.50      457.50        0.00
     0     2      656.50      455.50        0.00
     0     2      659.00      453.00        0.00
     0     2      661.00      451.50        0.00
     0     2      663.50      450.00        0.00
     0     2      666.00      448.00        0.00
     0     2      668.00      446.00        0.00
     0     2      670.50      444.00        0.00
     0     2      673.00      442.00        0.00
     0     2      675.50      440.50        0.00
     0     2      678.00      439.50        0.00
     0     2      680.00      438.00        0.00
     0     2      681.50      435.50        0.00
     0     2      683.00      433.00        0.00
     0     2      684.50      431.00        0.00
     0     2      687.00      429.00        0.00
     0     2      689.00      427.50        0.00
     0     2      691.00      426.00        0.00
     0     2      693.00      424.00        0.00
     0     2      695.00      422.00        0.00
     0     2      696.50      420.00        0.00
     0     2      698.50      417.50        0.00
     0     2      699.50      415.00        0.00
     0     2      701.50      413.00        0.00
     0     2      703.00      410.50        0.00
     0     2      705.00      408.50        0.00
     0     2      707.50      406.50        0.00
     0     2      710.00      405.00        0.00
     0     2      712.50      404.00        0.00
     0     2      716.00      402.50        0.00
     0     2      719.00      401.00        0.00
     0     2      722.50      399.00        0.00
     0     2      725.00      397.50        0.00
     0     2      727.00      395.50        0.00
     0     2      729.00      393.00        0.00
     0     2      730.50      391.00        0.00
     0     2      732.00      389.00        0.00
     0     2      734.50      387.00        0.00
     0     2      736.50      385.00        0.00
     0     2      739.50      384.00        0.00
     0     2      742.00      381.50        0.00
     0     2      744.50      379.50        0.00
     0     2      746.00      377.50        0.00
     0     2      748.00      375.50        0.00
     0     2      750.00      374.00        0.00
     0     2      752.00      372.00        0.00
     0     2      754.50      370.50        0.00
     0     2      756.50      369.00        0.00
     0     2      759.50      368.00        0.00
     0     2      761.50      366.50        0.00
     0     2      764.50      365.00        0.00
     0     2      767.00      363.50        0.00
     0     2      770.00      362.50        0.00
     0     2      773.00      361.00        0.00
     0     2      775.50      360.50        0.00
     0     2      778.50      359.50        0.00
     0     2      781.00      359.00        0.00
     0     2      784.00      357.50        0.00
     0     2      786.00      356.00        0.00
     0     2      789.00      355.00        0.00
     0     2      791.50      353.50        0.00
     0     2      794.50      352.00        0.00
     0     2      797.00      351.00        0.00
     0     2      799.50      350.00        0.00
     0     2      802.00      348.50        0.00
     0     2      805.00      347.00        0.00
     0     2      807.50      346.00        0.00
     0     2      809.50      344.50        0.00
     0     2      812.50      343.00        0.00
     0     2      815.00      342.50        0.00
     0     2      818.00      341.50        0.00
     0     2      821.00      341.00        0.00
     0     2      823.50      340.50        0.00
     0     2      827.00      339.50        0.00
     0     2      829.50      339.00        0.00
     0     2      832.00      338.00        0.00
     0     2      835.00      336.50        0.00
     0     2      837.50      336.00        0.00
     0     2      840.00      336.00        0.00
     0     2      843.00      335.50        0.00
     0     2      846.00      334.50        0.00
     0     2      848.50      334.00        0.00
     0     2      852.00      333.00        0.00
     0     2      856.00      332.00        0.00
     0     2      859.00      331.00        0.00
     0     2      862.50      330.00        0.00
     0     2      864.50      328.50        0.00
     0     2      867.00      327.00        0.00
     0     2      869.50      326.00        0.00
     0     2      872.00      325.50        0.00
     0     2      874.50      325.00        0.00
     0     2      878.00      324.50        0.00
     0     2      881.50      324.00        0.00
     0     2      884.00      323.50        0.00
     0     2      886.50      322.50        0.00
     0     2      889.50      321.50        0.00
     0     2      892.50      321.00        0.00
     0     2      896.00      321.00        0.00
     0     2      899.00      320.50        0.00
     0     2      902.50      320.50        0.00
     0     2      905.00      320.50        0.00
     0     2      908.50      320.50        0.00
     0     2      911.00      320.50        0.00
     0     2      914.00      320.50        0.00
     0     2      917.00      321.00        0.00
     0     2      920.00      321.00        0.00
     0     2      924.00      321.00        0.00
     0     2      926.50      321.00        0.00
     0     2      929.50      321.00        0.00
     0     2      932.00      321.00        0.00
     0     2      935.00      321.00        0.00
     0     2      938.00      321.00        0.00
     0     2      941.00      321.00        0.00
     0     2      945.00      321.00        0.00
     0     2      947.50      321.50        0.00
     0     2      950.50      322.00        0.00
     0     2      953.00      323.00        0.00
     0     2      956.50      325.00        0.00
     0     2      959.50      326.50        0.00
     0     2      962.00      328.00        0.00
     0     2      965.50      330.50        0.00
     0     2      968.00      332.00        0.00
     0     2      971.00      334.50        0.00
     0     2      973.50      336.50        0.00
     0     2      977.00      338.00        0.00
     0     2      980.50      340.00        0.00
     0     2      983.00      342.00        0.00
     0     2      985.50      343.50        0.00
     0     2      988.00      345.00        0.00
     0     2      990.50      348.00        0.00
     0     2      992.50      350.00        0.00
     0     2      994.50      352.50        0.00
     0     2      996.50      354.50        0.00
     0     2      999.00      357.00        0.00
     0     2     1001.50      359.00        0.00
     0     2     1004.00      361.00        0.00
     0     2     1007.00      364.00        0.00
     0     2     1010.00      366.50        0.00
     0     2     1012.00      369.00        0.00
     0     2     1014.00      372.50        0.00
     0     2     1016.00      376.00        0.00
     0     2     1017.50      379.00        0.00
     0     2     1019.00      382.50        0.00
     0     2     1019.50      386.00        0.00
     0     2     1020.50      389.00        0.00
     0     2     1020.50      392.50        0.00
     0     2     1020.50      395.00        0.00
     0     2     1020.50      397.50        0.00
     0     2     1022.50      424.00        0.00
     0     2     1021.50      428.50        0.00
     0     2     1019.50      430.50        0.00
     0     2     1016.50      432.00        0.00
     0     2     1013.50      434.00        0.00
     0     2     1011.00      435.00        0.00
     0     2     1008.00      436.50        0.00
     0     2     1003.50      438.00        0.00
     0     2     1000.50      439.00        0.00
     0     2      998.00      439.50        0.00
     0     2      994.00      440.50        0.00
     0     2      990.50      440.50        0.00
     0     2      987.00      441.00        0.00
     0     2      982.50      441.00        0.00
     0     2      979.50      441.50        0.00
     0     2      976.00      442.00        0.00
     0     2      971.50      443.00        0.00
     0     2      969.00      443.50        0.00
     0     2      966.50      444.00        0.00
     0     2      963.50      445.00        0.00
     0     2      960.50      446.00        0.00
     0     2      958.00      447.50        0.00
     0     2      955.00      449.00        0.00
     0     2      951.00      450.50        0.00
     0     2      947.50      452.00        0.00
     0     2      944.50      453.00        0.00
     0     2      941.00      454.50        0.00
     0     2      936.00      456.50        0.00
     0     2      933.00      457.50        0.00
     0     2      930.00      459.00        0.00
     0     2      926.00      461.00        0.00
     0     2      923.00      462.00        0.00
     0     2      920.00      463.00        0.00
     0     2      917.00      464.50        0.00
     0     2      914.00      466.00        0.00
     0     2      911.50      467.00        0.00
     0     2      909.00      468.50        0.00
     0     2      906.50      469.00        0.00
     0     2      904.00      470.00        0.00
     0     2      901.00      471.50        0.00
     0     2      898.00      472.50        0.00
     0     2      895.50      473.50        0.00
     0     2      893.00      474.50        0.00
     0     2      864.50      480.00        0.00
     0     2      862.00      480.50        0.00
     0     2      859.00      481.00        0.00
     0     2      856.50      481.50        0.00
     0     2      853.00      482.50        0.00
     0     2      850.50      483.50        0.00
     0     2      848.00      484.00        0.00
     0     2      845.50      485.00        0.00
     0     2      843.50      486.50        0.00
     0     2      841.00      488.00        0.00
     0     2      838.50      489.50        0.00
     0     2      836.50      491.50        0.00
     0     2      834.00      493.00        0.00
     0     2      832.00      494.50        0.00
     0     2      829.00      496.00        0.00
     0     2      826.50      497.50        0.00
     0     2      824.00      498.50        0.00
     0     2      820.00      500.00        0.00
     0     2      818.00      501.50        0.00
     0     2      815.00      504.00        0.00
     0     2      812.50      506.50        0.00
     0     2      810.00      508.50        0.00
     0     2      808.50      510.50        0.00
     0     2      806.50      512.00        0.00
     0     2      804.50      513.50        0.00
     0     2      802.50      516.00        0.00
     0     2      800.50      518.00        0.00
     0     2      799.00      520.00        0.00
     0     2      797.00      522.00        0.00
     0     2      795.50      524.00        0.00
     0     2      793.50      526.50        0.00
     0     2      791.50      528.50        0.00
     0     2      790.00      532.00        0.00
     0     2      788.00      533.50        0.00
     0     2      787.00      536.00        0.00
     0     2      786.00      539.00        0.00
     0     2      784.50      541.00        0.00
     0     2      782.50      543.50        0.00
     0     2      780.50      546.00        0.00
     0     2      777.50      548.50        0.00
     0     2      775.50      550.00        0.00
     0     2      773.50      552.50        0.00
     0     2      771.00      554.50        0.00
     0     2      768.00      556.50        0.00
     0     2      765.00      558.50        0.00
     0     2      763.50      560.50        0.00
     0     2      761.00      562.00        0.00
     0     2      758.50      564.50        0.00
     0     2      756.00      566.50        0.00
     0     2      754.00      568.00        0.00
     0     2      751.50      570.50        0.00
     0     2      748.50      573.00        0.00
     0     2      746.00      575.50        0.00
     0     2      744.00      577.50        0.00
     0     2      742.00      580.00        0.00
     0     2      740.00      581.50        0.00
     0     2      738.00      583.00        0.00
     0     2      735.50      585.50        0.00
     0     2      733.00      587.00        0.00
     0     2      731.00      588.50        0.00
     0     2      728.00      589.50        0.00
     0     2      725.50      590.50        0.00
     0     2      722.50      593.00        0.00
     0     2      720.00      594.50        0.00
     0     2      718.00      596.50        0.00
     0     2      716.00      598.00        0.00
     0     2      714.00      600.00        0.00
     0     2      711.00      601.50        0.00
     0     2      708.50      603.00        0.00
     0     2      704.50      604.00        0.00
     0     2      701.50      605.00        0.00
     0     2      699.00      606.00        0.00
     0     2      695.50      607.00        0.00
     0     2      693.00      608.00        0.00
     0     2      690.00      609.00        0.00
     0     2      687.00      610.00        0.00
     0     2      684.50      611.00        0.00
     0     2      681.00      612.00        0.00
     0     2      678.50      613.00        0.00
     0     2      676.00      614.00        0.00
     0     2      673.50      614.50        0.00
     0     2      671.00      615.50        0.00
     0     2      668.00      617.00        0.00
     0     2      665.00      618.00        0.00
     0     2      662.50      618.50        0.00
     0     2      659.50      619.50        0.00
     0     2      657.00      620.00        0.00
     0     2      653.00      620.50        0.00
     0     2      650.00      620.50        0.00
     0     2      646.50      621.00        0.00
     0     2      643.50      621.00        0.00
     0     2      640.00      621.50        0.00
     0     2      636.50      621.50        0.00
     0     2      633.00      621.50        0.00
     0     2      630.50      621.50        0.00
     0     2      628.00      621.50        0.00
     0     2      625.00      621.50        0.00
     0     2      622.00      621.50        0.00
     0     2      619.00      621.50        0.00
     0     2      615.50      621.00        0.00
     0     2      612.50      621.00        0.00
     0     2      609.50      620.50        0.00
     0     2      606.00      620.00        0.00
     0     2      603.00      620.00        0.00
     0     2      600.00      619.50        0.00
     0     2      597.50      619.00        0.00
     0     2      595.00      618.50        0.00
     0     2      591.50      617.50        0.00
     0     2      589.00      617.50        0.00
     0     2      585.50      617.00        0.00
     0     2      582.50      617.00        0.00
     0     2      580.00      617.00        0.00
     0     2      577.50      617.00        0.00
     0     2      574.50      617.50        0.00
     0     2      571.50      617.50        0.00
     0     2      569.00      618.00        0.00
     0     2      566.50      618.00        0.00
     0     2      564.00      618.00        0.00
     0     2      561.50      618.50        0.00
     0     2      559.00      618.50        0.00
     0     2      555.00      619.00        0.00
     0     2      551.50      619.50        0.00
     0     2      548.00      620.00        0.00
     0     2      545.00      620.50        0.00
     0     2      542.00      620.50        0.00
     0     2      539.00      620.50        0.00
     0     2      536.00      620.50        0.00
     0     2      533.50      621.00        0.00
     0     2      530.50      621.00        0.00
     0     2      527.50      621.00        0.00
     0     2      525.00      621.50        0.00
     0     2      522.00      621.50        0.00
     0     2      519.00      621.50        0.00
     0     2      516.00      621.00        0.00
     0     2      513.00      621.00        0.00
     0     2      510.50      621.00        0.00
     0     2      507.50      621.00        0.00
     0     2      505.00      621.00        0.00
     0     2      502.50      621.00        0.00
     0     2      500.00      621.00        0.00
     0     2      497.00      621.00        0.00
     0     2      494.50      620.50        0.00
     0     2      492.00      620.00        0.00
     0     2      489.00      619.50        0.00
     0     2      486.00      619.50        0.00
     0     2      482.50      619.00        0.00
     0     2      480.00      618.50        0.00
     0     2      477.50      618.50        0.00
     0     2      474.00      618.50        0.00
     0     2      471.50      618.50        0.00
     0     2      469.00      618.00        0.00
     0     2      466.00      618.00        0.00
     0     2      462.50      618.00        0.00
     0     2      460.00      617.50        0.00
     0     2      457.50      616.50        0.00
     0     2      455.00      615.50        0.00
     0     2      452.50      614.50        0.00
     0     2      450.50      613.00        0.00
     0     2      448.00      612.00        0.00
     0     2      445.50      611.00        0.00
     0     2      443.00      612.00        0.00
     0     2      440.50      613.00        0.00
     0     3     1374.00      512.33        0.00
     0     3     1372.00      515.00        0.00
     0     3     1370.00      517.67        0.00
     0     3     1367.33      520.33        0.00
     0     3     1362.67      523.67        0.00
     0     3     1358.00      526.33        0.00
     0     3     1353.33      528.33        0.00
     0     3     1348.67      529.67        0.00
     0     3     1344.67      531.00        0.00
     0     3     1340.67      532.33        0.00
     0     3     1337.33      534.33        0.00
     0     3     1332.67      536.33        0.00
     0     3     1329.33      537.67        0.00
     0     3     1326.00      539.00        0.00
     0     3     1322.67      540.33        0.00
     0     3     1318.67      541.67        0.00
     0     3     1314.67      542.33        0.00
     0     3     1309.33      543.00        0.00
     0     3     1306.00      543.67        0.00
     0     3     1301.33      543.67        0.00
     0     3     1296.67      543.67        0.00
     0     3     1292.67      543.67        0.00
     0     3     1288.67      543.67        0.00
     0     3     1284.67      543.67        0.00
     0     3     1281.33      543.00        0.00
     0     3     1276.67      541.67        0.00
     0     3     1272.67      540.33        0.00
     0     3     1268.67      539.00        0.00
     0     3     1265.33      537.67        0.00
     0     3     1260.67      535.67        0.00
     0     3     1257.33      534.33        0.00
     0     3     1254.00      532.33        0.00
     0     3     1250.00      530.33        0.00
     0     3     1246.67      527.00        0.00
     0     3     1244.67      524.33        0.00
     0     3     1242.00      519.67        0.00
     0     3     1240.00      515.67        0.00
     0     3     1239.33      512.33        0.00
     0     3     1238.67      507.00        0.00
     0     3     1238.67      503.00        0.00
     0     3     1238.67      499.00        0.00
     0     3     1238.67      495.00        0.00
     0     3     1240.67      491.00        0.00
     0     3     1242.00      487.00        0.00
     0     3     1243.33      483.00        0.00
     0     3     1245.33      480.33        0.00
     0     3     1247.33      477.67        0.00
     0     3     1250.67      475.00        0.00
     0     3     1254.00      473.00        0.00
     0     3     1258.00      471.67        0.00
     0     3     1262.00      469.00        0.00
     0     3     1265.33      467.67        0.00
     0     3     1269.33      466.33        0.00
     0     3     1273.33      465.00        0.00
     0     3     1276.67      463.67        0.00
     0     3     1280.00      462.33        0.00
     0     3     1284.00      460.33        0.00
     0     3     1288.67      458.33        0.00
     0     3     1292.67      456.33        0.00
     0     3     1295.33      454.33        0.00
     0     3     1300.67      451.67        0.00
     0     3     1304.67      449.00        0.00
     0     3     1308.67      446.33        0.00
     0     3     1312.67      442.33        0.00
     0     3     1314.67      439.67        0.00
     0     3     1317.33      436.33        0.00
     0     3     1320.00      433.67        0.00
     0     3     1322.67      431.00        0.00
     0     3     1326.00      427.00        0.00
     0     3     1328.67      424.33        0.00
     0     3     1331.33      422.33        0.00
     0     3     1334.67      419.67        0.00
     0     3     1337.33      417.00        0.00
     0     3     1341.33      414.33        0.00
     0     3     1346.67      410.33        0.00
     0     3     1352.67      407.00        0.00
     0     3     1359.33      404.33        0.00
     0     3     1364.67      401.67        0.00
     0     3     1368.00      400.33        0.00
     0     3     1375.33      398.33        0.00
     0     4     1373.33      853.67        0.00
     0     4     1370.00      853.67        0.00
     0     4     1366.67      853.67        0.00
     0     4     1362.67      853.00        0.00
     0     4     1358.67      851.67        0.00
     0     4     1354.00      851.00        0.00
     0     4     1350.67      849.67        0.00
     0     4     1346.67      849.00        0.00
     0     4     1343.33      848.33        0.00
     0     4     1340.00      848.33        0.00
     0     4     1336.67      848.33        0.00
     0     4     1333.33      849.00        0.00
     0     4     1330.00      850.33        0.00
     0     4     1325.33      851.67        0.00
     0     4     1321.33      853.67        0.00
     0     4     1317.33      854.33        0.00
     0     4     1314.00      854.33        0.00
     0     4     1310.00      855.00        0.00
     0     4     1306.00      855.67        0.00
     0     4     1301.33      856.33        0.00
     0     4     1297.33      857.00        0.00
     0     4     1292.67      857.00        0.00
     0     4     1286.67      858.33        0.00
     0     4     1283.33      859.00        0.00
     0     4     1280.00      859.00        0.00
     0     4     1275.33      859.00        0.00
     0     4     1270.67      859.00        0.00
     0     4     1267.33      859.00        0.00
     0     4     1263.33      858.33        0.00
     0     4     1258.67      857.67        0.00
     0     4     1254.67      857.00        0.00
     0     4     1251.33      856.33        0.00
     0     4     1244.67      855.00        0.00
     0     4     1240.67      854.33        0.00
     0     4     1236.00      852.33        0.00
     0     4     1232.00      850.33        0.00
     0     4     1228.00      847.00        0.00
     0     4     1225.33      843.67        0.00
     0     4     1222.67      841.00        0.00
     0     4     1220.00      835.67        0.00
     0     4     1217.33      831.67        0.00
     0     4     1214.67      826.33        0.00
     0     4     1213.33      822.33        0.00
     0     4     1212.67      817.67        0.00
     0     4     1212.00      813.67        0.00
     0     4     1211.33      809.00        0.00
     0     4     1212.00      805.67        0.00
     0     4     1214.67      801.67        0.00
     0     4     1218.00      798.33        0.00
     0     4     1222.00      795.67        0.00
     0     4     1227.33      793.00        0.00
     0     4     1232.67      791.67        0.00
     0     4     1237.33      790.33        0.00
     0     4     1242.00      789.67        0.00
     0     4     1245.33      788.33        0.00
     0     4     1249.33      787.00        0.00
     0     4     1252.67      786.33        0.00
     0     4     1258.00      785.00        0.00
     0     4     1263.33      783.67        0.00
     0     4     1266.67      783.00        0.00
     0     4     1271.33      781.67        0.00
     0     4     1275.33      781.00        0.00
     0     4     1278.67      780.33        0.00
     0     4     1284.00      779.00        0.00
     0     4     1288.67      778.33        0.00
     0     4     1294.67      777.00        0.00
     0     4     1300.00      776.33        0.00
     0     4     1304.67      775.67        0.00
     0     4     1308.00      775.00        0.00
     0     4     1314.00      773.67        0.00
     0     4     1318.00      773.00        0.00
     0     4     1322.67      771.67        0.00
     0     4     1327.33      771.00        0.00
     0     4     1330.67      771.00        0.00
     0     4     1334.67      770.33        0.00
     0     4     1340.00      770.33        0.00
     0     4     1343.33      769.67        0.00
     0     4     1346.67      769.67        0.00
     0     4     1351.33      769.67        0.00
     0     4     1355.33      770.33        0.00
     0     4     1358.67      771.00        0.00
     0     4     1362.00      772.33        0.00
     0     4     1365.33      773.00        0.00
     0     4     1368.67      774.33        0.00
     0     4     1371.33      776.33        0.00
     0     4     1374.00      778.33        0.00
     0     5      690.00     1030.33        0.00
     0     5      693.33     1030.33        0.00
     0     5      696.00     1028.33        0.00
     0     5      699.33     1026.33        0.00
     0     5      702.00     1024.33        0.00
     0     5      704.67     1021.00        0.00
     0     5      706.67     1018.33        0.00
     0     5      710.00     1017.00        0.00
     0     5      713.33     1015.00        0.00
     0     5      716.00     1013.00        0.00
     0     5      718.67     1011.00        0.00
     0     5      722.00     1007.67        0.00
     0     5      724.00     1005.00        0.00
     0     5      724.00     1001.67        0.00
     0     5      725.33      998.33        0.00
     0     5      726.00      995.00        0.00
     0     5      728.00      992.33        0.00
     0     5      730.00      989.67        0.00
     0     5      732.00      987.00        0.00
     0     5      734.00      983.67        0.00
     0     5      736.00      979.67        0.00
     0     5      736.00      976.33        0.00
     0     5      736.67      973.00        0.00
     0     5      736.67      969.00        0.00
     0     5      736.00      965.00        0.00
     0     5      735.33      960.33        0.00
     0     5      734.67      957.00        0.00
     0     5      734.00      951.67        0.00
     0     5      732.67      948.33        0.00
     0     5      731.33      943.67        0.00
     0     5      730.67      939.67        0.00
     0     5      728.67      937.00        0.00
     0     5      725.33      931.67        0.00
     0     5      724.00      928.33        0.00
     0     5      722.67      924.33        0.00
     0     5      720.67      919.00        0.00
     0     5      719.33      915.00        0.00
     0     5      717.33      910.33        0.00
     0     5      715.33      905.00        0.00
     0     5      714.00      901.67        0.00
     0     5      711.33      896.33        0.00
     0     5      709.33      893.67        0.00
     0     5      706.67      891.00        0.00
     0     5      704.67      888.33        0.00
     0     5      700.67      885.00        0.00
     0     5      697.33      881.00        0.00
     0     5      694.00      878.33        0.00
     0     5      688.67      874.33        0.00
     0     5      684.00      871.00        0.00
     0     5      680.67      868.33        0.00
     0     5      677.33      864.33        0.00
     0     5      674.00      861.00        0.00
     0     5      670.00      855.67        0.00
     0     5      666.00      851.00        0.00
     0     5      662.00      845.00        0.00
     0     5      658.67      840.33        0.00
     0     5      655.33      834.33        0.00
     0     5      652.00      829.67        0.00
     0     5      650.00      825.00        0.00
     0     5      647.33      820.33        0.00
     0     5      645.33      816.33        0.00
     0     5      643.33      811.67        0.00
     0     5      642.67      807.67        0.00
     0     5      642.67      804.33        0.00
     0     5      642.67      799.00        0.00
     0     5      643.33      795.67        0.00
     0     5      644.00      792.33        0.00
     0     5      645.33      788.33        0.00
     0     5      646.67      785.00        0.00
     0     5      648.67      779.67        0.00
     0     5      650.00      776.33        0.00
     0     5      652.67      771.67        0.00
     0     5      654.67      769.00        0.00
     0     5      656.67      765.00        0.00
     0     5      658.67      761.00        0.00
     0     5      660.67      757.00        0.00
     0     5      662.67      753.67        0.00
     0     5      664.67      750.33        0.00
     0     5      667.33      746.33        0.00
     0     5      670.00      743.67        0.00
     0     5      673.33      739.67        0.00
     0     5      676.67      736.33        0.00
     0     5      680.67      732.33        0.00
     0     5      683.33      729.00        0.00
     0     5      688.67      725.67        0.00
     0     5      692.67      723.00        0.00
     0     5      697.33      721.00        0.00
     0     5      702.00      718.33        0.00
     0     5      705.33      716.33        0.00
     0     5      710.00      714.33        0.00
     0     5      714.00      713.00        0.00
     0     5      719.33      711.67        0.00
     0     5      723.33      710.33        0.00
     0     5      729.33      709.00        0.00
     0     5      734.00      709.00        0.00
     0     5      738.67      710.33        0.00
     0     5      745.33      712.33        0.00
     0     5      751.33      713.67        0.00
     0     5      758.67      717.00        0.00
     0     5      764.00      719.67        0.00
     0     5      770.00      721.67        0.00
     0     5      774.67      723.67        0.00
     0     5      780.00      726.33        0.00
     0     5      784.67      728.33        0.00
     0     5      789.33      730.33        0.00
     0     5      795.33      733.00        0.00
     0     5      800.00      735.67        0.00
     0     5      806.00      738.33        0.00
     0     5      810.67      739.67        0.00
     0     5      815.33      741.00        0.00
     0     5      819.33      742.33        0.00
     0     5      824.67      743.67        0.00
     0     5      829.33      744.33        0.00
     0     5      834.00      745.00        0.00
     0     5      840.00      747.00        0.00
     0     5      844.67      748.33        0.00
     0     5      851.33      751.00        0.00
     0     5      855.33      753.00        0.00
     0     5      861.33      755.67        0.00
     0     5      866.67      757.67        0.00
     0     5      870.00      759.00        0.00
     0     5      873.33      759.67        0.00
     0     5      877.33      761.67        0.00
     0     5      881.33      764.33        0.00
     0     5      884.67      766.33        0.00
     0     5      887.33      769.00        0.00
     0     5      890.00      771.67        0.00
     0     5      894.00      775.00        0.00
     0     5      897.33      778.33        0.00
     0     5      900.00      781.00        0.00
     0     5      904.00      784.33        0.00
     0     5      906.67      787.00        0.00
     0     5      909.33      790.33        0.00
     0     5      912.67      792.33        0.00
     0     5      916.67      794.33        0.00
     0     5      920.00      797.00        0.00
     0     5      922.67      799.67        0.00
     0     5      926.00      801.67        0.00
     0     5      930.00      806.33        0.00
     0     5      932.67      810.33        0.00
     0     5      935.33      814.33        0.00
     0     5      937.33      817.00        0.00
     0     5      940.00      821.00        0.00
     0     5      941.33      824.33        0.00
     0     5      944.00      829.00        0.00
     0     5      945.33      832.33        0.00
     0     5      947.33      835.67        0.00
     0     5      948.67      841.67        0.00
     0     5      950.00      846.33        0.00
     0     5      952.00      850.33        0.00
     0     5      953.33      855.00        0.00
     0     5      956.00      860.33        0.00
     0     5      957.33      863.67        0.00
     0     5      960.00      869.67        0.00
     0     5      962.00      874.33        0.00
     0     5      964.00      878.33        0.00
     0     5      966.00      882.33        0.00
     0     5      968.67      886.33        0.00
     0     5      972.00      891.67        0.00
     0     5      974.67      894.33        0.00
     0     5      978.00      899.00        0.00
     0     5      978.67      903.00        0.00
     0     5      979.33      907.00        0.00
     0     5      980.67      911.67        0.00
     0     5      981.33      916.33        0.00
     0     5      981.33      921.00        0.00
     0     5      981.33      925.00        0.00
     0     5      982.00      928.33        0.00
     0     5      982.00      932.33        0.00
     0     5      983.33      937.67        0.00
     0     5      984.67      941.67        0.00
     0     5      985.33      945.00        0.00
     0     5      986.67      949.67        0.00
     0     5      988.00      953.00        0.00
     0     5      990.00      957.00        0.00
     0     5      992.00      959.67        0.00
     0     5      992.67      964.33        0.00
     0     5      994.67      969.67        0.00
     0     5      996.00      973.00        0.00
     0     5      997.33      977.00        0.00
     0     5      998.00      981.00        0.00
     0     5      999.33      984.33        0.00
     0     5     1000.67      989.00        0.00
     0     5     1001.33      993.00        0.00
     0     5     1002.00      997.00        0.00
     0     5     1002.67     1001.00        0.00
     0     5     1002.67     1005.00        0.00
     0     5     1002.67     1008.33        0.00
     0     5     1002.67     1011.67        0.00
     0     5     1002.67     1015.00        0.00
     0     5     1003.33     1019.67        0.00
     0     5     1003.33     1023.00        0.00
     0     5     1004.00     1026.33        0.00
     0     5     1003.33     1029.67        0.00
     0     6     1158.67     1029.00        0.00
     0     6     1149.33     1022.33        0.00
     0     6     1142.00     1017.00        0.00
     0     6     1139.33     1015.00        0.00
     0     6     1136.00     1012.33        0.00
     0     6     1131.33     1008.33        0.00
     0     6     1128.00     1005.00        0.00
     0     6     1122.67     1001.67        0.00
     0     6     1119.33      999.00        0.00
     0     6     1114.67      995.00        0.00
     0     6     1110.00      991.00        0.00
     0     6     1106.00      986.33        0.00
     0     6     1102.67      982.33        0.00
     0     6     1098.00      977.67        0.00
     0     6     1096.00      974.33        0.00
     0     6     1092.00      969.67        0.00
     0     6     1089.33      966.33        0.00
     0     6     1086.67      963.67        0.00
     0     6     1083.33      959.67        0.00
     0     6     1078.67      957.00        0.00
     0     6     1074.67      953.67        0.00
     0     6     1072.00      951.67        0.00
     0     6     1067.33      949.00        0.00
     0     6     1063.33      947.00        0.00
     0     6     1060.00      945.00        0.00
     0     6     1056.67      942.33        0.00
     0     6     1053.33      939.67        0.00
     0     6     1048.00      935.67        0.00
     0     6     1044.67      932.33        0.00
     0     6     1041.33      929.00        0.00
     0     6     1038.67      924.33        0.00
     0     6     1036.67      920.33        0.00
     0     6     1032.67      915.00        0.00
     0     6     1030.00      911.00        0.00
     0     6     1028.00      906.33        0.00
     0     6     1024.67      901.67        0.00
     0     6     1022.00      898.33        0.00
     0     6     1018.00      894.33        0.00
     0     6     1014.00      891.67        0.00
     0     6     1010.00      888.33        0.00
     0     6     1006.67      885.67        0.00
     0     6     1004.00      882.33        0.00
     0     6     1001.33      879.67        0.00
     0     6      998.67      875.67        0.00
     0     6      996.67      873.00        0.00
     0     6      994.67      869.67        0.00
     0     6      993.33      866.33        0.00
     0     6      991.33      862.33        0.00
     0     6      989.33      858.33        0.00
     0     6      988.67      855.00        0.00
     0     6      988.67      851.67        0.00
     0     6      988.67      847.67        0.00
     0     6      989.33      844.33        0.00
     0     6      990.00      841.00        0.00
     0     6      990.67      836.33        0.00
     0     6      992.00      832.33        0.00
     0     6      993.33      828.33        0.00
     0     6      995.33      823.67        0.00
     0     6      996.67      820.33        0.00
     0     6      998.67      817.67        0.00
     0     6     1000.67      813.67        0.00
     0     6     1003.33      811.00        0.00
     0     6     1006.67      808.33        0.00
     0     6     1011.33      806.33        0.00
     0     6     1017.33      804.33        0.00
     0     6     1021.33      802.33        0.00
     0     6     1027.33      802.33        0.00
     0     6     1030.67      802.33        0.00
     0     6     1034.67      802.33        0.00
     0     6     1039.33      803.67        0.00
     0     6     1042.67      804.33        0.00
     0     6     1046.00      805.67        0.00
     0     6     1049.33      807.00        0.00
     0     6     1054.00      809.00        0.00
     0     6     1057.33      810.33        0.00
     0     6     1061.33      812.33        0.00
     0     6     1065.33      813.67        0.00
     0     6     1070.00      815.67        0.00
     0     6     1075.33      818.33        0.00
     0     6     1078.67      819.67        0.00
     0     6     1082.00      821.00        0.00
     0     6     1086.00      823.67        0.00
     0     6     1090.67      825.67        0.00
     0     6     1094.00      827.67        0.00
     0     6     1097.33      830.33        0.00
     0     6     1102.00      833.00        0.00
     0     6     1105.33      835.67        0.00
     0     6     1110.00      837.67        0.00
     0     6     1114.00      840.33        0.00
     0     6     1119.33      843.67        0.00
     0     6     1124.67      847.67        0.00
     0     6     1129.33      850.33        0.00
     0     6     1133.33      853.00        0.00
     0     6     1137.33      856.33        0.00
     0     6     1142.67      860.33        0.00
     0     6     1147.33      864.33        0.00
     0     6     1151.33      868.33        0.00
     0     6     1156.67      873.00        0.00
     0     6     1161.33      877.00        0.00
     0     6     1165.33      879.67        0.00
     0     6     1171.33      884.33        0.00
     0     6     1176.00      887.00        0.00
     0     6     1180.00      889.67        0.00
     0     6     1187.33      895.00        0.00
     0     6     1192.00      898.33        0.00
     0     6     1196.00      901.67        0.00
     0     6     1200.00      905.67        0.00
     0     6     1202.00      908.33        0.00
     0     6     1206.00      911.67        0.00
     0     6     1210.00      915.00        0.00
     0     6     1213.33      917.67        0.00
     0     6     1218.00      921.00        0.00
     0     6     1223.33      924.33        0.00
     0     6     1227.33      927.67        0.00
     0     6     1233.33      931.00        0.00
     0     6     1240.00      933.67        0.00
     0     6     1246.67      937.00        0.00
     0     6     1251.33      939.00        0.00
     0     6     1257.33      942.33        0.00
     0     6     1260.67      944.33        0.00
     0     6     1266.00      947.00        0.00
     0     6     1270.00      949.67        0.00
     0     6     1274.00      951.67        0.00
     0     6     1280.00      955.00        0.00
     0     6     1284.67      957.00        0.00
     0     6     1288.00      959.00        0.00
     0     6     1292.67      962.33        0.00
     0     6     1295.33      964.33        0.00
     0     6     1298.00      966.33        0.00
     0     6     1300.67      969.67        0.00
     0     6     1302.67      973.00        0.00
     0     6     1305.33      976.33        0.00
     0     6     1307.33      979.00        0.00
     0     6     1310.67      983.00        0.00
     0     6     1313.33      985.00        0.00
     0     6     1315.33      987.67        0.00
     0     6     1317.33      990.33        0.00
     0     6     1320.00      993.67        0.00
     0     6     1322.00      996.33        0.00
     0     6     1324.00     1000.33        0.00
     0     6     1326.67     1003.67        0.00
     0     6     1328.67     1006.33        0.00
     0     6     1330.00     1009.67        0.00
     0     6     1332.67     1013.00        0.00
     0     6     1334.00     1016.33        0.00
     0     6     1335.33     1019.67        0.00
     0     6     1336.67     1023.00        0.00
     0     6     1338.67     1025.67        0.00
     0     6     1340.67     1029.00        0.00
     1     0     1011.67      902.67        0.00
     1     0     1008.33      903.33        0.00
     1     0     1005.00      904.00        0.00
     1     0     1001.67      902.00        0.00
     1     0     1000.33      898.67        0.00
     1     0      999.67      894.67        0.00
     1     0     1000.33      891.33        0.00
     1     0     1002.33      888.67        0.00
     1     0     1005.67      887.33        0.00
     1     0     1009.00      887.33        0.00
     1     0     1012.33      888.00        0.00
     1     0     1014.33      890.67        0.00
     1     0     1015.00      894.00        0.00
     1     0     1013.67      897.33        0.00
     1     1      989.67      893.33        0.00
     1     1      987.67      896.00        0.00
     1     1      984.33      896.67        0.00
     1     1      980.33      896.67        0.00
     1     1      977.00      895.33        0.00
     1     1      974.33      892.67        0.00
     1     1      974.33      889.33        0.00
     1     1      975.67      886.00        0.00
     1     1      977.67      883.33        0.00
     1     1      981.00      882.00        0.00
     1     1      984.33      882.00        0.00
     1     1      987.67      882.67        0.00
     1     1      989.67      885.33        0.00
     1     2     1019.67      806.00        0.00
     1     2     1017.00      808.67        0.00
     1     2     1013.67      808.67        0.00
     1     2     1011.00      806.00        0.00
     1     2     1009.67      802.67        0.00
     1     2     1009.67      799.33        0.00
     1     2     1011.67      796.00        0.00
     1     2     1015.00      794.00        0.00
     1     2     1018.33      792.67        0.00
     1     2     1021.67      792.67        0.00
     1     2     1024.33      794.67        0.00
     1     2     1025.00      798.00        0.00
     1     2     1024.33      801.33        0.00
     1     2     1021.67      803.33        0.00
     1     3      720.67      990.00        0.00
     1     3      717.33      991.33        0.00
     1     3      714.00      992.00        0.00
     1     3      710.67      991.33        0.00
     1     3      708.67      988.00        0.00
     1     3      708.00      984.67        0.00
     1     3      707.33      981.33        0.00
     1     3      708.67      978.00        0.00
     1     3      710.67      975.33        0.00
     1     3      712.67      972.00        0.00
     1     3      715.33      970.00        0.00
     1     3      718.67      969.33        0.00
     1     3      722.00      969.33        0.00
     1     3      725.33      970.67        0.00
     1     3      728.67      972.00        0.00
     1     3      729.33      975.33        0.00
     1     3      729.33      978.67        0.00
     1     3      727.33      982.00        0.00
     1     4      298.00      610.33        0.00
     1     4      294.67      612.33        0.00
     1     4      290.67      613.00        0.00
     1     4      287.33      613.00        0.00
     1     4      284.67      611.00        0.00
     1     4      284.67      607.67        0.00
     1     4      284.00      604.33        0.00
     1     4      284.67      601.00        0.00
     1     4      286.67      597.67        0.00
     1     4      290.00      597.00        0.00
     1     4      293.33      597.00        0.00
     1     4      296.67      597.67        0.00
     1     4      299.33      599.67        0.00
     1     4      300.67      603.00        0.00
     1     5      388.00      620.33        0.00
     1     5      385.33      622.33        0.00
     1     5      382.00      623.67        0.00
     1     5      378.67      624.33        0.00
     1     5      376.00      622.33        0.00
     1     5      374.00      619.67        0.00
     1     5      373.33      616.33        0.00
     1     5      375.33      613.67        0.00
     1     5      378.67      613.00        0.00
     1     5      382.00      613.00        0.00
     1     5      385.33      614.33        0.00
     1     6      402.67      624.33        0.00
     1     6      398.67      624.33        0.00
     1     6      395.33      625.00        0.00
     1     6      392.00      625.00        0.00
     1     6      390.67      621.67        0.00
     1     6      390.00      618.33        0.00
     1     6      392.67      616.33        0.00
     1     6      396.00      615.67        0.00
     1     6      399.33      615.67        0.00
     1     6      402.00      617.67        0.00
     1     7      859.67      282.00        0.00
     1     7      857.67      284.67        0.00
     1     7      854.33      285.33        0.00
     1     7      850.33      285.33        0.00
     1     7      847.67      283.33        0.00
     1     7      845.67      280.67        0.00
     1     7      846.33      277.33        0.00
     1     7      849.00      275.33        0.00
     1     7      852.33      273.33        0.00
     1     7      856.33      273.33        0.00
     1     7      859.67      274.67        0.00
     1     7      859.00      278.00        0.00
     1     8      848.33      298.67        0.00
     1     8      846.33      302.67        0.00
     1     8      844.33      306.67        0.00
     1     8      841.00      307.33        0.00
     1     8      837.67      307.33        0.00
     1     8      834.33      306.00        0.00
     1     8      831.67      303.33        0.00
     1     8      830.33      300.00        0.00
     1     8      830.33      296.67        0.00
     1     8      833.00      294.00        0.00
     1     8      836.33      292.00        0.00
     1     8      839.67      291.33        0.00
     1     8      843.00      290.67        0.00
     1     8      846.33      291.33        0.00
     1     8      847.67      294.67        0.00
     1     9      835.67      316.67        0.00
     1     9      833.00      322.00        0.00
     1     9      830.33      324.00        0.00
     1     9      827.67      326.00        0.00
     1     9      823.67      326.67        0.00
     1     9      821.00      324.67        0.00
     1     9      818.33      322.00        0.00
     1     9      815.67      319.33        0.00
     1     9      814.33      316.00        0.00
     1     9      815.00      312.00        0.00
     1     9      817.67      309.33        0.00
     1     9      819.67      306.67        0.00
     1     9      823.00      306.00        0.00
     1     9      826.33      306.00        0.00
     1     9      829.67      306.67        0.00
     1     9      831.67      309.33        0.00
     1    10      787.67      346.00        0.00
     1    10      785.67      348.67        0.00
     1    10      782.33      350.00        0.00
     1    10      779.00      350.00        0.00
     1    10      776.33      348.00        0.00
     1    10      775.67      344.67        0.00
     1    10      778.33      342.67        0.00
     1    10      781.67      341.33        0.00
     1    10      785.00      340.00        0.00
     1    10      788.33      339.33        0.00
     1    10      791.67      340.67        0.00
     1    10      791.00      344.00        0.00
     1    11      740.33      376.00        0.00
     1    11      737.00      377.33        0.00
     1    11      733.67      378.67        0.00
     1    11      730.33      377.33        0.00
     1    11      729.67      374.00        0.00
     1    11      731.67      371.33        0.00
     1    11      735.00      369.33        0.00
     1    11      738.33      368.67        0.00
     1    11      741.67      368.67        0.00
     1    11      741.67      372.00        0.00
     1    12      720.33      388.00        0.00
     1    12      721.00      391.33        0.00
     1    12      717.67      393.33        0.00
     1    12      715.00      396.00        0.00
     1    12      711.67      396.00        0.00
     1    12      709.67      393.33        0.00
     1    12      709.67      390.00        0.00
     1    12      710.33      386.67        0.00
     1    12      713.67      385.33        0.00
     1    13      527.00      466.33        0.00
     1    13      524.33      468.33        0.00
     1    13      521.00      468.33        0.00
     1    13      517.67      468.33        0.00
     1    13      515.67      465.67        0.00
     1    13      515.00      462.33        0.00
     1    13      515.00      458.33        0.00
     1    13      517.67      455.67        0.00
     1    13      521.00      454.33        0.00
     1    13      524.33      454.33        0.00
     1    13      527.00      456.33        0.00
     1    13      529.00      459.00        0.00
     1    13      529.00      462.33        0.00
     1    14      500.33      475.67        0.00
     1    14      498.33      478.33        0.00
     1    14      495.00      480.33        0.00
     1    14      491.67      480.33        0.00
     1    14      489.67      477.67        0.00
     1    14      488.33      473.67        0.00
     1    14      488.33      469.67        0.00
     1    14      490.33      467.00        0.00
     1    14      493.67      465.67        0.00
     1    14      497.00      465.00        0.00
     1    14      500.33      465.00        0.00
     1    14      502.33      467.67        0.00
     1    14      503.00      471.00        0.00
     1    15      440.33      482.33        0.00
     1    15      437.00      485.67        0.00
     1    15      433.67      485.67        0.00
     1    15      431.00      483.00        0.00
     1    15      429.67      479.67        0.00
     1    15      429.00      476.33        0.00
     1    15      429.00      473.00        0.00
     1    15      429.67      469.67        0.00
     1    15      433.00      469.00        0.00
     1    15      436.33      469.00        0.00
     1    15      439.67      470.33        0.00
     1    15      442.33      473.00        0.00
     1    15      443.00      476.33        0.00
     1    16      340.33      475.00        0.00
     1    16      337.67      477.67        0.00
     1    16      334.33      479.00        0.00
     1    16      331.00      479.00        0.00
     1    16      327.67      478.33        0.00
     1    16      325.00      476.33        0.00
     1    16      322.33      474.33        0.00
     1    16      321.67      471.00        0.00
     1    16      322.33      467.67        0.00
     1    16      325.00      465.00        0.00
     1    16      328.33      463.67        0.00
     1    16      332.33      463.67        0.00
     1    16      335.67      465.00        0.00
     1    16      338.33      467.00        0.00
     1    16      339.67      470.33        0.00
