     0     0      684.00      472.00        0.00
     0     0      680.00      473.00        0.00
     0     0      684.00      469.00        0.00
     0     0      687.00      466.00        0.00
     0     0      692.00      462.00        0.00
     0     0      695.00      460.00        0.00
     0     0      697.00      457.00        0.00
     0     0      701.00      453.00        0.00
     0     0      704.00      450.00        0.00
     0     0      707.00      448.00        0.00
     0     0      709.00      445.00        0.00
     0     0      713.00      443.00        0.00
     0     0      715.00      440.00        0.00
     0     0      719.00      436.00        0.00
     0     0      722.00      434.00        0.00
     0     0      726.00      430.00        0.00
     0     0      728.00      427.00        0.00
     0     0      731.00      425.00        0.00
     0     0      734.00      422.00        0.00
     0     0      736.00      418.00        0.00
     0     0      739.00      413.00        0.00
     0     0      742.00      409.00        0.00
     0     0      743.00      406.00        0.00
     0     0      745.00      403.00        0.00
     0     0      746.00      400.00        0.00
     0     0      747.00      397.00        0.00
     0     0      750.00      393.00        0.00
     0     0      752.00      390.00        0.00
     0     0      754.00      387.00        0.00
     0     0      757.00      384.00        0.00
     0     0      760.00      381.00        0.00
     0     0      765.00      377.00        0.00
     0     0      768.00      373.00        0.00
     0     0      772.00      371.00        0.00
     0     0      775.00      369.00        0.00
     0     0      778.00      366.00        0.00
     0     0      782.00      363.00        0.00
     0     0      785.00      361.00        0.00
     0     0      789.00      359.00        0.00
     0     0      793.00      356.00        0.00
     0     0      797.00      354.00        0.00
     0     0      800.00      352.00        0.00
     0     0      804.00      348.00        0.00
     0     0      807.00      346.00        0.00
     0     0      810.00      344.00        0.00
     0     0      813.00      341.00        0.00
     0     0      816.00      339.00        0.00
     0     0      818.00      336.00        0.00
     0     0      822.00      333.00        0.00
     0     0      825.00      331.00        0.00
     0     0      829.00      327.00        0.00
     0     0      832.00      324.00        0.00
     0     0      835.00      321.00        0.00
     0     0      839.00      318.00        0.00
     0     0      843.00      314.00        0.00
     0     0      848.00      310.00        0.00
     0     0      851.00      307.00        0.00
     0     0      854.00      305.00        0.00
     0     0      857.00      303.00        0.00
     0     0      861.00      300.00        0.00
     0     0      864.00      298.00        0.00
     0     0      867.00      295.00        0.00
     0     0      870.00      293.00        0.00
     0     0      874.00      290.00        0.00
     0     0      876.00      287.00        0.00
     0     0      879.00      283.00        0.00
     0     0      882.00      280.00        0.00
     0     0      885.00      277.00        0.00
     0     0      887.00      274.00        0.00
     0     0      889.00      271.00        0.00
     0     0      892.00      267.00        0.00
     0     0      895.00      265.00        0.00
     0     0      898.00      261.00        0.00
     0     0      901.00      259.00        0.00
     0     0      904.00      256.00        0.00
     0     0      906.00      253.00        0.00
     0     0      909.00      251.00        0.00
     0     0      913.00      248.00        0.00
     0     0      916.00      246.00        0.00
     0     0      919.00      244.00        0.00
     0     0      922.00      242.00        0.00
     0     0      927.00      240.00        0.00
     0     0      932.00      238.00        0.00
     0     0      937.00      236.00        0.00
     0     0      941.00      235.00        0.00
     0     0      946.00      232.00        0.00
     0     0      949.00      230.00        0.00
     0     0      953.00      228.00        0.00
     0     0      956.00      226.00        0.00
     0     0      960.00      224.00        0.00
     0     0      963.00      222.00        0.00
     0     0      969.00      220.00        0.00
     0     0      973.00      219.00        0.00
     0     0      977.00      218.00        0.00
     0     0      981.00      217.00        0.00
     0     0      985.00      217.00        0.00
     0     0      989.00      216.00        0.00
     0     0      993.00      216.00        0.00
     0     0      996.00      215.00        0.00
     0     0     1000.00      213.00        0.00
     0     0     1003.00      212.00        0.00
     0     0     1007.00      209.00        0.00
     0     0     1012.00      207.00        0.00
     0     0     1015.00      204.00        0.00
     0     0     1019.00      202.00        0.00
     0     0     1024.00      199.00        0.00
     0     0     1028.00      197.00        0.00
     0     0     1031.00      195.00        0.00
     0     0     1034.00      192.00        0.00
     0     0     1037.00      189.00        0.00
     0     0     1041.00      186.00        0.00
     0     0     1046.00      182.00        0.00
     0     0     1049.00      179.00        0.00
     0     0     1052.00      176.00        0.00
     0     0     1056.00      173.00        0.00
     0     0     1059.00      169.00        0.00
     0     0     1061.00      166.00        0.00
     0     0     1064.00      163.00        0.00
     0     0     1067.00      161.00        0.00
     0     0     1070.00      159.00        0.00
     0     0     1073.00      156.00        0.00
     0     0     1077.00      153.00        0.00
     0     0     1080.00      151.00        0.00
     0     0     1083.00      149.00        0.00
     0     0     1086.00      146.00        0.00
     0     0     1090.00      143.00        0.00
     0     0     1093.00      141.00        0.00
     0     0     1097.00      138.00        0.00
     0     0     1100.00      136.00        0.00
     0     0     1103.00      133.00        0.00
     0     0     1107.00      131.00        0.00
     0     0     1110.00      129.00        0.00
     0     0     1114.00      127.00        0.00
     0     0     1119.00      124.00        0.00
     0     0     1124.00      121.00        0.00
     0     0     1127.00      120.00        0.00
     0     0     1131.00      117.00        0.00
     0     0     1136.00      114.00        0.00
     0     0     1140.00      113.00        0.00
     0     0     1143.00      111.00        0.00
     0     0     1146.00      109.00        0.00
     0     0     1149.00      107.00        0.00
     0     0     1153.00      105.00        0.00
     0     0     1157.00      103.00        0.00
     0     0     1161.00      101.00        0.00
     0     0     1164.00      100.00        0.00
     0     0     1167.00       99.00        0.00
     0     0     1172.00       97.00        0.00
     0     0     1176.00       95.00        0.00
     0     0     1181.00       94.00        0.00
     0     0     1188.00       93.00        0.00
     0     0     1195.00       91.00        0.00
     0     0     1201.00       90.00        0.00
     0     0     1205.00       89.00        0.00
     0     0     1210.00       89.00        0.00
     0     0     1214.00       89.00        0.00
     0     0     1220.00       88.00        0.00
     0     0     1224.00       88.00        0.00
     0     0     1228.00       88.00        0.00
     0     0     1235.00       87.00        0.00
     0     0     1241.00       86.00        0.00
     0     0     1246.00       84.00        0.00
     0     0     1252.00       83.00        0.00
     0     0     1257.00       82.00        0.00
     0     0     1261.00       82.00        0.00
     0     0     1267.00       82.00        0.00
     0     0     1271.00       81.00        0.00
     0     0     1276.00       81.00        0.00
     0     0     1282.00       81.00        0.00
     0     0     1288.00       81.00        0.00
     0     0     1292.00       81.00        0.00
     0     0     1296.00       82.00        0.00
     0     0     1301.00       82.00        0.00
     0     0     1305.00       82.00        0.00
     0     0     1309.00       82.00        0.00
     0     0     1312.00       81.00        0.00
     0     0     1318.00       81.00        0.00
     0     0     1324.00       81.00        0.00
     0     0     1328.00       81.00        0.00
     0     0     1332.00       81.00        0.00
     0     0     1338.00       81.00        0.00
     0     0     1342.00       82.00        0.00
     0     0     1345.00       83.00        0.00
     0     0     1349.00       83.00        0.00
     0     0     1355.00       84.00        0.00
     0     0     1359.00       84.00        0.00
     0     0     1363.00       84.00        0.00
     0     0     1366.00       85.00        0.00
     0     0     1369.00       86.00        0.00
     0     0     1374.00      235.00        0.00
     0     0     1373.00      238.00        0.00
     0     0     1370.00      240.00        0.00
     0     0     1367.00      242.00        0.00
     0     0     1362.00      243.00        0.00
     0     0     1358.00      243.00        0.00
     0     0     1354.00      244.00        0.00
     0     0     1350.00      244.00        0.00
     0     0     1346.00      244.00        0.00
     0     0     1343.00      245.00        0.00
     0     0     1340.00      246.00        0.00
     0     0     1337.00      247.00        0.00
     0     0     1333.00      247.00        0.00
     0     0     1328.00      247.00        0.00
     0     0     1325.00      248.00        0.00
     0     0     1319.00      249.00        0.00
     0     0     1314.00      250.00        0.00
     0     0     1309.00      251.00        0.00
     0     0     1305.00      252.00        0.00
     0     0     1301.00      253.00        0.00
     0     0     1298.00      254.00        0.00
     0     0     1293.00      255.00        0.00
     0     0     1289.00      256.00        0.00
     0     0     1285.00      257.00        0.00
     0     0     1281.00      258.00        0.00
     0     0     1278.00      259.00        0.00
     0     0     1273.00      260.00        0.00
     0     0     1269.00      261.00        0.00
     0     0     1264.00      263.00        0.00
     0     0     1259.00      265.00        0.00
     0     0     1255.00      266.00        0.00
     0     0     1251.00      268.00        0.00
     0     0     1245.00      270.00        0.00
     0     0     1241.00      271.00        0.00
     0     0     1236.00      274.00        0.00
     0     0     1232.00      276.00        0.00
     0     0     1229.00      278.00        0.00
     0     0     1225.00      280.00        0.00
     0     0     1220.00      282.00        0.00
     0     0     1217.00      283.00        0.00
     0     0     1211.00      285.00        0.00
     0     0     1208.00      286.00        0.00
     0     0     1204.00      288.00        0.00
     0     0     1199.00      290.00        0.00
     0     0     1195.00      292.00        0.00
     0     0     1191.00      294.00        0.00
     0     0     1187.00      297.00        0.00
     0     0     1183.00      300.00        0.00
     0     0     1180.00      302.00        0.00
     0     0     1177.00      305.00        0.00
     0     0     1174.00      307.00        0.00
     0     0     1171.00      310.00        0.00
     0     0     1167.00      312.00        0.00
     0     0     1164.00      314.00        0.00
     0     0     1160.00      317.00        0.00
     0     0     1156.00      319.00        0.00
     0     0     1151.00      322.00        0.00
     0     0     1147.00      325.00        0.00
     0     0     1142.00      328.00        0.00
     0     0     1137.00      330.00        0.00
     0     0     1133.00      333.00        0.00
     0     0     1129.00      336.00        0.00
     0     0     1126.00      338.00        0.00
     0     0     1123.00      341.00        0.00
     0     0     1119.00      345.00        0.00
     0     0     1116.00      349.00        0.00
     0     0     1112.00      351.00        0.00
     0     0     1109.00      353.00        0.00
     0     0     1106.00      356.00        0.00
     0     0     1103.00      359.00        0.00
     0     0     1101.00      362.00        0.00
     0     0     1098.00      365.00        0.00
     0     0     1095.00      368.00        0.00
     0     0     1092.00      372.00        0.00
     0     0     1089.00      376.00        0.00
     0     0     1086.00      379.00        0.00
     0     0     1082.00      383.00        0.00
     0     0     1079.00      387.00        0.00
     0     0     1076.00      390.00        0.00
     0     0     1073.00      393.00        0.00
     0     0     1070.00      395.00        0.00
     0     0     1067.00      398.00        0.00
     0     0     1064.00      400.00        0.00
     0     0     1061.00      403.00        0.00
     0     0     1058.00      407.00        0.00
     0     0     1056.00      410.00        0.00
     0     0     1052.00      413.00        0.00
     0     0     1050.00      417.00        0.00
     0     0     1047.00      420.00        0.00
     0     0     1045.00      423.00        0.00
     0     0     1042.00      427.00        0.00
     0     0     1041.00      430.00        0.00
     0     0     1038.00      433.00        0.00
     0     0     1035.00      436.00        0.00
     0     0     1032.00      439.00        0.00
     0     0     1029.00      442.00        0.00
     0     0     1027.00      445.00        0.00
     0     0     1023.00      449.00        0.00
     0     0     1021.00      453.00        0.00
     0     0     1019.00      457.00        0.00
     0     0     1018.00      460.00        0.00
     0     0     1018.00      465.00        0.00
     0     0     1018.00      471.00        0.00
     0     0     1018.00      475.00        0.00
     0     0     1017.00      480.00        0.00
     0     0     1016.00      483.00        0.00
     0     0     1014.00      487.00        0.00
     0     0     1011.00      490.00        0.00
     0     0     1007.00      492.00        0.00
     0     0     1004.00      495.00        0.00
     0     0     1001.00      498.00        0.00
     0     0      997.00      502.00        0.00
     0     0      994.00      504.00        0.00
     0     0      990.00      507.00        0.00
     0     0      985.00      509.00        0.00
     0     0      982.00      511.00        0.00
     0     0      978.00      514.00        0.00
     0     0      975.00      516.00        0.00
     0     0      972.00      519.00        0.00
     0     0      969.00      520.00        0.00
     0     0      967.00      523.00        0.00
     0     0      964.00      526.00        0.00
     0     0      960.00      529.00        0.00
     0     0      957.00      530.00        0.00
     0     0      954.00      532.00        0.00
     0     0      951.00      534.00        0.00
     0     0      948.00      538.00        0.00
     0     0      945.00      540.00        0.00
     0     0      942.00      542.00        0.00
     0     0      938.00      545.00        0.00
     0     0      935.00      548.00        0.00
     0     0      930.00      551.00        0.00
     0     0      925.00      556.00        0.00
     0     0      921.00      560.00        0.00
     0     0      918.00      562.00        0.00
     0     0      915.00      565.00        0.00
     0     0      911.00      568.00        0.00
     0     0      906.00      569.00        0.00
     0     0      886.00      580.00        0.00
     0     0      884.00      583.00        0.00
     0     0      881.00      585.00        0.00
     0     0      877.00      586.00        0.00
     0     0      873.00      588.00        0.00
     0     0      868.00      590.00        0.00
     0     0      862.00      593.00        0.00
     0     0      857.00      597.00        0.00
     0     0      853.00      599.00        0.00
     0     0      850.00      602.00        0.00
     0     0      847.00      605.00        0.00
     0     0      844.00      609.00        0.00
     0     0      840.00      613.00        0.00
     0     0      837.00      616.00        0.00
     0     0      833.00      619.00        0.00
     0     0      830.00      621.00        0.00
     0     0      825.00      624.00        0.00
     0     0      821.00      627.00        0.00
     0     0      817.00      630.00        0.00
     0     0      811.00      633.00        0.00
     0     0      807.00      636.00        0.00
     0     0      802.00      639.00        0.00
     0     0      799.00      641.00        0.00
     0     0      797.00      644.00        0.00
     0     0      794.00      647.00        0.00
     0     0      791.00      649.00        0.00
     0     0      788.00      651.00        0.00
     0     0      785.00      655.00        0.00
     0     0      782.00      656.00        0.00
     0     0      778.00      658.00        0.00
     0     0      775.00      660.00        0.00
     0     0      771.00      662.00        0.00
     0     0      768.00      663.00        0.00
     0     0      765.00      664.00        0.00
     0     0      760.00      666.00        0.00
     0     0      755.00      668.00        0.00
     0     0      751.00      670.00        0.00
     0     0      745.00      672.00        0.00
     0     0      739.00      675.00        0.00
     0     0      734.00      676.00        0.00
     0     0      728.00      677.00        0.00
     0     0      724.00      679.00        0.00
     0     0      719.00      680.00        0.00
     0     0      715.00      681.00        0.00
     0     0      712.00      682.00        0.00
     0     0      707.00      683.00        0.00
     0     0      703.00      684.00        0.00
     0     0      698.00      686.00        0.00
     0     0      694.00      688.00        0.00
     0     0      689.00      689.00        0.00
     0     0      685.00      691.00        0.00
     0     0      681.00      693.00        0.00
     0     0      677.00      694.00        0.00
     0     0      673.00      696.00        0.00
     0     0      669.00      697.00        0.00
     0     0      666.00      699.00        0.00
     0     0      661.00      702.00        0.00
     0     0      657.00      704.00        0.00
     0     0      653.00      707.00        0.00
     0     0      649.00      709.00        0.00
     0     0      644.00      712.00        0.00
     0     0      640.00      715.00        0.00
     0     0      635.00      717.00        0.00
     0     0      630.00      720.00        0.00
     0     0      626.00      723.00        0.00
     0     0      619.00      726.00        0.00
     0     0      612.00      729.00        0.00
     0     0      606.00      732.00        0.00
     0     0      601.00      735.00        0.00
     0     0      594.00      738.00        0.00
     0     0      589.00      741.00        0.00
     0     0      585.00      742.00        0.00
     0     0      580.00      744.00        0.00
     0     0      576.00      746.00        0.00
     0     0      572.00      748.00        0.00
     0     0      569.00      749.00        0.00
     0     0      564.00      750.00        0.00
     0     0      561.00      752.00        0.00
     0     0      555.00      755.00        0.00
     0     0      550.00      758.00        0.00
     0     0      546.00      760.00        0.00
     0     0      543.00      762.00        0.00
     0     0      540.00      763.00        0.00
     0     0      537.00      766.00        0.00
     0     0      534.00      768.00        0.00
     0     0      530.00      771.00        0.00
     0     0      527.00      774.00        0.00
     0     0      524.00      776.00        0.00
     0     0      521.00      779.00        0.00
     0     0      517.00      782.00        0.00
     0     0      512.00      786.00        0.00
     0     0      509.00      789.00        0.00
     0     0      507.00      792.00        0.00
     0     0      504.00      796.00        0.00
     0     0      502.00      799.00        0.00
     0     0      499.00      802.00        0.00
     0     0      496.00      805.00        0.00
     0     0      491.00      808.00        0.00
     0     0      475.00      823.00        0.00
     0     0      469.00      826.00        0.00
     0     0      466.00      827.00        0.00
     0     0      461.00      828.00        0.00
     0     0      455.00      830.00        0.00
     0     0      450.00      832.00        0.00
     0     0      447.00      834.00        0.00
     0     0      442.00      836.00        0.00
     0     0      439.00      838.00        0.00
     0     0      434.00      841.00        0.00
     0     0      430.00      843.00        0.00
     0     0      423.00      846.00        0.00
     0     0      419.00      849.00        0.00
     0     0      414.00      853.00        0.00
     0     0      408.00      856.00        0.00
     0     0      403.00      859.00        0.00
     0     0      397.00      862.00        0.00
     0     0      392.00      865.00        0.00
     0     0      387.00      867.00        0.00
     0     0      383.00      870.00        0.00
     0     0      380.00      872.00        0.00
     0     0      377.00      874.00        0.00
     0     0      373.00      877.00        0.00
     0     0      369.00      881.00        0.00
     0     0      367.00      884.00        0.00
     0     0      365.00      887.00        0.00
     0     0      362.00      891.00        0.00
     0     0      359.00      894.00        0.00
     0     0      355.00      897.00        0.00
     0     0      352.00      899.00        0.00
     0     0      348.00      902.00        0.00
     0     0      344.00      906.00        0.00
     0     0      339.00      909.00        0.00
     0     0      335.00      914.00        0.00
     0     0      331.00      918.00        0.00
     0     0      328.00      920.00        0.00
     0     0      326.00      923.00        0.00
     0     0      323.00      926.00        0.00
     0     0      321.00      929.00        0.00
     0     0      318.00      931.00        0.00
     0     0      315.00      935.00        0.00
     0     0      312.00      937.00        0.00
     0     0      308.00      939.00        0.00
     0     0      304.00      942.00        0.00
     0     0      299.00      944.00        0.00
     0     0      294.00      946.00        0.00
     0     0      289.00      947.00        0.00
     0     0      285.00      949.00        0.00
     0     0      281.00      950.00        0.00
     0     0      278.00      952.00        0.00
     0     0      273.00      953.00        0.00
     0     0      268.00      954.00        0.00
     0     0      262.00      957.00        0.00
     0     0      258.00      958.00        0.00
     0     0      253.00      960.00        0.00
     0     0      250.00      961.00        0.00
     0     0      247.00      962.00        0.00
     0     0      244.00      965.00        0.00
     0     0      241.00      968.00        0.00
     0     0      237.00      971.00        0.00
     0     0      233.00      973.00        0.00
     0     0      228.00      975.00        0.00
     0     0      225.00      977.00        0.00
     0     0      222.00      978.00        0.00
     0     0      219.00      980.00        0.00
     0     0      216.00      981.00        0.00
     0     0      213.00      983.00        0.00
     0     0      210.00      985.00        0.00
     0     0      207.00      988.00        0.00
     0     0      203.00      990.00        0.00
     0     0      200.00      993.00        0.00
     0     0      196.00      996.00        0.00
     0     0      192.00      998.00        0.00
     0     0      188.00     1000.00        0.00
     0     0      185.00     1002.00        0.00
     0     0      180.00     1005.00        0.00
     0     0      175.00     1008.00        0.00
     0     0      169.00     1011.00        0.00
     0     0      165.00     1013.00        0.00
     0     0      161.00     1015.00        0.00
     0     0      158.00     1016.00        0.00
     0     0      154.00     1018.00        0.00
     0     0      149.00     1020.00        0.00
     0     0      144.00     1021.00        0.00
     0     0      138.00     1023.00        0.00
     0     0      133.00     1024.00        0.00
     0     0      127.00     1024.00        0.00
     0     0      122.00     1025.00        0.00
     0     0      118.00     1026.00        0.00
     0     0      114.00     1027.00        0.00
     0     0      109.00     1028.00        0.00
     0     0      105.00     1029.00        0.00
     0     0      101.00     1030.00        0.00
     0     0       96.00     1030.00        0.00
     0     0       92.00     1031.00        0.00
     0     0       88.00     1031.00        0.00
     0     0       83.00     1031.00        0.00
     0     0       77.00     1031.00        0.00
     0     0       72.00     1031.00        0.00
     0     0       68.00     1031.00        0.00
     0     0       63.00     1031.00        0.00
     0     0       59.00     1031.00        0.00
     0     0       55.00     1031.00        0.00
     0     0       50.00     1031.00        0.00
     0     0       46.00     1030.00        0.00
     0     0       40.00     1030.00        0.00
     0     0       36.00     1029.00        0.00
     0     0       33.00     1028.00        0.00
     0     0       28.00     1027.00        0.00
     0     0       24.00     1026.00        0.00
     0     0       21.00     1025.00        0.00
     0     0       18.00     1024.00        0.00
     0     0       14.00     1022.00        0.00
     0     0       10.00     1019.00        0.00
     0     0        7.00     1017.00        0.00
     0     0        4.00     1014.00        0.00
     0     0        2.00     1011.00        0.00
     0     0        1.00     1007.00        0.00
     0     0        0.00     1004.00        0.00
     0     0       -1.00      999.00        0.00
     0     0       -1.00      995.00        0.00
     0     0       -2.00      991.00        0.00
     0     0       -2.00      987.00        0.00
     0     0       -2.00      983.00        0.00
     0     0       -2.00      978.00        0.00
     0     0       -2.00      974.00        0.00
     0     0       -2.00      968.00        0.00
     0     0       -2.00      964.00        0.00
     0     0       -2.00      960.00        0.00
     0     0       -2.00      955.00        0.00
     0     0       -2.00      950.00        0.00
     0     0       -1.00      946.00        0.00
     0     0        0.00      943.00        0.00
     0     0        1.00      939.00        0.00
     0     0        2.00      935.00        0.00
     0     0        3.00      932.00        0.00
     0     0        4.00      929.00        0.00
     0     0        6.00      926.00        0.00
     0     0        7.00      923.00        0.00
     0     0       10.00      920.00        0.00
     0     0       12.00      917.00        0.00
     0     0       16.00      914.00        0.00
     0     0       19.00      912.00        0.00
     0     0       22.00      909.00        0.00
     0     0       26.00      906.00        0.00
     0     0       29.00      904.00        0.00
     0     0       33.00      902.00        0.00
     0     0       36.00      901.00        0.00
     0     0       39.00      899.00        0.00
     0     0       43.00      897.00        0.00
     0     0       46.00      896.00        0.00
     0     0       49.00      894.00        0.00
     0     0       52.00      892.00        0.00
     0     0       55.00      890.00        0.00
     0     0       58.00      888.00        0.00
     0     0       61.00      887.00        0.00
     0     0       65.00      884.00        0.00
     0     0       68.00      882.00        0.00
     0     0       71.00      880.00        0.00
     0     0       74.00      878.00        0.00
     0     0       78.00      875.00        0.00
     0     0       81.00      873.00        0.00
     0     0       85.00      869.00        0.00
     0     0       88.00      867.00        0.00
     0     0       91.00      866.00        0.00
     0     0       95.00      864.00        0.00
     0     0       99.00      862.00        0.00
     0     0      103.00      861.00        0.00
     0     0      107.00      859.00        0.00
     0     0      110.00      858.00        0.00
     0     0      113.00      856.00        0.00
     0     0      117.00      855.00        0.00
     0     0      121.00      853.00        0.00
     0     0      125.00      851.00        0.00
     0     0      129.00      850.00        0.00
     0     0      132.00      849.00        0.00
     0     0      137.00      847.00        0.00
     0     0      141.00      845.00        0.00
     0     0      145.00      843.00        0.00
     0     0      150.00      841.00        0.00
     0     0      154.00      839.00        0.00
     0     0      158.00      837.00        0.00
     0     0      161.00      836.00        0.00
     0     0      164.00      834.00        0.00
     0     0      167.00      832.00        0.00
     0     0      170.00      830.00        0.00
     0     0      173.00      828.00        0.00
     0     0      176.00      827.00        0.00
     0     0      179.00      826.00        0.00
     0     0      182.00      825.00        0.00
     0     0      185.00      824.00        0.00
     0     0      190.00      822.00        0.00
     0     0      194.00      820.00        0.00
     0     0      199.00      818.00        0.00
     0     0      204.00      815.00        0.00
     0     0      209.00      814.00        0.00
     0     0      213.00      812.00        0.00
     0     0      217.00      810.00        0.00
     0     0      221.00      808.00        0.00
     0     0      224.00      807.00        0.00
     0     0      227.00      805.00        0.00
     0     0      231.00      802.00        0.00
     0     0      234.00      800.00        0.00
     0     0      237.00      799.00        0.00
     0     0      240.00      797.00        0.00
     0     0      244.00      794.00        0.00
     0     0      248.00      791.00        0.00
     0     0      251.00      789.00        0.00
     0     0      255.00      786.00        0.00
     0     0      257.00      783.00        0.00
     0     0      260.00      780.00        0.00
     0     0      263.00      778.00        0.00
     0     0      266.00      775.00        0.00
     0     0      269.00      772.00        0.00
     0     0      272.00      769.00        0.00
     0     0      276.00      766.00        0.00
     0     0      279.00      763.00        0.00
     0     0      283.00      760.00        0.00
     0     0      287.00      758.00        0.00
     0     0      291.00      756.00        0.00
     0     0      296.00      753.00        0.00
     0     0      299.00      751.00        0.00
     0     0      305.00      749.00        0.00
     0     0      308.00      747.00        0.00
     0     0      311.00      745.00        0.00
     0     0      314.00      743.00        0.00
     0     0      317.00      741.00        0.00
     0     0      320.00      739.00        0.00
     0     0      323.00      737.00        0.00
     0     0      325.00      734.00        0.00
     0     0      327.00      731.00        0.00
     0     0      329.00      728.00        0.00
     0     0      332.00      725.00        0.00
     0     0      333.00      722.00        0.00
     0     0      335.00      719.00        0.00
     0     0      337.00      716.00        0.00
     0     0      339.00      713.00        0.00
     0     0      342.00      711.00        0.00
     0     0      344.00      708.00        0.00
     0     0      347.00      706.00        0.00
     0     0      349.00      703.00        0.00
     0     0      352.00      701.00        0.00
     0     0      355.00      698.00        0.00
     0     0      358.00      694.00        0.00
     0     0      360.00      691.00        0.00
     0     0      362.00      688.00        0.00
     0     0      363.00      684.00        0.00
     0     0      365.00      680.00        0.00
     0     0      368.00      677.00        0.00
     0     0      370.00      674.00        0.00
     0     0      374.00      670.00        0.00
     0     0      378.00      666.00        0.00
     0     0      381.00      663.00        0.00
     0     0      387.00      659.00        0.00
     0     0      391.00      657.00        0.00
     0     0      394.00      654.00        0.00
     0     0      399.00      651.00        0.00
     0     0      403.00      649.00        0.00
     0     0      408.00      647.00        0.00
     0     0      413.00      645.00        0.00
     0     0      420.00      642.00        0.00
     0     0      425.00      640.00        0.00
     0     0      432.00      638.00        0.00
     0     0      435.00      637.00        0.00
     0     0      438.00      636.00        0.00
     0     0      441.00      634.00        0.00
     0     0      444.00      632.00        0.00
     0     0      447.00      629.00        0.00
     0     0      450.00      627.00        0.00
     0     0      453.00      625.00        0.00
     0     0      457.00      623.00        0.00
     0     0      460.00      621.00        0.00
     0     0      463.00      620.00        0.00
     0     0      466.00      617.00        0.00
     0     0      469.00      616.00        0.00
     0     0      473.00      615.00        0.00
     0     0      476.00      613.00        0.00
     0     0      479.00      611.00        0.00
     0     0      482.00      610.00        0.00
     0     0      485.00      607.00        0.00
     0     0      488.00      605.00        0.00
     0     0      491.00      604.00        0.00
     0     0      495.00      603.00        0.00
     0     0      499.00      601.00        0.00
     0     0      503.00      599.00        0.00
     0     0      509.00      597.00        0.00
     0     0      513.00      595.00        0.00
     0     0      520.00      593.00        0.00
     0     0      524.00      591.00        0.00
     0     0      527.00      589.00        0.00
     0     0      531.00      586.00        0.00
     0     0      534.00      584.00        0.00
     0     0      537.00      581.00        0.00
     0     0      541.00      580.00        0.00
     0     0      545.00      578.00        0.00
     0     0      551.00      576.00        0.00
     0     0      555.00      575.00        0.00
     0     0      558.00      573.00        0.00
     0     0      563.00      572.00        0.00
     0     0      566.00      571.00        0.00
     0     0      569.00      570.00        0.00
     0     0      572.00      568.00        0.00
     0     0      577.00      566.00        0.00
     0     0      580.00      564.00        0.00
     0     0      585.00      561.00        0.00
     0     0      589.00      559.00        0.00
     0     0      593.00      556.00        0.00
     0     0      598.00      553.00        0.00
     0     0      601.00      550.00        0.00
     0     0      603.00      546.00        0.00
     0     0      606.00      543.00        0.00
     0     0      609.00      540.00        0.00
     0     0      611.00      536.00        0.00
     0     0      614.00      535.00        0.00
     0     0      616.00      532.00        0.00
     0     0      619.00      529.00        0.00
     0     0      622.00      527.00        0.00
     0     0      625.00      524.00        0.00
     0     0      629.00      521.00        0.00
     0     0      632.00      517.00        0.00
     0     0      634.00      514.00        0.00
     0     0      635.00      511.00        0.00
     0     0      636.00      508.00        0.00
     0     0      639.00      505.00        0.00
     0     0      642.00      503.00        0.00
     0     0      645.00      500.00        0.00
     0     0      648.00      497.00        0.00
     0     0      650.00      494.00        0.00
     0     0      653.00      492.00        0.00
     0     0      656.00      491.00        0.00
     0     0      659.00      489.00        0.00
     0     0      661.00      485.00        0.00
     1     0       56.00      878.33        0.00
     1     0       52.67      878.33        0.00
     1     0       49.33      876.33        0.00
     1     0       48.00      873.00        0.00
     1     0       48.00      869.67        0.00
     1     0       49.33      866.33        0.00
     1     0       51.33      863.00        0.00
     1     0       54.67      861.00        0.00
     1     0       58.00      860.33        0.00
     1     0       61.33      859.67        0.00
     1     0       64.67      860.33        0.00
     1     0       68.00      861.67        0.00
     1     0       70.67      863.67        0.00
     1     0       72.00      867.00        0.00
     1     0       70.67      870.33        0.00
     1     0       68.67      873.00        0.00
     1     0       65.33      874.33        0.00
     1     1      116.67      841.67        0.00
     1     1      120.00      843.67        0.00
     1     1      123.33      845.67        0.00
     1     1      125.33      849.00        0.00
     1     1      124.67      852.33        0.00
     1     1      122.67      855.00        0.00
     1     1      119.33      857.00        0.00
     1     1      115.33      858.33        0.00
     1     1      112.00      859.00        0.00
     1     1      108.00      859.67        0.00
     1     1      104.67      859.67        0.00
     1     1      101.33      858.33        0.00
     1     1       98.67      856.33        0.00
     1     1       96.67      853.67        0.00
     1     1       94.67      851.00        0.00
     1     1       94.67      847.67        0.00
     1     1       97.33      845.00        0.00
     1     1      100.00      843.00        0.00
     1     1      103.33      841.67        0.00
     1     1      106.67      840.33        0.00
     1     1      110.00      839.67        0.00
     1     2      317.00      718.00        0.00
     1     2      314.33      720.00        0.00
     1     2      312.33      722.67        0.00
     1     2      309.67      724.67        0.00
     1     2      306.33      725.33        0.00
     1     2      303.00      725.33        0.00
     1     2      301.00      722.67        0.00
     1     2      299.00      718.67        0.00
     1     2      298.33      715.33        0.00
     1     2      299.00      712.00        0.00
     1     2      301.00      709.33        0.00
     1     2      303.67      707.33        0.00
     1     2      307.00      706.00        0.00
     1     2      310.33      706.67        0.00
     1     2      313.00      709.33        0.00
     1     2      315.00      712.00        0.00
     1     3      335.00      710.67        0.00
     1     3      332.33      713.33        0.00
     1     3      329.00      715.33        0.00
     1     3      325.67      715.33        0.00
     1     3      322.33      715.33        0.00
     1     3      319.00      714.67        0.00
     1     3      317.00      712.00        0.00
     1     3      316.33      708.67        0.00
     1     3      316.33      705.33        0.00
     1     3      318.33      702.00        0.00
     1     3      321.00      698.67        0.00
     1     3      323.67      696.67        0.00
     1     3      327.67      695.33        0.00
     1     3      331.00      694.67        0.00
     1     3      334.33      694.67        0.00
     1     3      337.00      696.67        0.00
     1     3      337.67      700.00        0.00
     1     4     1020.00      193.33        0.00
     1     4     1016.67      194.67        0.00
     1     4     1013.33      194.67        0.00
     1     4     1010.67      192.67        0.00
     1     4     1008.67      190.00        0.00
     1     4     1008.00      186.00        0.00
     1     4     1007.33      182.67        0.00
     1     4     1007.33      179.33        0.00
     1     4     1010.00      176.67        0.00
     1     4     1013.33      174.67        0.00
     1     4     1016.67      173.33        0.00
     1     4     1020.00      173.33        0.00
     1     4     1023.33      174.67        0.00
     1     4     1025.33      177.33        0.00
     1     4     1026.00      180.67        0.00
     1     4     1026.67      184.00        0.00
     1     4     1026.67      187.33        0.00
