     0     0        4.00      531.00        0.00
     0     0        5.00      529.00        0.00
     0     0       15.00      525.00        0.00
     0     0       19.00      523.00        0.00
     0     0       22.00      521.00        0.00
     0     0       25.00      520.00        0.00
     0     0       28.00      519.00        0.00
     0     0       31.00      518.00        0.00
     0     0       34.00      517.00        0.00
     0     0       37.00      515.00        0.00
     0     0       40.00      514.00        0.00
     0     0       43.00      513.00        0.00
     0     0       46.00      511.00        0.00
     0     0       49.00      510.00        0.00
     0     0       52.00      509.00        0.00
     0     0       56.00      509.00        0.00
     0     0       59.00      508.00        0.00
     0     0       63.00      508.00        0.00
     0     0       66.00      507.00        0.00
     0     0       70.00      507.00        0.00
     0     0       75.00      507.00        0.00
     0     0       79.00      506.00        0.00
     0     0       84.00      506.00        0.00
     0     0       88.00      506.00        0.00
     0     0       92.00      506.00        0.00
     0     0       96.00      506.00        0.00
     0     0      101.00      505.00        0.00
     0     0      104.00      504.00        0.00
     0     0      108.00      502.00        0.00
     0     0      113.00      500.00        0.00
     0     0      116.00      498.00        0.00
     0     0      119.00      495.00        0.00
     0     0      123.00      493.00        0.00
     0     0      127.00      492.00        0.00
     0     0      130.00      490.00        0.00
     0     0      134.00      488.00        0.00
     0     0      137.00      487.00        0.00
     0     0      141.00      485.00        0.00
     0     0      144.00      484.00        0.00
     0     0      147.00      483.00        0.00
     0     0      150.00      482.00        0.00
     0     0      153.00      481.00        0.00
     0     0      157.00      479.00        0.00
     0     0      161.00      478.00        0.00
     0     0      165.00      477.00        0.00
     0     0      169.00      475.00        0.00
     0     0      172.00      474.00        0.00
     0     0      176.00      472.00        0.00
     0     0      181.00      471.00        0.00
     0     0      184.00      469.00        0.00
     0     0      188.00      468.00        0.00
     0     0      191.00      466.00        0.00
     0     0      194.00      465.00        0.00
     0     0      198.00      464.00        0.00
     0     0      202.00      463.00        0.00
     0     0      205.00      462.00        0.00
     0     0      208.00      461.00        0.00
     0     0      214.00      460.00        0.00
     0     0      218.00      459.00        0.00
     0     0      222.00      458.00        0.00
     0     0      227.00      457.00        0.00
     0     0      231.00      457.00        0.00
     0     0      236.00      457.00        0.00
     0     0      243.00      456.00        0.00
     0     0      249.00      456.00        0.00
     0     0      253.00      456.00        0.00
     0     0      259.00      456.00        0.00
     0     0      263.00      456.00        0.00
     0     0      268.00      456.00        0.00
     0     0      272.00      457.00        0.00
     0     0      276.00      458.00        0.00
     0     0      280.00      459.00        0.00
     0     0      283.00      460.00        0.00
     0     0      286.00      462.00        0.00
     0     0      290.00      463.00        0.00
     0     0      293.00      465.00        0.00
     0     0      297.00      467.00        0.00
     0     0      300.00      469.00        0.00
     0     0      304.00      471.00        0.00
     0     0      307.00      472.00        0.00
     0     0      311.00      473.00        0.00
     0     0      315.00      474.00        0.00
     0     0      319.00      474.00        0.00
     0     0      323.00      475.00        0.00
     0     0      326.00      476.00        0.00
     0     0      329.00      477.00        0.00
     0     0      333.00      477.00        0.00
     0     0      339.00      478.00        0.00
     0     0      343.00      478.00        0.00
     0     0      347.00      478.00        0.00
     0     0      351.00      480.00        0.00
     0     0      354.00      481.00        0.00
     0     0      358.00      482.00        0.00
     0     0      362.00      482.00        0.00
     0     0      365.00      483.00        0.00
     0     0      369.00      484.00        0.00
     0     0      373.00      485.00        0.00
     0     0      378.00      485.00        0.00
     0     0      382.00      485.00        0.00
     0     0      385.00      486.00        0.00
     0     0      390.00      486.00        0.00
     0     0      394.00      486.00        0.00
     0     0      398.00      486.00        0.00
     0     0      403.00      486.00        0.00
     0     0      407.00      487.00        0.00
     0     0      411.00      487.00        0.00
     0     0      416.00      487.00        0.00
     0     0      420.00      488.00        0.00
     0     0      423.00      489.00        0.00
     0     0      426.00      490.00        0.00
     0     0      430.00      491.00        0.00
     0     0      433.00      492.00        0.00
     0     0      436.00      493.00        0.00
     0     0      440.00      493.00        0.00
     0     0      445.00      494.00        0.00
     0     0      448.00      495.00        0.00
     0     0      452.00      496.00        0.00
     0     0      456.00      497.00        0.00
     0     0      459.00      498.00        0.00
     0     0      465.00      499.00        0.00
     0     0      469.00      499.00        0.00
     0     0      473.00      499.00        0.00
     0     0      478.00      499.00        0.00
     0     0      484.00      499.00        0.00
     0     0      489.00      499.00        0.00
     0     0      492.00      498.00        0.00
     0     0      496.00      497.00        0.00
     0     0      500.00      496.00        0.00
     0     0      504.00      495.00        0.00
     0     0      507.00      494.00        0.00
     0     0      510.00      493.00        0.00
     0     0      514.00      492.00        0.00
     0     0      518.00      492.00        0.00
     0     0      521.00      491.00        0.00
     0     0      524.00      490.00        0.00
     0     0      528.00      489.00        0.00
     0     0      533.00      488.00        0.00
     0     0      537.00      488.00        0.00
     0     0      540.00      487.00        0.00
     0     0      544.00      486.00        0.00
     0     0      548.00      485.00        0.00
     0     0      551.00      484.00        0.00
     0     0      554.00      483.00        0.00
     0     0      558.00      483.00        0.00
     0     0      561.00      482.00        0.00
     0     0      564.00      481.00        0.00
     0     0      567.00      480.00        0.00
     0     0      570.00      479.00        0.00
     0     0      573.00      477.00        0.00
     0     0      576.00      475.00        0.00
     0     0      579.00      474.00        0.00
     0     0      582.00      473.00        0.00
     0     0      586.00      472.00        0.00
     0     0      589.00      471.00        0.00
     0     0      592.00      470.00        0.00
     0     0      595.00      469.00        0.00
     0     0      598.00      468.00        0.00
     0     0      601.00      466.00        0.00
     0     0      604.00      465.00        0.00
     0     0      607.00      463.00        0.00
     0     0      611.00      463.00        0.00
     0     0      614.00      462.00        0.00
     0     0      617.00      461.00        0.00
     0     0      620.00      460.00        0.00
     0     0      624.00      459.00        0.00
     0     0      628.00      459.00        0.00
     0     0      631.00      458.00        0.00
     0     0      635.00      457.00        0.00
     0     0      639.00      456.00        0.00
     0     0      644.00      455.00        0.00
     0     0      651.00      454.00        0.00
     0     0      656.00      453.00        0.00
     0     0      661.00      452.00        0.00
     0     0      666.00      452.00        0.00
     0     0      669.00      451.00        0.00
     0     0      675.00      451.00        0.00
     0     0      680.00      451.00        0.00
     0     0      685.00      450.00        0.00
     0     0      689.00      449.00        0.00
     0     0      693.00      448.00        0.00
     0     0      696.00      447.00        0.00
     0     0      700.00      446.00        0.00
     0     0      704.00      446.00        0.00
     0     0      709.00      445.00        0.00
     0     0      712.00      444.00        0.00
     0     0      715.00      442.00        0.00
     0     0      719.00      441.00        0.00
     0     0      722.00      440.00        0.00
     0     0      726.00      439.00        0.00
     0     0      729.00      437.00        0.00
     0     0      732.00      436.00        0.00
     0     0      735.00      435.00        0.00
     0     0      738.00      433.00        0.00
     0     0      741.00      432.00        0.00
     0     0      744.00      430.00        0.00
     0     0      747.00      428.00        0.00
     0     0      750.00      427.00        0.00
     0     0      753.00      425.00        0.00
     0     0      756.00      424.00        0.00
     0     0      759.00      421.00        0.00
     0     0      761.00      418.00        0.00
     0     0      763.00      415.00        0.00
     0     0      763.00      411.00        0.00
     0     0      762.00      407.00        0.00
     0     0      760.00      403.00        0.00
     0     0      757.00      399.00        0.00
     0     0      753.00      395.00        0.00
     0     0      751.00      392.00        0.00
     0     0      749.00      389.00        0.00
     0     0      746.00      387.00        0.00
     0     0      744.00      384.00        0.00
     0     0      741.00      382.00        0.00
     0     0      738.00      380.00        0.00
     0     0      735.00      378.00        0.00
     0     0      732.00      377.00        0.00
     0     0      729.00      376.00        0.00
     0     0      726.00      374.00        0.00
     0     0      723.00      373.00        0.00
     0     0      720.00      372.00        0.00
     0     0      717.00      370.00        0.00
     0     0      714.00      368.00        0.00
     0     0      711.00      366.00        0.00
     0     0      708.00      364.00        0.00
     0     0      705.00      362.00        0.00
     0     0      701.00      359.00        0.00
     0     0      698.00      356.00        0.00
     0     0      694.00      355.00        0.00
     0     0      691.00      354.00        0.00
     0     0      687.00      354.00        0.00
     0     0      681.00      354.00        0.00
     0     0      678.00      353.00        0.00
     0     0      673.00      353.00        0.00
     0     0      669.00      352.00        0.00
     0     0      663.00      352.00        0.00
     0     0      657.00      352.00        0.00
     0     0      651.00      351.00        0.00
     0     0      647.00      351.00        0.00
     0     0      644.00      352.00        0.00
     0     0      640.00      352.00        0.00
     0     0      635.00      352.00        0.00
     0     0      630.00      352.00        0.00
     0     0      625.00      352.00        0.00
     0     0      620.00      352.00        0.00
     0     0      616.00      352.00        0.00
     0     0      611.00      352.00        0.00
     0     0      607.00      352.00        0.00
     0     0      603.00      352.00        0.00
     0     0      596.00      352.00        0.00
     0     0      591.00      352.00        0.00
     0     0      586.00      353.00        0.00
     0     0      580.00      353.00        0.00
     0     0      575.00      353.00        0.00
     0     0      571.00      353.00        0.00
     0     0      567.00      353.00        0.00
     0     0      563.00      353.00        0.00
     0     0      558.00      352.00        0.00
     0     0      554.00      352.00        0.00
     0     0      551.00      351.00        0.00
     0     0      546.00      351.00        0.00
     0     0      542.00      351.00        0.00
     0     0      538.00      351.00        0.00
     0     0      533.00      351.00        0.00
     0     0      529.00      351.00        0.00
     0     0      524.00      352.00        0.00
     0     0      519.00      352.00        0.00
     0     0      514.00      352.00        0.00
     0     0      508.00      352.00        0.00
     0     0      503.00      352.00        0.00
     0     0      498.00      352.00        0.00
     0     0      492.00      351.00        0.00
     0     0      486.00      351.00        0.00
     0     0      481.00      351.00        0.00
     0     0      476.00      352.00        0.00
     0     0      468.00      352.00        0.00
     0     0      462.00      353.00        0.00
     0     0      457.00      353.00        0.00
     0     0      450.00      354.00        0.00
     0     0      445.00      355.00        0.00
     0     0      440.00      356.00        0.00
     0     0      434.00      356.00        0.00
     0     0      430.00      357.00        0.00
     0     0      426.00      357.00        0.00
     0     0      421.00      357.00        0.00
     0     0      417.00      358.00        0.00
     0     0      412.00      358.00        0.00
     0     0      409.00      359.00        0.00
     0     0      406.00      360.00        0.00
     0     0      402.00      361.00        0.00
     0     0      398.00      362.00        0.00
     0     0      392.00      363.00        0.00
     0     0      388.00      363.00        0.00
     0     0      384.00      363.00        0.00
     0     0      380.00      364.00        0.00
     0     0      376.00      364.00        0.00
     0     0      371.00      364.00        0.00
     0     0      368.00      365.00        0.00
     0     0      364.00      365.00        0.00
     0     0      360.00      366.00        0.00
     0     0      356.00      367.00        0.00
     0     0      352.00      368.00        0.00
     0     0      348.00      369.00        0.00
     0     0      344.00      370.00        0.00
     0     0      340.00      371.00        0.00
     0     0      336.00      372.00        0.00
     0     0      333.00      373.00        0.00
     0     0      328.00      374.00        0.00
     0     0      324.00      375.00        0.00
     0     0      319.00      376.00        0.00
     0     0      316.00      378.00        0.00
     0     0      312.00      379.00        0.00
     0     0      308.00      380.00        0.00
     0     0      304.00      382.00        0.00
     0     0      301.00      384.00        0.00
     0     0      298.00      386.00        0.00
     0     0      295.00      387.00        0.00
     0     0      292.00      388.00        0.00
     0     0      289.00      389.00        0.00
     0     0      285.00      389.00        0.00
     0     0      281.00      390.00        0.00
     0     0      277.00      391.00        0.00
     0     0      272.00      393.00        0.00
     0     0      269.00      394.00        0.00
     0     0      266.00      396.00        0.00
     0     0      262.00      398.00        0.00
     0     0      259.00      399.00        0.00
     0     0      256.00      401.00        0.00
     0     0      252.00      401.00        0.00
     0     0      248.00      402.00        0.00
     0     0      242.00      402.00        0.00
     0     0      237.00      402.00        0.00
     0     0      233.00      402.00        0.00
     0     0      226.00      402.00        0.00
     0     0      220.00      401.00        0.00
     0     0      215.00      400.00        0.00
     0     0      208.00      398.00        0.00
     0     0      204.00      396.00        0.00
     0     0      201.00      393.00        0.00
     0     0      196.00      390.00        0.00
     0     0      193.00      388.00        0.00
     0     0      190.00      387.00        0.00
     0     0      187.00      385.00        0.00
     0     0      184.00      383.00        0.00
     0     0      181.00      382.00        0.00
     0     0      177.00      380.00        0.00
     0     0      173.00      379.00        0.00
     0     0      166.00      377.00        0.00
     0     0      160.00      376.00        0.00
     0     0      154.00      376.00        0.00
     0     0      151.00      375.00        0.00
     0     0      147.00      375.00        0.00
     0     0      141.00      375.00        0.00
     0     0      138.00      376.00        0.00
     0     0      134.00      376.00        0.00
     0     0      129.00      377.00        0.00
     0     0      124.00      378.00        0.00
     0     0      119.00      378.00        0.00
     0     0      116.00      379.00        0.00
     0     0      111.00      380.00        0.00
     0     0      105.00      380.00        0.00
     0     0      101.00      381.00        0.00
     0     0       97.00      382.00        0.00
     0     0       90.00      382.00        0.00
     0     0       85.00      383.00        0.00
     0     0       78.00      384.00        0.00
     0     0       72.00      384.00        0.00
     0     0       65.00      384.00        0.00
     0     0       58.00      384.00        0.00
     0     0       52.00      384.00        0.00
     0     0       47.00      384.00        0.00
     0     0       42.00      384.00        0.00
     0     0       38.00      383.00        0.00
     0     0       34.00      383.00        0.00
     0     0       30.00      382.00        0.00
     0     0       25.00      382.00        0.00
     0     0       21.00      382.00        0.00
     0     0       16.00      382.00        0.00
     0     0       12.00      382.00        0.00
     0     0        9.00      383.00        0.00
     0     0        6.00      385.00        0.00
     0     0        3.00      388.00        0.00
     0     1      581.00      735.00        0.00
     0     1      579.00      732.00        0.00
     0     1      579.00      728.00        0.00
     0     1      578.00      725.00        0.00
     0     1      578.00      721.00        0.00
     0     1      578.00      717.00        0.00
     0     1      578.00      713.00        0.00
     0     1      578.00      709.00        0.00
     0     1      579.00      705.00        0.00
     0     1      580.00      702.00        0.00
     0     1      582.00      699.00        0.00
     0     1      584.00      696.00        0.00
     0     1      586.00      693.00        0.00
     0     1      589.00      690.00        0.00
     0     1      592.00      687.00        0.00
     0     1      595.00      684.00        0.00
     0     1      597.00      681.00        0.00
     0     1      600.00      680.00        0.00
     0     1      603.00      678.00        0.00
     0     1      607.00      675.00        0.00
     0     1      610.00      674.00        0.00
     0     1      614.00      671.00        0.00
     0     1      617.00      669.00        0.00
     0     1      621.00      667.00        0.00
     0     1      624.00      665.00        0.00
     0     1      627.00      664.00        0.00
     0     1      630.00      662.00        0.00
     0     1      633.00      661.00        0.00
     0     1      637.00      660.00        0.00
     0     1      640.00      659.00        0.00
     0     1      643.00      658.00        0.00
     0     1      647.00      656.00        0.00
     0     1      651.00      655.00        0.00
     0     1      656.00      654.00        0.00
     0     1      659.00      653.00        0.00
     0     1      665.00      652.00        0.00
     0     1      668.00      651.00        0.00
     0     1      672.00      650.00        0.00
     0     1      676.00      650.00        0.00
     0     1      680.00      650.00        0.00
     0     1      683.00      649.00        0.00
     0     1      687.00      649.00        0.00
     0     1      692.00      649.00        0.00
     0     1      696.00      649.00        0.00
     0     1      700.00      649.00        0.00
     0     1      703.00      650.00        0.00
     0     1      707.00      651.00        0.00
     0     1      711.00      652.00        0.00
     0     1      714.00      654.00        0.00
     0     1      717.00      655.00        0.00
     0     1      721.00      657.00        0.00
     0     1      725.00      660.00        0.00
     0     1      728.00      661.00        0.00
     0     1      731.00      664.00        0.00
     0     1      734.00      666.00        0.00
     0     1      736.00      669.00        0.00
     0     1      739.00      672.00        0.00
     0     1      740.00      675.00        0.00
     0     1      742.00      678.00        0.00
     0     1      745.00      681.00        0.00
     0     1      748.00      684.00        0.00
     0     1      750.00      687.00        0.00
     0     1      752.00      690.00        0.00
     0     1      754.00      694.00        0.00
     0     1      755.00      697.00        0.00
     0     2      560.00      692.00        0.00
     0     2      549.00      692.00        0.00
     0     2      543.00      691.00        0.00
     0     2      537.00      691.00        0.00
     0     2      533.00      691.00        0.00
     0     2      528.00      690.00        0.00
     0     2      523.00      690.00        0.00
     0     2      519.00      689.00        0.00
     0     2      515.00      688.00        0.00
     0     2      511.00      687.00        0.00
     0     2      508.00      686.00        0.00
     0     2      503.00      685.00        0.00
     0     2      499.00      684.00        0.00
     0     2      496.00      683.00        0.00
     0     2      491.00      682.00        0.00
     0     2      488.00      681.00        0.00
     0     2      485.00      680.00        0.00
     0     2      481.00      679.00        0.00
     0     2      477.00      678.00        0.00
     0     2      474.00      677.00        0.00
     0     2      470.00      675.00        0.00
     0     2      466.00      674.00        0.00
     0     2      463.00      672.00        0.00
     0     2      460.00      671.00        0.00
     0     2      457.00      669.00        0.00
     0     2      454.00      667.00        0.00
     0     2      451.00      665.00        0.00
     0     2      447.00      661.00        0.00
     0     2      446.00      658.00        0.00
     0     2      443.00      656.00        0.00
     0     2      440.00      653.00        0.00
     0     2      438.00      650.00        0.00
     0     2      437.00      646.00        0.00
     0     2      436.00      641.00        0.00
     0     2      435.00      637.00        0.00
     0     2      435.00      633.00        0.00
     0     2      435.00      628.00        0.00
     0     2      435.00      624.00        0.00
     0     2      435.00      618.00        0.00
     0     2      435.00      614.00        0.00
     0     2      435.00      609.00        0.00
     0     2      436.00      605.00        0.00
     0     2      436.00      601.00        0.00
     0     2      437.00      598.00        0.00
     0     2      439.00      594.00        0.00
     0     2      440.00      590.00        0.00
     0     2      442.00      585.00        0.00
     0     2      444.00      581.00        0.00
     0     2      447.00      577.00        0.00
     0     2      450.00      574.00        0.00
     0     2      452.00      571.00        0.00
     0     2      456.00      568.00        0.00
     0     2      459.00      565.00        0.00
     0     2      464.00      562.00        0.00
     0     2      470.00      560.00        0.00
     0     2      479.00      557.00        0.00
     0     2      488.00      554.00        0.00
     0     2      496.00      552.00        0.00
     0     2      504.00      550.00        0.00
     0     2      512.00      547.00        0.00
     0     2      518.00      546.00        0.00
     0     2      524.00      544.00        0.00
     0     2      533.00      543.00        0.00
     0     2      539.00      542.00        0.00
     0     2      548.00      542.00        0.00
     0     2      558.00      540.00        0.00
     0     2      566.00      539.00        0.00
     0     2      572.00      538.00        0.00
     0     2      581.00      536.00        0.00
     0     2      588.00      535.00        0.00
     0     2      594.00      534.00        0.00
     0     2      602.00      533.00        0.00
     0     2      608.00      532.00        0.00
     0     2      616.00      531.00        0.00
     0     2      623.00      530.00        0.00
     0     2      627.00      529.00        0.00
     0     2      633.00      528.00        0.00
     0     2      640.00      527.00        0.00
     0     2      645.00      527.00        0.00
     0     2      650.00      526.00        0.00
     0     2      656.00      526.00        0.00
     0     2      661.00      526.00        0.00
     0     2      667.00      526.00        0.00
     0     2      674.00      526.00        0.00
     0     2      680.00      526.00        0.00
     0     2      685.00      527.00        0.00
     0     2      692.00      528.00        0.00
     0     2      697.00      529.00        0.00
     0     2      702.00      530.00        0.00
     0     2      709.00      532.00        0.00
     0     2      714.00      534.00        0.00
     0     2      721.00      536.00        0.00
     0     2      730.00      537.00        0.00
     0     2      736.00      538.00        0.00
     0     2      741.00      539.00        0.00
     0     2      749.00      542.00        0.00
     0     2      755.00      542.00        0.00
     0     2      760.00      543.00        0.00
     0     2      766.00      543.00        0.00
     0     2      770.00      543.00        0.00
     0     2      774.00      542.00        0.00
     0     2      778.00      541.00        0.00
     0     2      783.00      540.00        0.00
     0     2      787.00      540.00        0.00
     0     2      790.00      538.00        0.00
     0     2      794.00      537.00        0.00
     0     2      798.00      536.00        0.00
     0     2      804.00      535.00        0.00
     0     2      809.00      534.00        0.00
     0     2      815.00      532.00        0.00
     0     2      821.00      531.00        0.00
     0     2      826.00      529.00        0.00
     0     2      830.00      528.00        0.00
     0     2      834.00      527.00        0.00
     0     2      839.00      525.00        0.00
     0     2      842.00      524.00        0.00
     0     2      847.00      523.00        0.00
     0     2      852.00      521.00        0.00
     0     2      857.00      520.00        0.00
     0     2      861.00      518.00        0.00
     0     2      866.00      517.00        0.00
     0     2      870.00      515.00        0.00
     0     2      874.00      514.00        0.00
     0     2      878.00      513.00        0.00
     0     2      881.00      512.00        0.00
     0     2      885.00      511.00        0.00
     0     2      889.00      511.00        0.00
     0     2      894.00      511.00        0.00
     0     2      901.00      510.00        0.00
     0     2      907.00      510.00        0.00
     0     2      914.00      510.00        0.00
     0     2      919.00      510.00        0.00
     0     2      924.00      511.00        0.00
     0     2      929.00      512.00        0.00
     0     2      935.00      514.00        0.00
     0     2      939.00      514.00        0.00
     0     2      944.00      514.00        0.00
     0     2      948.00      516.00        0.00
     0     2      954.00      517.00        0.00
     0     2      957.00      518.00        0.00
     0     2      961.00      522.00        0.00
     0     2      964.00      525.00        0.00
     0     2      967.00      530.00        0.00
     0     2      970.00      533.00        0.00
     0     2      974.00      538.00        0.00
     0     2      977.00      541.00        0.00
     0     2      979.00      545.00        0.00
     0     2      983.00      551.00        0.00
     0     2      986.00      555.00        0.00
     0     2      989.00      559.00        0.00
     0     2      993.00      561.00        0.00
     0     2      996.00      565.00        0.00
     0     2      998.00      569.00        0.00
     0     2     1001.00      572.00        0.00
     0     2     1002.00      575.00        0.00
     0     2     1002.00      579.00        0.00
     0     2     1002.00      583.00        0.00
     0     2     1001.00      587.00        0.00
     0     2      998.00      592.00        0.00
     0     2      997.00      595.00        0.00
     0     2      994.00      600.00        0.00
     0     2      992.00      604.00        0.00
     0     2      990.00      608.00        0.00
     0     2      989.00      612.00        0.00
     0     2      986.00      617.00        0.00
     0     2      983.00      622.00        0.00
     0     2      980.00      627.00        0.00
     0     2      975.00      633.00        0.00
     0     2      972.00      637.00        0.00
     0     2      967.00      641.00        0.00
     0     2      964.00      645.00        0.00
     0     2      960.00      649.00        0.00
     0     2      956.00      654.00        0.00
     0     2      952.00      658.00        0.00
     0     2      950.00      661.00        0.00
     0     2      946.00      665.00        0.00
     0     2      943.00      667.00        0.00
     0     2      940.00      671.00        0.00
     0     2      936.00      676.00        0.00
     0     2      934.00      679.00        0.00
     0     2      932.00      683.00        0.00
     0     2      931.00      686.00        0.00
     0     2      930.00      689.00        0.00
     0     2      929.00      692.00        0.00
     0     2      927.00      696.00        0.00
     0     2      926.00      699.00        0.00
     0     2      925.00      702.00        0.00
     0     2      924.00      705.00        0.00
     0     2      922.00      709.00        0.00
     0     2      921.00      712.00        0.00
     0     2      920.00      715.00        0.00
     0     2      920.00      719.00        0.00
     0     2      919.00      722.00        0.00
     0     2      918.00      725.00        0.00
     0     2      917.00      728.00        0.00
     0     2      916.00      731.00        0.00
     0     2      914.00      734.00        0.00
     0     2      911.00      737.00        0.00
     0     2      909.00      740.00        0.00
     0     2      907.00      743.00        0.00
     0     2      905.00      746.00        0.00
     0     2      904.00      749.00        0.00
     0     2      902.00      752.00        0.00
     0     2      900.00      755.00        0.00
     0     2      897.00      759.00        0.00
     0     2      895.00      762.00        0.00
     0     2      893.00      766.00        0.00
     0     2      891.00      769.00        0.00
     0     2      889.00      774.00        0.00
     0     2      887.00      778.00        0.00
     0     2      886.00      782.00        0.00
     0     2      883.00      786.00        0.00
     0     2      882.00      789.00        0.00
     0     2      880.00      792.00        0.00
     0     2      877.00      797.00        0.00
     0     2      874.00      801.00        0.00
     0     2      872.00      804.00        0.00
     0     2      868.00      808.00        0.00
     0     2      864.00      810.00        0.00
     0     2      859.00      813.00        0.00
     0     2      854.00      815.00        0.00
     0     2      849.00      816.00        0.00
     0     2      845.00      816.00        0.00
     0     2      838.00      817.00        0.00
     0     2      833.00      817.00        0.00
     0     2      827.00      817.00        0.00
     0     2      823.00      817.00        0.00
     0     2      816.00      815.00        0.00
     0     2      811.00      812.00        0.00
     0     2      806.00      809.00        0.00
     0     2      803.00      805.00        0.00
     0     2      800.00      801.00        0.00
     0     2      797.00      796.00        0.00
     0     2      794.00      790.00        0.00
     0     2      791.00      784.00        0.00
     0     2      789.00      780.00        0.00
     0     2      788.00      774.00        0.00
     0     2      787.00      770.00        0.00
     0     2      786.00      766.00        0.00
     0     2      785.00      762.00        0.00
     0     2      785.00      758.00        0.00
     0     2      784.00      754.00        0.00
     0     2      783.00      751.00        0.00
     0     2      783.00      747.00        0.00
     0     2      782.00      744.00        0.00
     0     2      781.00      740.00        0.00
     0     2      781.00      736.00        0.00
     0     2      780.00      732.00        0.00
     0     2      779.00      728.00        0.00
     0     2      778.00      725.00        0.00
     0     2      778.00      720.00        0.00
     0     2      777.00      717.00        0.00
     0     2      776.00      714.00        0.00
     0     2      776.00      710.00        0.00
     0     2      775.00      707.00        0.00
     0     2      773.00      704.00        0.00
     0     2      772.00      701.00        0.00
     0     2      771.00      697.00        0.00
     0     2      770.00      694.00        0.00
     0     2      769.00      691.00        0.00
     0     2      768.00      688.00        0.00
     0     2      767.00      685.00        0.00
     0     2      766.00      682.00        0.00
     0     2      764.00      679.00        0.00
     0     2      763.00      676.00        0.00
     0     2      761.00      673.00        0.00
     0     2      760.00      670.00        0.00
     0     2      758.00      667.00        0.00
     0     2      756.00      664.00        0.00
     0     2      753.00      661.00        0.00
     0     2      750.00      659.00        0.00
     0     2      748.00      656.00        0.00
     0     2      745.00      654.00        0.00
     0     2      742.00      652.00        0.00
     0     2      740.00      649.00        0.00
     0     2      737.00      646.00        0.00
     0     2      734.00      645.00        0.00
     0     2      731.00      643.00        0.00
     0     2      728.00      642.00        0.00
     0     2      725.00      640.00        0.00
     0     2      722.00      639.00        0.00
     0     2      719.00      638.00        0.00
     0     2      716.00      637.00        0.00
     0     2      713.00      636.00        0.00
     0     2      710.00      635.00        0.00
     0     2      707.00      634.00        0.00
     0     2      701.00      634.00        0.00
     0     2      698.00      633.00        0.00
     0     2      692.00      633.00        0.00
     0     2      687.00      632.00        0.00
     0     2      683.00      632.00        0.00
     0     2      678.00      632.00        0.00
     0     2      673.00      632.00        0.00
     0     2      668.00      632.00        0.00
     0     2      664.00      632.00        0.00
     0     2      659.00      632.00        0.00
     0     2      655.00      633.00        0.00
     0     2      652.00      634.00        0.00
     0     2      647.00      635.00        0.00
     0     2      641.00      637.00        0.00
     0     2      636.00      638.00        0.00
     0     2      632.00      640.00        0.00
     0     2      629.00      641.00        0.00
     0     2      626.00      642.00        0.00
     0     2      623.00      644.00        0.00
     0     2      620.00      647.00        0.00
     0     2      617.00      650.00        0.00
     0     2      614.00      652.00        0.00
     0     2      611.00      654.00        0.00
     0     2      608.00      657.00        0.00
     0     2      605.00      660.00        0.00
     0     2      603.00      663.00        0.00
     0     2      601.00      666.00        0.00
     0     2      598.00      669.00        0.00
     0     2      596.00      672.00        0.00
     0     2      593.00      675.00        0.00
     0     2      591.00      679.00        0.00
     0     2      588.00      682.00        0.00
     0     2      585.00      684.00        0.00
     0     2      582.00      686.00        0.00
     0     2      579.00      688.00        0.00
     0     2      576.00      689.00        0.00
     0     2      573.00      690.00        0.00
     0     2      569.00      690.00        0.00
     0     3      401.00     1032.00        0.00
     0     3      398.00     1031.00        0.00
     0     3      395.00     1029.00        0.00
     0     3      392.00     1026.00        0.00
     0     3      388.00     1021.00        0.00
     0     3      386.00     1018.00        0.00
     0     3      383.00     1014.00        0.00
     0     3      381.00     1010.00        0.00
     0     3      378.00     1007.00        0.00
     0     3      376.00     1004.00        0.00
     0     3      375.00     1001.00        0.00
     0     3      374.00      998.00        0.00
     0     3      373.00      995.00        0.00
     0     3      372.00      992.00        0.00
     0     3      372.00      987.00        0.00
     0     3      372.00      981.00        0.00
     0     3      375.00      977.00        0.00
     0     3      376.00      973.00        0.00
     0     3      378.00      970.00        0.00
     0     3      380.00      967.00        0.00
     0     3      381.00      963.00        0.00
     0     3      384.00      959.00        0.00
     0     3      385.00      956.00        0.00
     0     3      389.00      952.00        0.00
     0     3      392.00      949.00        0.00
     0     3      396.00      945.00        0.00
     0     3      399.00      944.00        0.00
     0     3      403.00      942.00        0.00
     0     3      407.00      940.00        0.00
     0     3      410.00      939.00        0.00
     0     3      414.00      938.00        0.00
     0     3      419.00      938.00        0.00
     0     3      423.00      937.00        0.00
     0     3      429.00      937.00        0.00
     0     3      433.00      937.00        0.00
     0     3      437.00      937.00        0.00
     0     3      441.00      938.00        0.00
     0     3      445.00      939.00        0.00
     0     3      449.00      940.00        0.00
     0     3      454.00      941.00        0.00
     0     3      458.00      943.00        0.00
     0     3      462.00      945.00        0.00
     0     3      465.00      947.00        0.00
     0     3      469.00      951.00        0.00
     0     3      471.00      955.00        0.00
     0     3      474.00      959.00        0.00
     0     3      476.00      962.00        0.00
     0     3      478.00      965.00        0.00
     0     3      479.00      968.00        0.00
     0     3      480.00      971.00        0.00
     0     3      482.00      974.00        0.00
     0     3      483.00      977.00        0.00
     0     3      484.00      980.00        0.00
     0     3      486.00      983.00        0.00
     0     3      487.00      986.00        0.00
     0     3      489.00      989.00        0.00
     0     3      489.00      993.00        0.00
     0     3      490.00      996.00        0.00
     0     3      491.00      999.00        0.00
     0     3      492.00     1003.00        0.00
     0     3      492.00     1007.00        0.00
     0     3      493.00     1010.00        0.00
     0     3      494.00     1013.00        0.00
     0     3      494.00     1017.00        0.00
     0     3      494.00     1021.00        0.00
     0     3      494.00     1025.00        0.00
     0     3      495.00     1028.00        0.00
     0     3      496.00     1032.00        0.00
     0     4      967.00     1030.00        0.00
     0     4      966.00     1027.00        0.00
     0     4      965.00     1020.00        0.00
     0     4      964.00     1015.00        0.00
     0     4      964.00     1009.00        0.00
     0     4      963.00     1005.00        0.00
     0     4      962.00     1000.00        0.00
     0     4      961.00      996.00        0.00
     0     4      961.00      992.00        0.00
     0     4      960.00      989.00        0.00
     0     4      960.00      985.00        0.00
     0     4      960.00      981.00        0.00
     0     4      959.00      977.00        0.00
     0     4      959.00      971.00        0.00
     0     4      959.00      967.00        0.00
     0     4      959.00      962.00        0.00
     0     4      960.00      957.00        0.00
     0     4      960.00      952.00        0.00
     0     4      961.00      948.00        0.00
     0     4      962.00      943.00        0.00
     0     4      962.00      939.00        0.00
     0     4      963.00      935.00        0.00
     0     4      964.00      932.00        0.00
     0     4      965.00      929.00        0.00
     0     4      967.00      926.00        0.00
     0     4      968.00      923.00        0.00
     0     4      970.00      919.00        0.00
     0     4      972.00      916.00        0.00
     0     4      975.00      912.00        0.00
     0     4      976.00      909.00        0.00
     0     4      978.00      906.00        0.00
     0     4      981.00      902.00        0.00
     0     4      984.00      899.00        0.00
     0     4      987.00      896.00        0.00
     0     4      991.00      894.00        0.00
     0     4      996.00      892.00        0.00
     0     4     1000.00      892.00        0.00
     0     4     1005.00      891.00        0.00
     0     4     1010.00      891.00        0.00
     0     4     1014.00      890.00        0.00
     0     4     1020.00      890.00        0.00
     0     4     1025.00      891.00        0.00
     0     4     1029.00      892.00        0.00
     0     4     1033.00      892.00        0.00
     0     4     1036.00      893.00        0.00
     0     4     1040.00      894.00        0.00
     0     4     1044.00      896.00        0.00
     0     4     1048.00      897.00        0.00
     0     4     1053.00      898.00        0.00
     0     4     1057.00      899.00        0.00
     0     4     1061.00      901.00        0.00
     0     4     1064.00      902.00        0.00
     0     4     1067.00      904.00        0.00
     0     4     1071.00      905.00        0.00
     0     4     1077.00      909.00        0.00
     0     4     1081.00      911.00        0.00
     0     4     1085.00      914.00        0.00
     0     4     1088.00      918.00        0.00
     0     4     1092.00      921.00        0.00
     0     4     1095.00      924.00        0.00
     0     4     1097.00      927.00        0.00
     0     4     1100.00      930.00        0.00
     0     4     1102.00      933.00        0.00
     0     4     1105.00      936.00        0.00
     0     4     1106.00      940.00        0.00
     0     4     1107.00      943.00        0.00
     0     4     1108.00      946.00        0.00
     0     4     1110.00      949.00        0.00
     0     4     1111.00      952.00        0.00
     0     4     1112.00      955.00        0.00
     0     4     1113.00      958.00        0.00
     0     4     1115.00      961.00        0.00
     0     4     1116.00      964.00        0.00
     0     4     1117.00      968.00        0.00
     0     4     1118.00      971.00        0.00
     0     4     1119.00      974.00        0.00
     0     4     1120.00      977.00        0.00
     0     4     1121.00      981.00        0.00
     0     4     1122.00      984.00        0.00
     0     4     1122.00      988.00        0.00
     0     4     1123.00      991.00        0.00
     0     4     1124.00      995.00        0.00
     0     4     1124.00      999.00        0.00
     0     4     1124.00     1003.00        0.00
     0     4     1124.00     1007.00        0.00
     0     4     1124.00     1011.00        0.00
     0     4     1124.00     1015.00        0.00
     0     4     1124.00     1020.00        0.00
     0     4     1124.00     1024.00        0.00
     0     4     1124.00     1029.00        0.00
     0     4     1123.00     1032.00        0.00
     0     4     1122.00     1036.00        0.00
     0     5     1235.00      954.00        0.00
     0     5     1230.00      955.00        0.00
     0     5     1226.00      955.00        0.00
     0     5     1221.00      955.00        0.00
     0     5     1217.00      955.00        0.00
     0     5     1214.00      954.00        0.00
     0     5     1210.00      953.00        0.00
     0     5     1206.00      951.00        0.00
     0     5     1203.00      949.00        0.00
     0     5     1199.00      947.00        0.00
     0     5     1196.00      945.00        0.00
     0     5     1193.00      944.00        0.00
     0     5     1190.00      942.00        0.00
     0     5     1187.00      940.00        0.00
     0     5     1184.00      939.00        0.00
     0     5     1180.00      938.00        0.00
     0     5     1176.00      936.00        0.00
     0     5     1173.00      934.00        0.00
     0     5     1169.00      933.00        0.00
     0     5     1166.00      931.00        0.00
     0     5     1163.00      929.00        0.00
     0     5     1160.00      928.00        0.00
     0     5     1157.00      927.00        0.00
     0     5     1153.00      925.00        0.00
     0     5     1149.00      924.00        0.00
     0     5     1145.00      922.00        0.00
     0     5     1142.00      921.00        0.00
     0     5     1139.00      919.00        0.00
     0     5     1136.00      918.00        0.00
     0     5     1131.00      916.00        0.00
     0     5     1128.00      914.00        0.00
     0     5     1125.00      913.00        0.00
     0     5     1122.00      912.00        0.00
     0     5     1118.00      911.00        0.00
     0     5     1114.00      909.00        0.00
     0     5     1110.00      908.00        0.00
     0     5     1107.00      906.00        0.00
     0     5     1104.00      905.00        0.00
     0     5     1101.00      903.00        0.00
     0     5     1098.00      902.00        0.00
     0     5     1094.00      901.00        0.00
     0     5     1090.00      900.00        0.00
     0     5     1085.00      897.00        0.00
     0     5     1081.00      895.00        0.00
     0     5     1077.00      892.00        0.00
     0     5     1073.00      889.00        0.00
     0     5     1070.00      886.00        0.00
     0     5     1067.00      884.00        0.00
     0     5     1064.00      879.00        0.00
     0     5     1062.00      875.00        0.00
     0     5     1059.00      870.00        0.00
     0     5     1057.00      864.00        0.00
     0     5     1056.00      858.00        0.00
     0     5     1055.00      852.00        0.00
     0     5     1055.00      846.00        0.00
     0     5     1054.00      842.00        0.00
     0     5     1054.00      838.00        0.00
     0     5     1054.00      833.00        0.00
     0     5     1054.00      827.00        0.00
     0     5     1054.00      823.00        0.00
     0     5     1055.00      820.00        0.00
     0     5     1056.00      817.00        0.00
     0     5     1058.00      814.00        0.00
     0     5     1061.00      811.00        0.00
     0     5     1066.00      807.00        0.00
     0     5     1070.00      804.00        0.00
     0     5     1073.00      801.00        0.00
     0     5     1078.00      797.00        0.00
     0     5     1083.00      794.00        0.00
     0     5     1086.00      792.00        0.00
     0     5     1089.00      790.00        0.00
     0     5     1092.00      788.00        0.00
     0     5     1096.00      785.00        0.00
     0     5     1099.00      783.00        0.00
     0     5     1102.00      780.00        0.00
     0     5     1105.00      778.00        0.00
     0     5     1109.00      775.00        0.00
     0     5     1114.00      773.00        0.00
     0     5     1119.00      772.00        0.00
     0     5     1123.00      770.00        0.00
     0     5     1127.00      767.00        0.00
     0     5     1132.00      765.00        0.00
     0     5     1140.00      764.00        0.00
     0     5     1147.00      763.00        0.00
     0     5     1156.00      762.00        0.00
     0     5     1164.00      762.00        0.00
     0     5     1172.00      762.00        0.00
     0     5     1181.00      763.00        0.00
     0     5     1187.00      764.00        0.00
     0     5     1193.00      765.00        0.00
     0     5     1198.00      767.00        0.00
     0     5     1204.00      768.00        0.00
     0     5     1208.00      769.00        0.00
     0     5     1212.00      771.00        0.00
     0     5     1216.00      772.00        0.00
     0     5     1219.00      774.00        0.00
     0     5     1223.00      777.00        0.00
     0     5     1226.00      780.00        0.00
     0     5     1231.00      784.00        0.00
     0     5     1233.00      787.00        0.00
     0     5     1236.00      790.00        0.00
     0     5     1239.00      792.00        0.00
     0     5     1242.00      795.00        0.00
     0     5     1245.00      798.00        0.00
     0     5     1248.00      801.00        0.00
     0     5     1252.00      805.00        0.00
     0     5     1255.00      808.00        0.00
     0     5     1257.00      811.00        0.00
     0     5     1258.00      815.00        0.00
     0     5     1261.00      818.00        0.00
     0     5     1263.00      822.00        0.00
     0     5     1265.00      825.00        0.00
     0     5     1267.00      828.00        0.00
     0     5     1269.00      833.00        0.00
     0     5     1271.00      837.00        0.00
     0     5     1273.00      842.00        0.00
     0     5     1275.00      846.00        0.00
     0     5     1276.00      851.00        0.00
     0     5     1277.00      855.00        0.00
     0     5     1278.00      859.00        0.00
     0     5     1279.00      865.00        0.00
     0     5     1279.00      870.00        0.00
     0     5     1280.00      876.00        0.00
     0     5     1280.00      881.00        0.00
     0     5     1280.00      886.00        0.00
     0     5     1280.00      891.00        0.00
     0     5     1280.00      895.00        0.00
     0     5     1279.00      899.00        0.00
     0     5     1278.00      904.00        0.00
     0     5     1278.00      908.00        0.00
     0     5     1277.00      912.00        0.00
     0     5     1276.00      915.00        0.00
     0     5     1274.00      918.00        0.00
     0     5     1271.00      922.00        0.00
     0     5     1269.00      925.00        0.00
     0     5     1265.00      929.00        0.00
     0     5     1263.00      932.00        0.00
     0     5     1260.00      934.00        0.00
     0     5     1257.00      937.00        0.00
     0     5     1254.00      939.00        0.00
     0     5     1252.00      942.00        0.00
     0     5     1249.00      944.00        0.00
     0     5     1247.00      947.00        0.00
     0     5     1244.00      949.00        0.00
     1     0       79.33      519.33        0.00
     1     0       77.33      522.00        0.00
     1     0       74.67      524.00        0.00
     1     0       71.33      526.00        0.00
     1     0       68.00      528.00        0.00
     1     0       64.00      529.33        0.00
     1     0       60.67      529.33        0.00
     1     0       56.67      529.33        0.00
     1     0       53.33      527.33        0.00
     1     0       52.67      524.00        0.00
     1     0       52.67      520.67        0.00
     1     0       54.67      518.00        0.00
     1     0       57.33      516.00        0.00
     1     0       60.00      514.00        0.00
     1     0       63.33      513.33        0.00
     1     0       66.67      512.67        0.00
     1     0       70.00      512.67        0.00
     1     0       73.33      512.00        0.00
     1     0       76.67      513.33        0.00
     1     0       79.33      515.33        0.00
     1     1      255.33      410.00        0.00
     1     1      253.33      413.33        0.00
     1     1      249.33      414.67        0.00
     1     1      246.00      414.67        0.00
     1     1      242.67      414.67        0.00
     1     1      239.33      414.00        0.00
     1     1      236.67      411.33        0.00
     1     1      235.33      408.00        0.00
     1     1      235.33      404.67        0.00
     1     1      235.33      401.33        0.00
     1     1      237.33      398.67        0.00
     1     1      240.00      396.67        0.00
     1     1      243.33      395.33        0.00
     1     1      246.67      395.33        0.00
     1     1      250.00      396.00        0.00
     1     1      253.33      397.33        0.00
     1     1      256.00      399.33        0.00
     1     1      257.33      402.67        0.00
     1     2      366.33      490.00        0.00
     1     2      366.33      493.33        0.00
     1     2      365.00      496.67        0.00
     1     2      361.67      498.67        0.00
     1     2      357.67      500.00        0.00
     1     2      354.33      500.67        0.00
     1     2      351.00      502.00        0.00
     1     2      347.67      502.00        0.00
     1     2      343.67      500.67        0.00
     1     2      340.33      500.00        0.00
     1     2      336.33      499.33        0.00
     1     2      332.33      498.00        0.00
     1     2      329.67      495.33        0.00
     1     2      328.33      492.00        0.00
     1     2      328.33      488.67        0.00
     1     2      330.33      485.33        0.00
     1     2      333.67      483.33        0.00
     1     2      337.00      483.33        0.00
     1     2      341.00      482.67        0.00
     1     2      344.33      482.67        0.00
     1     2      347.67      482.67        0.00
     1     2      351.67      482.67        0.00
     1     2      355.00      483.33        0.00
     1     2      358.33      483.33        0.00
     1     3     1001.67      554.33        0.00
     1     3      999.67      558.33        0.00
     1     3      996.33      558.33        0.00
     1     3      993.00      558.33        0.00
     1     3      989.67      556.33        0.00
     1     3      988.33      553.00        0.00
     1     3      987.67      548.33        0.00
     1     3      987.67      545.00        0.00
     1     3      989.00      541.67        0.00
     1     3      991.67      539.00        0.00
     1     3      995.00      537.67        0.00
     1     3      999.00      538.33        0.00
     1     3     1001.67      541.67        0.00
     1     3     1003.00      545.00        0.00
     1     3     1003.67      549.00        0.00
     1     4      919.00      760.33        0.00
     1     4      912.33      761.00        0.00
     1     4      909.00      759.67        0.00
     1     4      905.67      757.67        0.00
     1     4      903.67      754.33        0.00
     1     4      901.67      749.67        0.00
     1     4      902.33      745.67        0.00
     1     4      904.33      741.67        0.00
     1     4      907.67      739.00        0.00
     1     4      911.67      737.67        0.00
     1     4      917.00      737.00        0.00
     1     4      921.00      738.33        0.00
     1     4      923.67      740.33        0.00
     1     4      925.67      743.00        0.00
     1     4      927.67      746.33        0.00
     1     4      927.00      749.67        0.00
     1     4      924.33      752.33        0.00
     1     5      905.67      777.00        0.00
     1     5      901.00      780.33        0.00
     1     5      897.67      779.67        0.00
     1     5      894.33      777.00        0.00
     1     5      892.33      773.00        0.00
     1     5      892.33      769.67        0.00
     1     5      893.67      765.00        0.00
     1     5      896.33      763.00        0.00
     1     5      899.67      761.67        0.00
     1     5      903.00      762.33        0.00
     1     5      906.33      764.33        0.00
     1     5      908.33      768.33        0.00
     1     5      908.33      771.67        0.00
     1     6      802.00      798.67        0.00
     1     6      800.67      802.67        0.00
     1     6      798.00      805.33        0.00
     1     6      794.67      806.67        0.00
     1     6      791.33      806.67        0.00
     1     6      786.67      806.00        0.00
     1     6      784.00      803.33        0.00
     1     6      782.67      800.00        0.00
     1     6      782.67      795.33        0.00
     1     6      784.67      792.00        0.00
     1     6      788.00      788.67        0.00
     1     6      791.33      786.67        0.00
     1     6      794.67      785.33        0.00
     1     6      798.00      785.33        0.00
     1     6      801.33      786.00        0.00
     1     6      803.33      788.67        0.00
     1     6      804.00      792.00        0.00
     1     7      804.67      764.67        0.00
     1     7      803.33      768.00        0.00
     1     7      800.00      768.00        0.00
     1     7      796.67      768.00        0.00
     1     7      793.33      768.00        0.00
     1     7      790.00      766.67        0.00
     1     7      787.33      764.00        0.00
     1     7      787.33      760.67        0.00
     1     7      788.67      756.67        0.00
     1     7      792.00      755.33        0.00
     1     7      796.67      754.67        0.00
     1     7      800.67      754.67        0.00
     1     7      803.33      756.67        0.00
     1     8      798.67      744.00        0.00
     1     8      790.67      746.00        0.00
     1     8      787.33      745.33        0.00
     1     8      784.00      741.33        0.00
     1     8      783.33      737.33        0.00
     1     8      784.00      734.00        0.00
     1     8      787.33      731.33        0.00
     1     8      791.33      729.33        0.00
     1     8      795.33      728.67        0.00
     1     8      799.33      730.67        0.00
     1     8      801.33      733.33        0.00
     1     8      802.00      737.33        0.00
     1     8      798.67      738.00        0.00
     1     9      774.67      705.67        0.00
     1     9      769.33      707.00        0.00
     1     9      766.00      706.33        0.00
     1     9      764.00      703.67        0.00
     1     9      763.33      700.33        0.00
     1     9      763.33      697.00        0.00
     1     9      765.33      694.33        0.00
     1     9      769.33      692.33        0.00
     1     9      772.67      692.33        0.00
     1     9      776.00      693.67        0.00
     1     9      778.00      696.33        0.00
     1     9      778.67      699.67        0.00
     1    10      754.00      671.00        0.00
     1    10      752.67      674.33        0.00
     1    10      750.00      676.33        0.00
     1    10      746.67      676.33        0.00
     1    10      742.67      675.00        0.00
     1    10      740.00      672.33        0.00
     1    10      736.67      669.00        0.00
     1    10      734.67      666.33        0.00
     1    10      734.67      663.00        0.00
     1    10      736.67      658.33        0.00
     1    10      740.67      656.33        0.00
     1    10      744.67      656.33        0.00
     1    10      748.00      658.33        0.00
     1    10      750.67      661.00        0.00
     1    10      752.67      664.33        0.00
     1    11     1114.00      913.00        0.00
     1    11     1112.00      916.33        0.00
     1    11     1108.67      918.33        0.00
     1    11     1104.67      918.33        0.00
     1    11     1101.33      918.33        0.00
     1    11     1098.00      917.67        0.00
     1    11     1094.67      915.67        0.00
     1    11     1092.00      913.00        0.00
     1    11     1092.00      909.67        0.00
     1    11     1092.00      905.67        0.00
     1    11     1094.67      902.33        0.00
     1    11     1097.33      900.33        0.00
     1    11     1101.33      899.67        0.00
     1    11     1105.33      900.33        0.00
     1    11     1109.33      901.67        0.00
     1    11     1111.33      904.33        0.00
     1    11     1112.67      907.67        0.00
     1    12      692.33      345.67        0.00
     1    12      691.67      349.00        0.00
     1    12      688.33      350.33        0.00
     1    12      684.33      350.33        0.00
     1    12      681.00      349.00        0.00
     1    12      677.67      347.00        0.00
     1    12      676.33      343.67        0.00
     1    12      676.33      340.33        0.00
     1    12      678.33      337.67        0.00
     1    12      681.67      336.33        0.00
     1    12      685.00      336.33        0.00
     1    12      688.33      336.33        0.00
     1    12      691.67      337.67        0.00
