     0     0        2.00      411.67        0.00
     0     0        4.00      414.33        0.00
     0     0        6.67      417.00        0.00
     0     0        9.33      419.00        0.00
     0     0       12.67      421.00        0.00
     0     0       16.67      422.33        0.00
     0     0       20.00      424.33        0.00
     0     0       23.33      425.67        0.00
     0     0       26.67      427.67        0.00
     0     0       30.00      429.00        0.00
     0     0       33.33      429.67        0.00
     0     0       37.33      431.67        0.00
     0     0       40.67      432.33        0.00
     0     0       44.67      434.33        0.00
     0     0       48.00      436.33        0.00
     0     0       51.33      437.67        0.00
     0     0       54.00      439.67        0.00
     0     0       57.33      441.00        0.00
     0     0       59.33      443.67        0.00
     0     0       62.00      445.67        0.00
     0     0       65.33      447.67        0.00
     0     0       68.00      449.67        0.00
     0     0       70.67      451.67        0.00
     0     0       73.33      454.33        0.00
     0     0       75.33      457.00        0.00
     0     0       78.67      459.67        0.00
     0     0       81.33      461.67        0.00
     0     0       83.33      464.33        0.00
     0     0       85.33      467.00        0.00
     0     0       87.33      469.67        0.00
     0     0       90.00      473.00        0.00
     0     0       92.67      475.67        0.00
     0     0       95.33      477.67        0.00
     0     0       98.00      479.67        0.00
     0     0      100.00      482.33        0.00
     0     0      102.00      485.00        0.00
     0     0      104.67      487.67        0.00
     0     0      107.33      490.33        0.00
     0     0      109.33      493.00        0.00
     0     0      111.33      496.33        0.00
     0     0      113.33      499.00        0.00
     0     0      115.33      502.33        0.00
     0     0      118.67      505.00        0.00
     0     0      121.33      507.67        0.00
     0     0      124.67      509.67        0.00
     0     0      128.00      512.33        0.00
     0     0      131.33      514.33        0.00
     0     0      134.00      516.33        0.00
     0     0      137.33      518.33        0.00
     0     0      140.67      520.33        0.00
     0     0      144.67      523.00        0.00
     0     0      148.00      525.00        0.00
     0     0      151.33      527.00        0.00
     0     0      154.67      529.00        0.00
     0     0      158.67      531.00        0.00
     0     0      162.00      533.00        0.00
     0     0      166.00      535.00        0.00
     0     0      169.33      537.00        0.00
     0     0      172.67      539.00        0.00
     0     0      176.00      541.00        0.00
     0     0      180.00      543.00        0.00
     0     0      183.33      544.33        0.00
     0     0      187.33      546.33        0.00
     0     0      190.67      547.00        0.00
     0     0      193.33      549.00        0.00
     0     0      196.67      551.00        0.00
     0     0      199.33      553.67        0.00
     0     0      202.67      555.00        0.00
     0     0      206.67      557.00        0.00
     0     0      209.33      559.00        0.00
     0     0      212.00      561.00        0.00
     0     0      214.67      563.67        0.00
     0     0      216.67      566.33        0.00
     0     0      218.67      569.00        0.00
     0     0      221.33      571.00        0.00
     0     0      224.67      574.33        0.00
     0     0      228.00      575.67        0.00
     0     0      230.00      578.33        0.00
     0     0      232.67      580.33        0.00
     0     0      235.33      582.33        0.00
     0     0      238.00      584.33        0.00
     0     0      241.33      585.67        0.00
     0     0      243.33      588.33        0.00
     0     0      247.33      590.33        0.00
     0     0      250.00      593.00        0.00
     0     0      252.67      595.00        0.00
     0     0      255.33      597.00        0.00
     0     0      258.00      599.00        0.00
     0     0      261.33      601.00        0.00
     0     0      263.33      603.67        0.00
     0     0      266.00      606.33        0.00
     0     0      269.33      609.00        0.00
     0     0      272.00      611.00        0.00
     0     0      275.33      613.67        0.00
     0     0      278.67      615.00        0.00
     0     0      281.33      617.00        0.00
     0     0      284.00      619.67        0.00
     0     0      286.67      622.33        0.00
     0     0      290.00      624.33        0.00
     0     0      293.33      627.00        0.00
     0     0      296.00      629.00        0.00
     0     0      299.33      631.00        0.00
     0     0      302.00      633.00        0.00
     0     0      305.33      635.00        0.00
     0     0      308.00      637.00        0.00
     0     0      311.33      639.67        0.00
     0     0      314.00      642.33        0.00
     0     0      317.33      644.33        0.00
     0     0      320.67      646.33        0.00
     0     0      325.33      647.67        0.00
     0     0      328.67      649.00        0.00
     0     0      332.00      650.33        0.00
     0     0      336.00      652.33        0.00
     0     0      339.33      653.67        0.00
     0     0      342.00      656.33        0.00
     0     0      345.33      658.33        0.00
     0     0      387.67      680.00        0.00
     0     0      390.33      682.00        0.00
     0     0      393.00      684.00        0.00
     0     0      395.67      686.00        0.00
     0     0      398.33      688.00        0.00
     0     0      401.00      690.00        0.00
     0     0      403.67      692.00        0.00
     0     0      406.33      694.67        0.00
     0     0      409.67      696.67        0.00
     0     0      412.33      698.67        0.00
     0     0      415.67      700.00        0.00
     0     0      419.67      703.33        0.00
     0     0      423.00      705.33        0.00
     0     0      426.33      707.33        0.00
     0     0      430.33      710.00        0.00
     0     0      433.00      712.00        0.00
     0     0      436.33      714.00        0.00
     0     0      439.00      716.67        0.00
     0     0      442.33      718.00        0.00
     0     0      445.00      720.00        0.00
     0     0      448.33      722.00        0.00
     0     0      451.00      724.00        0.00
     0     0      454.33      726.67        0.00
     0     0      457.00      729.33        0.00
     0     0      459.67      731.33        0.00
     0     0      462.33      733.33        0.00
     0     0      465.00      736.00        0.00
     0     0      468.33      738.67        0.00
     0     0      471.00      740.67        0.00
     0     0      474.33      744.00        0.00
     0     0      477.00      746.00        0.00
     0     0      479.67      748.00        0.00
     0     0      482.33      750.00        0.00
     0     0      485.67      753.33        0.00
     0     0      489.00      756.00        0.00
     0     0      491.67      758.00        0.00
     0     0      494.33      760.67        0.00
     0     0      497.67      762.67        0.00
     0     0      500.33      765.33        0.00
     0     0      504.33      768.67        0.00
     0     0      507.00      771.33        0.00
     0     0      509.00      774.00        0.00
     0     0      511.00      777.33        0.00
     0     0      513.00      781.33        0.00
     0     0      515.00      784.00        0.00
     0     0      517.00      786.67        0.00
     0     0      519.00      789.33        0.00
     0     0      521.67      792.67        0.00
     0     0      525.00      796.00        0.00
     0     0      528.33      798.00        0.00
     0     0      531.67      801.33        0.00
     0     0      535.00      803.33        0.00
     0     0      537.00      806.00        0.00
     0     0      539.67      808.00        0.00
     0     0      543.00      809.33        0.00
     0     0      545.67      812.00        0.00
     0     0      548.33      814.00        0.00
     0     0      551.67      815.33        0.00
     0     0      562.67      824.00        0.00
     0     0      566.00      826.00        0.00
     0     0      568.67      828.00        0.00
     0     0      572.67      830.00        0.00
     0     0      575.33      832.67        0.00
     0     0      578.00      835.33        0.00
     0     0      580.67      838.00        0.00
     0     0      583.33      840.67        0.00
     0     0      586.67      845.33        0.00
     0     0      589.33      848.67        0.00
     0     0      592.00      852.00        0.00
     0     0      594.67      854.67        0.00
     0     0      597.33      857.33        0.00
     0     0      600.00      860.00        0.00
     0     0      604.00      862.67        0.00
     0     0      607.33      864.00        0.00
     0     0      610.00      866.67        0.00
     0     0      614.00      869.33        0.00
     0     0      617.33      871.33        0.00
     0     0      620.67      874.00        0.00
     0     0      623.33      876.00        0.00
     0     0      626.67      878.00        0.00
     0     0      629.33      880.67        0.00
     0     0      632.67      882.00        0.00
     0     0      636.00      884.67        0.00
     0     0      639.33      886.67        0.00
     0     0      642.67      889.33        0.00
     0     0      646.00      891.33        0.00
     0     0      649.33      892.67        0.00
     0     0      652.67      894.00        0.00
     0     0      656.00      895.33        0.00
     0     0      659.33      896.67        0.00
     0     0      662.67      898.00        0.00
     0     0      665.33      900.67        0.00
     0     0      668.67      902.67        0.00
     0     0      671.33      905.33        0.00
     0     0      674.00      907.33        0.00
     0     0      676.67      910.00        0.00
     0     0      680.00      912.00        0.00
     0     0      683.33      913.33        0.00
     0     0      687.33      915.33        0.00
     0     0      691.33      916.67        0.00
     0     0      694.67      917.33        0.00
     0     0      698.67      918.67        0.00
     0     0      702.67      919.33        0.00
     0     0      706.00      919.33        0.00
     0     0      710.67      920.67        0.00
     0     0      714.00      921.33        0.00
     0     0      717.33      922.00        0.00
     0     0      722.67      924.00        0.00
     0     0      726.67      924.67        0.00
     0     0      730.00      926.67        0.00
     0     0      734.00      928.00        0.00
     0     0      737.33      929.33        0.00
     0     0      742.67      930.67        0.00
     0     0      748.00      931.33        0.00
     0     0      752.00      932.67        0.00
     0     0      755.33      933.33        0.00
     0     0      760.00      933.33        0.00
     0     0      764.00      933.33        0.00
     0     0      768.00      932.67        0.00
     0     0      772.00      932.67        0.00
     0     0      774.67      930.00        0.00
     0     0      777.33      927.33        0.00
     0     0      778.67      923.33        0.00
     0     0      778.67      919.33        0.00
     0     0      778.67      915.33        0.00
     0     0      778.67      911.33        0.00
     0     0      778.00      908.00        0.00
     0     0      776.00      904.00        0.00
     0     0      774.67      900.67        0.00
     0     0      772.67      898.00        0.00
     0     0      770.67      895.33        0.00
     0     0      768.00      891.33        0.00
     0     0      765.33      888.00        0.00
     0     0      762.67      884.67        0.00
     0     0      760.00      882.00        0.00
     0     0      758.00      879.33        0.00
     0     0      755.33      876.67        0.00
     0     0      753.33      874.00        0.00
     0     0      751.33      871.33        0.00
     0     0      749.33      868.67        0.00
     0     0      747.33      864.67        0.00
     0     0      745.33      860.67        0.00
     0     0      744.67      857.33        0.00
     0     0      743.33      853.33        0.00
     0     0      742.67      850.00        0.00
     0     0      742.00      846.00        0.00
     0     0      741.33      842.00        0.00
     0     0      740.67      838.67        0.00
     0     0      740.00      835.33        0.00
     0     0      739.33      831.33        0.00
     0     0      738.00      828.00        0.00
     0     0      736.67      824.00        0.00
     0     0      735.33      820.67        0.00
     0     0      734.00      817.33        0.00
     0     0      732.67      814.00        0.00
     0     0      732.67      810.67        0.00
     0     0      731.33      807.33        0.00
     0     0      728.67      803.33        0.00
     0     0      726.67      800.67        0.00
     0     0      724.00      798.00        0.00
     0     0      722.00      794.67        0.00
     0     0      719.33      792.00        0.00
     0     0      717.33      789.33        0.00
     0     0      714.67      786.00        0.00
     0     0      712.67      783.33        0.00
     0     0      710.67      780.67        0.00
     0     0      707.33      777.33        0.00
     0     0      704.67      774.67        0.00
     0     0      702.67      772.00        0.00
     0     0      700.67      769.33        0.00
     0     0      698.67      766.67        0.00
     0     0      696.00      764.00        0.00
     0     0      692.67      762.00        0.00
     0     0      690.00      759.33        0.00
     0     0      687.33      757.33        0.00
     0     0      684.00      754.00        0.00
     0     0      681.33      751.33        0.00
     0     0      678.00      749.33        0.00
     0     0      674.67      746.67        0.00
     0     0      672.67      744.00        0.00
     0     0      668.67      741.33        0.00
     0     0      665.33      739.33        0.00
     0     0      662.00      736.67        0.00
     0     0      659.33      734.00        0.00
     0     0      656.67      730.67        0.00
     0     0      654.67      728.00        0.00
     0     0      651.33      725.33        0.00
     0     0      648.00      722.00        0.00
     0     0      645.33      720.00        0.00
     0     0      642.00      717.33        0.00
     0     0      640.00      714.67        0.00
     0     0      637.33      712.67        0.00
     0     0      634.67      710.00        0.00
     0     0      632.00      708.00        0.00
     0     0      629.33      705.33        0.00
     0     0      626.67      703.33        0.00
     0     0      623.33      701.33        0.00
     0     0      620.67      699.33        0.00
     0     0      618.00      697.33        0.00
     0     0      614.67      696.00        0.00
     0     0      617.00      678.33        0.00
     0     0      616.33      675.00        0.00
     0     0      616.33      671.00        0.00
     0     0      617.00      667.67        0.00
     0     0      618.33      664.33        0.00
     0     0      621.00      661.67        0.00
     0     0      623.00      659.00        0.00
     0     0      625.00      656.33        0.00
     0     0      627.00      653.67        0.00
     0     0      628.33      650.33        0.00
     0     0      630.33      647.00        0.00
     0     0      632.33      644.33        0.00
     0     0      634.33      641.67        0.00
     0     0      636.33      639.00        0.00
     0     0      639.00      636.33        0.00
     0     0      641.00      633.67        0.00
     0     0      643.00      631.00        0.00
     0     0      644.33      627.67        0.00
     0     0      646.33      625.00        0.00
     0     0      648.33      622.33        0.00
     0     0      649.67      619.00        0.00
     0     0      650.33      615.67        0.00
     0     0      651.67      612.33        0.00
     0     0      652.33      608.33        0.00
     0     0      653.67      605.00        0.00
     0     0      654.33      601.67        0.00
     0     0      654.33      597.67        0.00
     0     0      654.33      594.33        0.00
     0     0      653.67      591.00        0.00
     0     0      652.33      587.00        0.00
     0     0      651.00      583.00        0.00
     0     0      649.00      579.00        0.00
     0     0      648.33      575.67        0.00
     0     0      646.33      572.33        0.00
     0     0      644.33      568.33        0.00
     0     0      643.00      565.00        0.00
     0     0      641.00      562.33        0.00
     0     0      639.00      558.33        0.00
     0     0      636.33      553.67        0.00
     0     0      634.33      550.33        0.00
     0     0      632.33      547.67        0.00
     0     0      630.33      544.33        0.00
     0     0      628.33      541.00        0.00
     0     0      625.67      537.67        0.00
     0     0      623.00      535.00        0.00
     0     0      621.00      531.67        0.00
     0     0      618.33      529.00        0.00
     0     0      615.67      527.00        0.00
     0     0      612.33      523.67        0.00
     0     0      610.33      521.00        0.00
     0     0      607.67      519.00        0.00
     0     0      605.00      516.33        0.00
     0     0      602.33      514.33        0.00
     0     0      599.00      511.67        0.00
     0     0      596.33      509.67        0.00
     0     0      593.00      507.00        0.00
     0     0      590.33      505.00        0.00
     0     0      587.67      502.33        0.00
     0     0      585.00      500.33        0.00
     0     0      582.33      498.33        0.00
     0     0      579.67      496.33        0.00
     0     0      577.00      494.33        0.00
     0     0      573.67      492.33        0.00
     0     0      569.67      489.67        0.00
     0     0      566.33      488.33        0.00
     0     0      562.33      487.67        0.00
     0     0      558.33      487.00        0.00
     0     0      555.00      487.00        0.00
     0     0      550.33      487.00        0.00
     0     0      546.33      487.00        0.00
     0     0      542.33      487.00        0.00
     0     0      539.00      487.00        0.00
     0     0      534.33      488.33        0.00
     0     0      531.00      489.00        0.00
     0     0      527.67      490.33        0.00
     0     0      524.33      492.33        0.00
     0     0      521.00      495.67        0.00
     0     0      518.33      497.67        0.00
     0     0      516.33      501.00        0.00
     0     0      513.67      503.67        0.00
     0     0      511.67      506.33        0.00
     0     0      509.00      509.67        0.00
     0     0      507.00      512.33        0.00
     0     0      503.67      515.00        0.00
     0     0      500.33      517.67        0.00
     0     0      497.67      520.33        0.00
     0     0      494.33      523.67        0.00
     0     0      491.67      527.00        0.00
     0     0      487.67      530.33        0.00
     0     0      485.00      533.00        0.00
     0     0      481.67      536.33        0.00
     0     0      479.00      539.00        0.00
     0     0      477.00      541.67        0.00
     0     0      475.00      544.33        0.00
     0     0      473.00      547.67        0.00
     0     0      470.33      550.33        0.00
     0     0      467.00      553.00        0.00
     0     0      464.33      555.67        0.00
     0     0      461.67      557.67        0.00
     0     0      459.00      560.33        0.00
     0     0      455.00      562.33        0.00
     0     0      451.67      563.67        0.00
     0     0      448.33      565.00        0.00
     0     0      445.00      565.67        0.00
     0     0      441.67      565.67        0.00
     0     0      437.67      566.33        0.00
     0     0      433.00      566.33        0.00
     0     0      428.33      566.33        0.00
     0     0      425.00      566.33        0.00
     0     0      421.67      566.33        0.00
     0     0      417.67      565.67        0.00
     0     0      414.33      565.00        0.00
     0     0      411.00      564.33        0.00
     0     0      407.00      562.33        0.00
     0     0      404.33      560.33        0.00
     0     0      401.67      557.00        0.00
     0     0      399.00      555.00        0.00
     0     0      396.33      553.00        0.00
     0     0      393.67      551.00        0.00
     0     0      390.33      549.00        0.00
     0     0      387.00      547.00        0.00
     0     0      383.67      545.67        0.00
     0     0      380.33      543.67        0.00
     0     0      377.00      541.67        0.00
     0     0      373.67      540.33        0.00
     0     0      370.33      539.00        0.00
     0     0      367.00      537.00        0.00
     0     0      363.67      535.00        0.00
     0     0      360.33      533.67        0.00
     0     0      357.00      531.00        0.00
     0     0      349.33      526.00        0.00
     0     0      345.33      525.33        0.00
     0     0      342.00      523.33        0.00
     0     0      338.00      520.67        0.00
     0     0      334.67      519.33        0.00
     0     0      331.33      516.67        0.00
     0     0      327.33      514.67        0.00
     0     0      324.67      512.67        0.00
     0     0      321.33      510.00        0.00
     0     0      318.00      508.00        0.00
     0     0      314.67      506.00        0.00
     0     0      312.00      503.33        0.00
     0     0      308.00      501.33        0.00
     0     0      305.33      499.33        0.00
     0     0      302.67      497.33        0.00
     0     0      300.00      495.33        0.00
     0     0      296.67      493.33        0.00
     0     0      294.00      491.33        0.00
     0     0      291.33      489.33        0.00
     0     0      288.00      486.67        0.00
     0     0      284.67      484.00        0.00
     0     0      282.67      481.33        0.00
     0     0      280.67      478.67        0.00
     0     0      277.33      475.33        0.00
     0     0      274.67      473.33        0.00
     0     0      272.67      470.67        0.00
     0     0      270.00      468.00        0.00
     0     0      266.67      465.33        0.00
     0     0      263.33      462.67        0.00
     0     0      260.00      460.00        0.00
     0     0      257.33      457.33        0.00
     0     0      254.00      455.33        0.00
     0     0      251.33      452.00        0.00
     0     0      248.67      449.33        0.00
     0     0      246.00      446.00        0.00
     0     0      243.33      443.33        0.00
     0     0      240.67      440.67        0.00
     0     0      238.00      438.67        0.00
     0     0      235.33      436.00        0.00
     0     0      232.67      433.33        0.00
     0     0      229.33      430.67        0.00
     0     0      227.33      428.00        0.00
     0     0      224.67      426.00        0.00
     0     0      221.33      423.33        0.00
     0     0      218.00      421.33        0.00
     0     0      214.67      419.33        0.00
     0     0      211.33      418.00        0.00
     0     0      208.00      416.00        0.00
     0     0      204.67      414.67        0.00
     0     0      200.67      412.67        0.00
     0     0      196.67      411.33        0.00
     0     0      192.67      410.00        0.00
     0     0      188.00      407.33        0.00
     0     0      184.67      406.67        0.00
     0     0      180.00      404.67        0.00
     0     0      176.00      402.67        0.00
     0     0      172.00      400.67        0.00
     0     0      168.67      398.67        0.00
     0     0      166.00      396.67        0.00
     0     0      162.00      394.67        0.00
     0     0      158.67      392.00        0.00
     0     0      155.33      390.00        0.00
     0     0      152.67      386.67        0.00
     0     0      149.33      384.00        0.00
     0     0      146.00      382.00        0.00
     0     0      142.67      379.33        0.00
     0     0      140.00      377.33        0.00
     0     0      136.67      375.33        0.00
     0     0      134.00      373.33        0.00
     0     0      131.33      371.33        0.00
     0     0      128.00      370.00        0.00
     0     0      124.67      368.67        0.00
     0     0      121.33      367.33        0.00
     0     0      118.00      366.00        0.00
     0     0      115.33      364.00        0.00
     0     0      112.67      362.00        0.00
     0     0      109.33      360.67        0.00
     0     0      106.00      358.67        0.00
     0     0      102.00      357.33        0.00
     0     0       99.33      355.33        0.00
     0     0       96.00      354.00        0.00
     0     0       92.00      352.00        0.00
     0     0       88.67      350.67        0.00
     0     0       84.67      349.33        0.00
     0     0       81.33      347.33        0.00
     0     0       78.67      345.33        0.00
     0     0       75.33      342.00        0.00
     0     0       71.33      340.00        0.00
     0     0       62.67      328.00        0.00
     0     0       59.33      326.67        0.00
     0     0       57.33      324.00        0.00
     0     0       55.33      320.67        0.00
     0     0       52.00      316.67        0.00
     0     0       49.33      313.33        0.00
     0     0       45.33      310.67        0.00
     0     0       42.67      307.33        0.00
     0     0       38.67      304.67        0.00
     0     0       34.67      301.33        0.00
     0     0       30.67      299.33        0.00
     0     0       26.67      297.33        0.00
     0     0       23.33      295.33        0.00
     0     0       20.00      292.67        0.00
     0     0       16.00      290.00        0.00
     0     0       12.67      288.67        0.00
     0     0        9.33      287.33        0.00
     0     0        6.00      285.33        0.00
     0     0        3.33      283.33        0.00
     0     1     1023.67      761.00        0.00
     0     1     1017.00      758.33        0.00
     0     1     1013.00      756.33        0.00
     0     1     1009.00      753.67        0.00
     0     1     1006.33      751.67        0.00
     0     1     1003.67      749.00        0.00
     0     1     1000.33      746.33        0.00
     0     1      997.00      743.67        0.00
     0     1      993.67      741.67        0.00
     0     1      991.00      739.00        0.00
     0     1      987.67      736.33        0.00
     0     1      984.33      733.00        0.00
     0     1      981.67      731.00        0.00
     0     1      979.00      728.33        0.00
     0     1      976.33      726.33        0.00
     0     1      973.67      723.67        0.00
     0     1      971.00      721.00        0.00
     0     1      969.00      718.33        0.00
     0     1      967.00      714.33        0.00
     0     1      965.00      710.33        0.00
     0     1      963.00      706.33        0.00
     0     1      961.00      701.67        0.00
     0     1      959.67      697.00        0.00
     0     1      958.33      693.00        0.00
     0     1      957.67      688.33        0.00
     0     1      956.33      684.33        0.00
     0     1      955.67      681.00        0.00
     0     1      955.00      677.67        0.00
     0     1      955.00      674.33        0.00
     0     1      955.00      670.33        0.00
     0     1      955.00      666.33        0.00
     0     1      954.33      662.33        0.00
     0     1      954.33      658.33        0.00
     0     1      953.67      654.33        0.00
     0     1      953.67      651.00        0.00
     0     1      953.00      647.67        0.00
     0     1      953.00      643.67        0.00
     0     1      953.00      639.67        0.00
     0     1      953.00      636.33        0.00
     0     1      953.00      633.00        0.00
     0     1      953.00      629.67        0.00
     0     1      952.33      625.00        0.00
     0     1      951.67      621.00        0.00
     0     1      950.33      617.00        0.00
     0     1      949.67      613.00        0.00
     0     1      948.33      609.00        0.00
     0     1      947.00      605.67        0.00
     0     1      946.33      602.33        0.00
     0     1      944.33      599.67        0.00
     0     1      943.00      595.67        0.00
     0     1      941.00      591.67        0.00
     0     1      939.67      587.67        0.00
     0     1      938.33      582.33        0.00
     0     1      937.00      578.33        0.00
     0     1      936.33      574.33        0.00
     0     1      936.33      571.00        0.00
     0     1      936.33      567.00        0.00
     0     1      936.33      563.67        0.00
     0     1      937.67      560.33        0.00
     0     1      938.33      557.00        0.00
     0     1      939.67      553.00        0.00
     0     1      941.67      550.33        0.00
     0     1      943.67      547.00        0.00
     0     1      946.33      544.33        0.00
     0     1      949.67      542.33        0.00
     0     1      953.00      541.00        0.00
     0     1      955.67      539.00        0.00
     0     1      959.67      537.00        0.00
     0     1      963.00      535.67        0.00
     0     1      967.67      535.00        0.00
     0     1      971.00      533.00        0.00
     0     1      975.00      533.00        0.00
     0     1      979.00      533.00        0.00
     0     1      983.00      533.00        0.00
     0     1      986.33      532.33        0.00
     0     1      991.00      532.33        0.00
     0     1      994.33      531.67        0.00
     0     1      998.33      531.67        0.00
     0     1     1003.00      531.67        0.00
     0     1     1007.00      531.67        0.00
     0     1     1011.00      533.00        0.00
     0     1     1015.00      534.33        0.00
     0     1     1019.00      536.33        0.00
     0     1     1022.33      538.33        0.00
     0     1     1025.67      541.00        0.00
     0     1     1028.33      544.33        0.00
     0     1     1031.00      546.33        0.00
     0     1     1034.33      549.00        0.00
     0     1     1038.33      551.00        0.00
     0     1     1041.67      553.67        0.00
     0     1     1044.33      555.67        0.00
     0     1     1047.00      558.33        0.00
     0     1     1050.33      560.33        0.00
     0     1     1053.67      563.00        0.00
     0     1     1056.33      565.00        0.00
     0     1     1059.00      567.00        0.00
     0     1     1061.00      569.67        0.00
     0     1     1063.00      573.00        0.00
     0     1     1065.67      576.33        0.00
     0     1     1069.00      579.67        0.00
     0     1     1071.00      582.33        0.00
     0     1     1073.00      586.33        0.00
     0     1     1075.00      589.67        0.00
     0     1     1077.00      592.33        0.00
     0     1     1078.33      595.67        0.00
     0     1     1080.33      599.67        0.00
     0     1     1081.67      603.00        0.00
     0     1     1082.33      606.33        0.00
     0     1     1083.67      609.67        0.00
     0     1     1084.33      613.00        0.00
     0     1     1085.67      616.33        0.00
     0     1     1087.00      621.00        0.00
     0     1     1087.67      625.00        0.00
     0     1     1089.00      629.67        0.00
     0     1     1090.33      633.00        0.00
     0     1     1091.67      637.67        0.00
     0     1     1092.33      641.00        0.00
     0     1     1094.33      645.67        0.00
     0     1     1095.67      649.00        0.00
     0     1     1097.00      653.67        0.00
     0     1     1099.00      657.67        0.00
     0     1     1100.33      661.00        0.00
     0     1     1101.00      664.33        0.00
     0     1     1101.67      667.67        0.00
     0     1     1102.33      671.00        0.00
     0     1     1102.33      675.00        0.00
     0     1     1103.00      678.33        0.00
     0     1     1103.00      683.00        0.00
     0     1     1103.00      687.00        0.00
     0     1     1103.67      691.00        0.00
     0     1     1104.33      695.67        0.00
     0     1     1104.33      699.00        0.00
     0     1     1104.33      702.33        0.00
     0     1     1103.67      706.33        0.00
     0     1     1103.00      709.67        0.00
     0     1     1101.67      713.00        0.00
     0     1     1100.33      716.33        0.00
     0     1     1098.33      719.67        0.00
     0     1     1097.00      723.00        0.00
     0     1     1095.00      725.67        0.00
     0     1     1093.00      729.67        0.00
     0     1     1091.00      732.33        0.00
     0     1     1089.00      735.00        0.00
     0     1     1087.00      737.67        0.00
     0     1     1084.33      740.33        0.00
     0     1     1082.33      743.67        0.00
     0     1     1080.33      746.33        0.00
     0     1     1077.00      749.67        0.00
     0     1     1074.33      752.33        0.00
     0     1     1071.00      754.33        0.00
     0     1     1067.00      756.33        0.00
     0     1     1063.00      757.00        0.00
     0     1     1059.00      758.33        0.00
     0     1     1055.00      759.67        0.00
     0     1     1051.67      759.67        0.00
     0     1     1047.67      760.33        0.00
     0     1     1044.33      760.33        0.00
     0     1     1040.33      760.33        0.00
     0     1     1035.00      760.33        0.00
     0     2      805.33      410.33        0.00
     0     2      780.00      399.00        0.00
     0     2      775.33      396.33        0.00
     0     2      771.33      395.00        0.00
     0     2      767.33      393.00        0.00
     0     2      761.33      391.00        0.00
     0     2      758.00      389.00        0.00
     0     2      752.67      386.33        0.00
     0     2      748.00      384.33        0.00
     0     2      744.67      382.33        0.00
     0     2      742.00      380.33        0.00
     0     2      738.00      378.33        0.00
     0     2      733.33      375.00        0.00
     0     2      728.00      372.33        0.00
     0     2      725.33      370.33        0.00
     0     2      722.00      368.33        0.00
     0     2      717.33      365.00        0.00
     0     2      714.00      362.33        0.00
     0     2      710.67      360.33        0.00
     0     2      708.00      358.33        0.00
     0     2      704.00      355.67        0.00
     0     2      700.00      353.67        0.00
     0     2      695.33      351.67        0.00
     0     2      691.33      349.67        0.00
     0     2      687.33      347.67        0.00
     0     2      683.33      345.67        0.00
     0     2      680.67      343.67        0.00
     0     2      675.33      341.67        0.00
     0     2      671.33      339.67        0.00
     0     2      668.67      337.67        0.00
     0     2      664.67      335.00        0.00
     0     2      661.33      331.67        0.00
     0     2      658.67      329.00        0.00
     0     2      656.00      325.67        0.00
     0     2      654.67      322.33        0.00
     0     2      652.00      317.67        0.00
     0     2      651.33      313.67        0.00
     0     2      650.67      308.33        0.00
     0     2      650.67      304.33        0.00
     0     2      652.00      300.33        0.00
     0     2      654.67      295.00        0.00
     0     2      656.67      292.33        0.00
     0     2      659.33      289.67        0.00
     0     2      661.33      286.33        0.00
     0     2      664.67      283.00        0.00
     0     2      667.33      279.67        0.00
     0     2      671.33      277.00        0.00
     0     2      675.33      275.00        0.00
     0     2      680.00      272.33        0.00
     0     2      685.33      270.33        0.00
     0     2      688.00      268.33        0.00
     0     2      693.33      267.00        0.00
     0     2      698.00      264.33        0.00
     0     2      700.67      262.33        0.00
     0     2      704.67      261.00        0.00
     0     2      708.67      259.00        0.00
     0     2      712.00      257.00        0.00
     0     2      715.33      254.33        0.00
     0     2      718.67      252.33        0.00
     0     2      722.00      250.33        0.00
     0     2      727.33      247.67        0.00
     0     2      730.67      245.67        0.00
     0     2      734.67      243.67        0.00
     0     2      739.33      242.33        0.00
     0     2      742.67      240.33        0.00
     0     2      746.00      239.00        0.00
     0     2      749.33      238.33        0.00
     0     2      754.00      237.67        0.00
     0     2      757.33      237.00        0.00
     0     2      761.33      236.33        0.00
     0     2      765.33      235.67        0.00
     0     2      770.00      235.67        0.00
     0     2      774.00      235.00        0.00
     0     2      778.00      234.33        0.00
     0     2      782.00      233.67        0.00
     0     2      785.33      233.67        0.00
     0     2      788.67      233.67        0.00
     0     2      793.33      233.67        0.00
     0     2      798.00      234.33        0.00
     0     2      802.00      235.67        0.00
     0     2      806.00      236.33        0.00
     0     2      810.00      237.67        0.00
     0     2      814.00      239.00        0.00
     0     2      817.33      241.00        0.00
     0     2      821.33      243.00        0.00
     0     2      824.67      245.67        0.00
     0     2      828.00      247.00        0.00
     0     2      830.67      249.00        0.00
     0     2      834.67      251.67        0.00
     0     2      837.33      254.33        0.00
     0     2      840.00      256.33        0.00
     0     2      844.67      259.67        0.00
     0     2      848.00      262.33        0.00
     0     2      851.33      265.67        0.00
     0     2      854.00      269.00        0.00
     0     2      856.67      271.67        0.00
     0     2      859.33      274.33        0.00
     0     2      861.33      279.00        0.00
     0     2      863.33      282.33        0.00
     0     2      864.67      285.67        0.00
     0     2      866.00      289.00        0.00
     0     2      866.67      292.33        0.00
     0     2      868.00      295.67        0.00
     0     2      868.00      299.00        0.00
     0     2      868.67      303.00        0.00
     0     2      868.67      306.33        0.00
     0     2      868.67      310.33        0.00
     0     2      868.67      313.67        0.00
     0     2      868.00      317.67        0.00
     0     2      868.00      321.00        0.00
     0     2      868.00      325.67        0.00
     0     2      868.00      329.67        0.00
     0     2      868.00      333.00        0.00
     0     2      867.33      337.00        0.00
     0     2      866.00      340.33        0.00
     0     2      864.67      343.67        0.00
     0     2      863.33      347.67        0.00
     0     2      862.67      351.67        0.00
     0     2      861.33      355.00        0.00
     0     2      860.00      359.00        0.00
     0     2      859.33      362.33        0.00
     0     2      858.00      366.33        0.00
     0     2      856.67      371.00        0.00
     0     2      854.67      375.00        0.00
     0     2      852.67      379.00        0.00
     0     2      850.67      383.00        0.00
     0     2      848.00      385.67        0.00
     0     2      846.00      388.33        0.00
     0     2      843.33      391.00        0.00
     0     2      840.67      393.67        0.00
     0     2      838.67      396.33        0.00
     0     2      836.67      399.00        0.00
     0     2      834.00      401.67        0.00
     0     2      831.33      404.33        0.00
     0     2      828.00      407.00        0.00
     0     2      824.67      409.00        0.00
     0     2      821.33      410.33        0.00
     0     2      818.00      410.33        0.00
     0     2      814.67      411.67        0.00
     0     2      787.33      401.00        0.00
     0     3      652.33        0.00        0.00
     0     3      652.33        3.33        0.00
     0     3      654.33        6.67        0.00
     0     3      655.67       10.67        0.00
     0     3      656.33       14.00        0.00
     0     3      658.33       18.00        0.00
     0     3      660.33       22.00        0.00
     0     3      662.33       26.00        0.00
     0     3      664.33       29.33        0.00
     0     3      666.33       33.33        0.00
     0     3      669.00       36.67        0.00
     0     3      671.00       40.67        0.00
     0     3      674.33       44.00        0.00
     0     3      677.00       48.00        0.00
     0     3      679.67       51.33        0.00
     0     3      683.00       55.33        0.00
     0     3      685.00       58.00        0.00
     0     3      687.00       60.67        0.00
     0     3      689.00       63.33        0.00
     0     3      691.00       66.67        0.00
     0     3      694.33       70.67        0.00
     0     3      697.00       74.00        0.00
     0     3      699.00       77.33        0.00
     0     3      701.00       80.00        0.00
     0     3      703.00       82.67        0.00
     0     3      706.33       86.67        0.00
     0     3      708.33       89.33        0.00
     0     3      711.00       93.33        0.00
     0     3      713.00       96.67        0.00
     0     3      715.67       99.33        0.00
     0     3      718.33      101.33        0.00
     0     3      720.33      104.00        0.00
     0     3      723.67      106.67        0.00
     0     3      726.33      108.67        0.00
     0     3      729.00      110.67        0.00
     0     3      733.67      113.33        0.00
     0     3      737.00      115.33        0.00
     0     3      740.33      116.67        0.00
     0     3      743.67      118.67        0.00
     0     3      747.67      120.00        0.00
     0     3      752.33      121.33        0.00
     0     3      756.33      122.67        0.00
     0     3      760.33      123.33        0.00
     0     3      764.33      124.00        0.00
     0     3      767.67      124.67        0.00
     0     3      772.33      126.00        0.00
     0     3      775.67      126.00        0.00
     0     3      780.33      127.33        0.00
     0     3      784.33      127.33        0.00
     0     3      789.00      127.33        0.00
     0     3      792.33      127.33        0.00
     0     3      796.33      126.67        0.00
     0     3      800.33      126.00        0.00
     0     3      805.00      124.67        0.00
     0     3      808.33      123.33        0.00
     0     3      812.33      120.67        0.00
     0     3      815.00      118.67        0.00
     0     3      818.33      116.00        0.00
     0     3      821.00      113.33        0.00
     0     3      823.67      111.33        0.00
     0     3      825.00      106.00        0.00
     0     3      827.67      102.00        0.00
     0     3      829.00       98.00        0.00
     0     3      829.00       93.33        0.00
     0     3      829.00       88.00        0.00
     0     3      829.67       84.67        0.00
     0     3      829.67       80.67        0.00
     0     3      830.33       75.33        0.00
     0     3      830.33       72.00        0.00
     0     3      829.67       68.00        0.00
     0     3      829.67       64.67        0.00
     0     3      829.67       60.67        0.00
     0     3      828.33       56.00        0.00
     0     3      826.33       52.67        0.00
     0     3      825.00       49.33        0.00
     0     3      823.67       45.33        0.00
     0     3      821.67       42.00        0.00
     0     3      820.33       37.33        0.00
     0     3      819.00       34.00        0.00
     0     3      817.67       30.67        0.00
     0     3      817.00       26.67        0.00
     0     3      815.67       23.33        0.00
     0     3      815.00       20.00        0.00
     0     3      814.33       15.33        0.00
     0     3      813.00       12.00        0.00
     0     3      811.00        8.67        0.00
     0     3      809.00        6.00        0.00
     0     3      806.33        3.33        0.00
     0     3      804.33        0.00        0.00
     0     4      445.00      433.00        0.00
     0     4      438.00      425.00        0.00
     0     4      436.00      422.00        0.00
     0     4      433.00      419.00        0.00
     0     4      430.00      417.00        0.00
     0     4      426.00      414.00        0.00
     0     4      423.00      411.00        0.00
     0     4      420.00      409.00        0.00
     0     4      418.00      406.00        0.00
     0     4      415.00      404.00        0.00
     0     4      412.00      401.00        0.00
     0     4      409.00      398.00        0.00
     0     4      407.00      395.00        0.00
     0     4      403.00      392.00        0.00
     0     4      401.00      389.00        0.00
     0     4      398.00      387.00        0.00
     0     4      396.00      383.00        0.00
     0     4      394.00      379.00        0.00
     0     4      394.00      374.00        0.00
     0     4      394.00      370.00        0.00
     0     4      395.00      366.00        0.00
     0     4      396.00      363.00        0.00
     0     4      398.00      359.00        0.00
     0     4      400.00      355.00        0.00
     0     4      404.00      351.00        0.00
     0     4      406.00      348.00        0.00
     0     4      409.00      343.00        0.00
     0     4      411.00      339.00        0.00
     0     4      415.00      337.00        0.00
     0     4      419.00      334.00        0.00
     0     4      423.00      331.00        0.00
     0     4      427.00      328.00        0.00
     0     4      431.00      324.00        0.00
     0     4      435.00      321.00        0.00
     0     4      438.00      319.00        0.00
     0     4      442.00      317.00        0.00
     0     4      447.00      316.00        0.00
     0     4      450.00      314.00        0.00
     0     4      454.00      313.00        0.00
     0     4      458.00      313.00        0.00
     0     4      461.00      312.00        0.00
     0     4      465.00      312.00        0.00
     0     4      469.00      312.00        0.00
     0     4      474.00      312.00        0.00
     0     4      478.00      312.00        0.00
     0     4      482.00      313.00        0.00
     0     4      485.00      314.00        0.00
     0     4      488.00      315.00        0.00
     0     4      492.00      317.00        0.00
     0     4      496.00      318.00        0.00
     0     4      500.00      320.00        0.00
     0     4      503.00      321.00        0.00
     0     4      506.00      323.00        0.00
     0     4      509.00      324.00        0.00
     0     4      512.00      326.00        0.00
     0     4      515.00      328.00        0.00
     0     4      518.00      330.00        0.00
     0     4      521.00      332.00        0.00
     0     4      522.00      335.00        0.00
     0     4      525.00      338.00        0.00
     0     4      526.00      341.00        0.00
     0     4      528.00      345.00        0.00
     0     4      530.00      349.00        0.00
     0     4      532.00      352.00        0.00
     0     4      533.00      356.00        0.00
     0     4      534.00      359.00        0.00
     0     4      535.00      362.00        0.00
     0     4      535.00      366.00        0.00
     0     4      536.00      370.00        0.00
     0     4      537.00      373.00        0.00
     0     4      538.00      377.00        0.00
     0     4      539.00      381.00        0.00
     0     4      539.00      385.00        0.00
     0     4      539.00      390.00        0.00
     0     4      539.00      394.00        0.00
     0     4      539.00      399.00        0.00
     0     4      539.00      403.00        0.00
     0     4      539.00      408.00        0.00
     0     4      539.00      413.00        0.00
     0     4      539.00      417.00        0.00
     0     4      539.00      421.00        0.00
     0     4      538.00      424.00        0.00
     0     4      538.00      429.00        0.00
     0     4      536.00      433.00        0.00
     0     4      533.00      437.00        0.00
     0     4      529.00      441.00        0.00
     0     4      526.00      442.00        0.00
     0     4      523.00      444.00        0.00
     0     4      518.00      445.00        0.00
     0     4      515.00      446.00        0.00
     0     4      512.00      447.00        0.00
     0     4      508.00      448.00        0.00
     0     4      504.00      449.00        0.00
     0     4      500.00      449.00        0.00
     0     4      496.00      449.00        0.00
     0     4      492.00      449.00        0.00
     0     4      488.00      449.00        0.00
     0     4      485.00      448.00        0.00
     0     4      481.00      447.00        0.00
     0     4      477.00      445.00        0.00
     0     4      474.00      444.00        0.00
     0     4      471.00      443.00        0.00
     0     4      468.00      441.00        0.00
     1     0      477.00      543.00        0.00
     1     0      476.00      545.50        0.00
     1     0      475.00      548.50        0.00
     1     0      473.50      550.50        0.00
     1     0      471.50      552.00        0.00
     1     0      469.00      553.50        0.00
     1     0      466.50      553.50        0.00
     1     0      463.50      552.50        0.00
     1     0      461.00      550.00        0.00
     1     0      459.50      547.00        0.00
     1     0      458.50      544.50        0.00
     1     0      458.00      541.50        0.00
     1     0      458.00      538.50        0.00
     1     0      459.50      536.50        0.00
     1     0      461.50      535.00        0.00
     1     0      463.50      533.50        0.00
     1     0      466.50      533.00        0.00
     1     0      469.50      532.50        0.00
     1     0      472.00      533.00        0.00
     1     0      474.00      534.50        0.00
     1     0      475.50      537.00        0.00
     1     0      477.00      539.00        0.00
