     0     0        2.00      405.00        0.00
     0     0       -2.00      404.00        0.00
     0     0        2.00      404.00        0.00
     0     0        6.00      405.00        0.00
     0     0       10.00      405.00        0.00
     0     0       14.00      407.00        0.00
     0     0       19.00      409.00        0.00
     0     0       23.00      410.00        0.00
     0     0       28.00      411.00        0.00
     0     0       34.00      413.00        0.00
     0     0       38.00      415.00        0.00
     0     0       45.00      419.00        0.00
     0     0       49.00      421.00        0.00
     0     0       53.00      421.00        0.00
     0     0       58.00      423.00        0.00
     0     0       62.00      426.00        0.00
     0     0       65.00      427.00        0.00
     0     0       70.00      430.00        0.00
     0     0       74.00      432.00        0.00
     0     0       79.00      435.00        0.00
     0     0       83.00      437.00        0.00
     0     0       88.00      438.00        0.00
     0     0       91.00      440.00        0.00
     0     0       95.00      441.00        0.00
     0     0       99.00      442.00        0.00
     0     0      103.00      443.00        0.00
     0     0      107.00      444.00        0.00
     0     0      112.00      445.00        0.00
     0     0      116.00      446.00        0.00
     0     0      120.00      447.00        0.00
     0     0      126.00      447.00        0.00
     0     0      130.00      448.00        0.00
     0     0      136.00      450.00        0.00
     0     0      140.00      451.00        0.00
     0     0      144.00      452.00        0.00
     0     0      148.00      453.00        0.00
     0     0      152.00      454.00        0.00
     0     0      155.00      455.00        0.00
     0     0      160.00      457.00        0.00
     0     0      164.00      458.00        0.00
     0     0      169.00      459.00        0.00
     0     0      174.00      459.00        0.00
     0     0      178.00      460.00        0.00
     0     0      184.00      460.00        0.00
     0     0      190.00      460.00        0.00
     0     0      196.00      460.00        0.00
     0     0      200.00      460.00        0.00
     0     0      208.00      460.00        0.00
     0     0      213.00      460.00        0.00
     0     0      217.00      460.00        0.00
     0     0      222.00      461.00        0.00
     0     0      226.00      461.00        0.00
     0     0      230.00      462.00        0.00
     0     0      234.00      463.00        0.00
     0     0      240.00      464.00        0.00
     0     0      246.00      465.00        0.00
     0     0      251.00      466.00        0.00
     0     0      254.00      467.00        0.00
     0     0      258.00      467.00        0.00
     0     0      262.00      468.00        0.00
     0     0      267.00      469.00        0.00
     0     0      270.00      471.00        0.00
     0     0      275.00      472.00        0.00
     0     0      280.00      473.00        0.00
     0     0      286.00      474.00        0.00
     0     0      290.00      475.00        0.00
     0     0      296.00      476.00        0.00
     0     0      300.00      477.00        0.00
     0     0      306.00      477.00        0.00
     0     0      311.00      477.00        0.00
     0     0      314.00      478.00        0.00
     0     0      319.00      478.00        0.00
     0     0      325.00      478.00        0.00
     0     0      329.00      478.00        0.00
     0     0      334.00      478.00        0.00
     0     0      339.00      478.00        0.00
     0     0      344.00      478.00        0.00
     0     0      350.00      478.00        0.00
     0     0      355.00      479.00        0.00
     0     0      361.00      479.00        0.00
     0     0      366.00      480.00        0.00
     0     0      370.00      480.00        0.00
     0     0      376.00      481.00        0.00
     0     0      381.00      481.00        0.00
     0     0      386.00      481.00        0.00
     0     0      390.00      482.00        0.00
     0     0      394.00      483.00        0.00
     0     0      399.00      484.00        0.00
     0     0      402.00      485.00        0.00
     0     0      408.00      486.00        0.00
     0     0      411.00      487.00        0.00
     0     0      416.00      487.00        0.00
     0     0      420.00      487.00        0.00
     0     0      425.00      487.00        0.00
     0     0      428.00      488.00        0.00
     0     0      432.00      488.00        0.00
     0     0      437.00      488.00        0.00
     0     0      440.00      489.00        0.00
     0     0      445.00      489.00        0.00
     0     0      450.00      489.00        0.00
     0     0      455.00      489.00        0.00
     0     0      461.00      489.00        0.00
     0     0      466.00      489.00        0.00
     0     0      470.00      490.00        0.00
     0     0      473.00      491.00        0.00
     0     0      476.00      492.00        0.00
     0     0      479.00      494.00        0.00
     0     0      482.00      496.00        0.00
     0     0      486.00      499.00        0.00
     0     0      489.00      501.00        0.00
     0     0      492.00      503.00        0.00
     0     0      495.00      505.00        0.00
     0     0      498.00      508.00        0.00
     0     0      501.00      510.00        0.00
     0     0      504.00      512.00        0.00
     0     0      507.00      514.00        0.00
     0     0      510.00      516.00        0.00
     0     0      513.00      518.00        0.00
     0     0      517.00      519.00        0.00
     0     0      520.00      521.00        0.00
     0     0      524.00      524.00        0.00
     0     0      527.00      527.00        0.00
     0     0      530.00      529.00        0.00
     0     0      533.00      531.00        0.00
     0     0      536.00      533.00        0.00
     0     0      539.00      534.00        0.00
     0     0      543.00      536.00        0.00
     0     0      547.00      538.00        0.00
     0     0      550.00      539.00        0.00
     0     0      554.00      540.00        0.00
     0     0      558.00      542.00        0.00
     0     0      561.00      543.00        0.00
     0     0      564.00      544.00        0.00
     0     0      567.00      546.00        0.00
     0     0      571.00      547.00        0.00
     0     0      574.00      549.00        0.00
     0     0      577.00      550.00        0.00
     0     0      580.00      551.00        0.00
     0     0      583.00      554.00        0.00
     0     0      586.00      556.00        0.00
     0     0      590.00      560.00        0.00
     0     0      593.00      562.00        0.00
     0     0      596.00      565.00        0.00
     0     0      600.00      568.00        0.00
     0     0      602.00      571.00        0.00
     0     0      604.00      574.00        0.00
     0     0      608.00      577.00        0.00
     0     0      609.00      580.00        0.00
     0     0      611.00      583.00        0.00
     0     0      613.00      586.00        0.00
     0     0      614.00      589.00        0.00
     0     0      615.00      592.00        0.00
     0     0      617.00      595.00        0.00
     0     0      618.00      598.00        0.00
     0     0      620.00      601.00        0.00
     0     0      621.00      604.00        0.00
     0     0      623.00      607.00        0.00
     0     0      626.00      610.00        0.00
     0     0      628.00      613.00        0.00
     0     0      631.00      616.00        0.00
     0     0      633.00      619.00        0.00
     0     0      636.00      621.00        0.00
     0     0      638.00      625.00        0.00
     0     0      640.00      628.00        0.00
     0     0      642.00      631.00        0.00
     0     0      645.00      634.00        0.00
     0     0      647.00      637.00        0.00
     0     0      650.00      640.00        0.00
     0     0      653.00      643.00        0.00
     0     0      656.00      646.00        0.00
     0     0      659.00      650.00        0.00
     0     0      661.00      653.00        0.00
     0     0      663.00      656.00        0.00
     0     0      665.00      659.00        0.00
     0     0      666.00      663.00        0.00
     0     0      668.00      666.00        0.00
     0     0      669.00      670.00        0.00
     0     0      670.00      673.00        0.00
     0     0      671.00      677.00        0.00
     0     0      672.00      680.00        0.00
     0     0      673.00      683.00        0.00
     0     0      674.00      686.00        0.00
     0     0      675.00      689.00        0.00
     0     0      677.00      692.00        0.00
     0     0      678.00      695.00        0.00
     0     0      680.00      698.00        0.00
     0     0      682.00      702.00        0.00
     0     0      684.00      705.00        0.00
     0     0      684.00      709.00        0.00
     0     0      684.00      713.00        0.00
     0     0      685.00      716.00        0.00
     0     0      685.00      721.00        0.00
     0     0      684.00      725.00        0.00
     0     0      684.00      729.00        0.00
     0     0      685.00      732.00        0.00
     0     0      687.00      735.00        0.00
     0     0      688.00      738.00        0.00
     0     0      689.00      741.00        0.00
     0     0      690.00      744.00        0.00
     0     0      695.00      766.00        0.00
     0     0      695.00      772.00        0.00
     0     0      696.00      776.00        0.00
     0     0      697.00      779.00        0.00
     0     0      699.00      784.00        0.00
     0     0      700.00      788.00        0.00
     0     0      703.00      792.00        0.00
     0     0      706.00      796.00        0.00
     0     0      708.00      800.00        0.00
     0     0      711.00      804.00        0.00
     0     0      714.00      808.00        0.00
     0     0      717.00      813.00        0.00
     0     0      720.00      818.00        0.00
     0     0      723.00      824.00        0.00
     0     0      726.00      827.00        0.00
     0     0      730.00      832.00        0.00
     0     0      734.00      837.00        0.00
     0     0      738.00      842.00        0.00
     0     0      741.00      845.00        0.00
     0     0      744.00      850.00        0.00
     0     0      747.00      853.00        0.00
     0     0      750.00      855.00        0.00
     0     0      753.00      859.00        0.00
     0     0      756.00      862.00        0.00
     0     0      758.00      865.00        0.00
     0     0      761.00      868.00        0.00
     0     0      765.00      871.00        0.00
     0     0      767.00      875.00        0.00
     0     0      769.00      878.00        0.00
     0     0      772.00      881.00        0.00
     0     0      774.00      886.00        0.00
     0     0      777.00      889.00        0.00
     0     0      780.00      892.00        0.00
     0     0      783.00      895.00        0.00
     0     0      787.00      900.00        0.00
     0     0      790.00      903.00        0.00
     0     0      793.00      907.00        0.00
     0     0      797.00      911.00        0.00
     0     0      799.00      916.00        0.00
     0     0      801.00      920.00        0.00
     0     0      804.00      924.00        0.00
     0     0      807.00      929.00        0.00
     0     0      810.00      933.00        0.00
     0     0      814.00      938.00        0.00
     0     0      817.00      940.00        0.00
     0     0      822.00      944.00        0.00
     0     0      826.00      947.00        0.00
     0     0      829.00      949.00        0.00
     0     0      832.00      952.00        0.00
     0     0      835.00      954.00        0.00
     0     0      840.00      957.00        0.00
     0     0      843.00      959.00        0.00
     0     0      846.00      963.00        0.00
     0     0      849.00      966.00        0.00
     0     0      851.00      970.00        0.00
     0     0      853.00      973.00        0.00
     0     0      855.00      977.00        0.00
     0     0      857.00      981.00        0.00
     0     0      860.00      983.00        0.00
     0     0      863.00      986.00        0.00
     0     0      866.00      988.00        0.00
     0     0      870.00      992.00        0.00
     0     0      873.00      994.00        0.00
     0     0      876.00      998.00        0.00
     0     0      879.00     1001.00        0.00
     0     0      883.00     1004.00        0.00
     0     0      886.00     1008.00        0.00
     0     0      889.00     1011.00        0.00
     0     0      918.00     1033.00        0.00
     0     0     1372.00     1034.00        0.00
     0     0     1371.00      901.00        0.00
     0     0     1361.00      898.00        0.00
     0     0     1356.00      897.00        0.00
     0     0     1350.00      895.00        0.00
     0     0     1341.00      892.00        0.00
     0     0     1332.00      890.00        0.00
     0     0     1327.00      888.00        0.00
     0     0     1317.00      886.00        0.00
     0     0     1308.00      884.00        0.00
     0     0     1299.00      881.00        0.00
     0     0     1294.00      879.00        0.00
     0     0     1289.00      878.00        0.00
     0     0     1284.00      875.00        0.00
     0     0     1278.00      873.00        0.00
     0     0     1274.00      870.00        0.00
     0     0     1268.00      867.00        0.00
     0     0     1264.00      865.00        0.00
     0     0     1259.00      862.00        0.00
     0     0     1255.00      859.00        0.00
     0     0     1251.00      856.00        0.00
     0     0     1247.00      853.00        0.00
     0     0     1239.00      849.00        0.00
     0     0     1234.00      845.00        0.00
     0     0     1229.00      843.00        0.00
     0     0     1223.00      839.00        0.00
     0     0     1217.00      836.00        0.00
     0     0     1210.00      832.00        0.00
     0     0     1204.00      830.00        0.00
     0     0     1200.00      828.00        0.00
     0     0     1193.00      824.00        0.00
     0     0     1187.00      820.00        0.00
     0     0     1183.00      818.00        0.00
     0     0     1178.00      815.00        0.00
     0     0     1171.00      812.00        0.00
     0     0     1167.00      809.00        0.00
     0     0     1163.00      807.00        0.00
     0     0     1157.00      804.00        0.00
     0     0     1152.00      802.00        0.00
     0     0     1147.00      800.00        0.00
     0     0     1139.00      796.00        0.00
     0     0     1135.00      794.00        0.00
     0     0     1131.00      792.00        0.00
     0     0     1126.00      788.00        0.00
     0     0     1122.00      785.00        0.00
     0     0     1118.00      783.00        0.00
     0     0     1114.00      779.00        0.00
     0     0     1110.00      775.00        0.00
     0     0     1106.00      772.00        0.00
     0     0     1100.00      767.00        0.00
     0     0     1097.00      764.00        0.00
     0     0     1094.00      761.00        0.00
     0     0     1091.00      757.00        0.00
     0     0     1087.00      754.00        0.00
     0     0     1084.00      750.00        0.00
     0     0     1082.00      747.00        0.00
     0     0     1078.00      744.00        0.00
     0     0     1074.00      740.00        0.00
     0     0     1071.00      737.00        0.00
     0     0     1067.00      734.00        0.00
     0     0     1063.00      729.00        0.00
     0     0     1059.00      726.00        0.00
     0     0     1053.00      722.00        0.00
     0     0     1049.00      719.00        0.00
     0     0     1045.00      716.00        0.00
     0     0     1041.00      712.00        0.00
     0     0     1038.00      709.00        0.00
     0     0     1034.00      707.00        0.00
     0     0     1029.00      703.00        0.00
     0     0     1023.00      700.00        0.00
     0     0     1019.00      697.00        0.00
     0     0     1016.00      695.00        0.00
     0     0     1011.00      692.00        0.00
     0     0     1007.00      688.00        0.00
     0     0     1002.00      684.00        0.00
     0     0      997.00      680.00        0.00
     0     0      993.00      675.00        0.00
     0     0      988.00      671.00        0.00
     0     0      983.00      667.00        0.00
     0     0      980.00      664.00        0.00
     0     0      975.00      659.00        0.00
     0     0      970.00      655.00        0.00
     0     0      967.00      652.00        0.00
     0     0      963.00      648.00        0.00
     0     0      960.00      644.00        0.00
     0     0      956.00      640.00        0.00
     0     0      951.00      635.00        0.00
     0     0      947.00      632.00        0.00
     0     0      944.00      628.00        0.00
     0     0      941.00      624.00        0.00
     0     0      939.00      621.00        0.00
     0     0      936.00      618.00        0.00
     0     0      933.00      614.00        0.00
     0     0      930.00      612.00        0.00
     0     0      927.00      609.00        0.00
     0     0      923.00      606.00        0.00
     0     0      919.00      602.00        0.00
     0     0      916.00      600.00        0.00
     0     0      912.00      598.00        0.00
     0     0      907.00      595.00        0.00
     0     0      902.00      592.00        0.00
     0     0      898.00      589.00        0.00
     0     0      895.00      587.00        0.00
     0     0      890.00      585.00        0.00
     0     0      886.00      582.00        0.00
     0     0      882.00      580.00        0.00
     0     0      876.00      578.00        0.00
     0     0      872.00      575.00        0.00
     0     0      868.00      573.00        0.00
     0     0      864.00      569.00        0.00
     0     0      860.00      566.00        0.00
     0     0      855.00      564.00        0.00
     0     0      852.00      563.00        0.00
     0     0      849.00      562.00        0.00
     0     0      844.00      558.00        0.00
     0     0      838.00      553.00        0.00
     0     0      831.00      549.00        0.00
     0     0      825.00      544.00        0.00
     0     0      817.00      540.00        0.00
     0     0      808.00      536.00        0.00
     0     0      800.00      534.00        0.00
     0     0      795.00      534.00        0.00
     0     0      791.00      533.00        0.00
     0     0      786.00      529.00        0.00
     0     0      782.00      527.00        0.00
     0     0      778.00      524.00        0.00
     0     0      772.00      506.00        0.00
     0     0      764.00      499.00        0.00
     0     0      760.00      496.00        0.00
     0     0      756.00      492.00        0.00
     0     0      751.00      488.00        0.00
     0     0      747.00      484.00        0.00
     0     0      741.00      479.00        0.00
     0     0      736.00      476.00        0.00
     0     0      732.00      472.00        0.00
     0     0      727.00      468.00        0.00
     0     0      723.00      464.00        0.00
     0     0      717.00      461.00        0.00
     0     0      711.00      457.00        0.00
     0     0      706.00      453.00        0.00
     0     0      702.00      449.00        0.00
     0     0      698.00      445.00        0.00
     0     0      695.00      441.00        0.00
     0     0      691.00      437.00        0.00
     0     0      688.00      433.00        0.00
     0     0      686.00      430.00        0.00
     0     0      682.00      427.00        0.00
     0     0      679.00      424.00        0.00
     0     0      675.00      421.00        0.00
     0     0      670.00      418.00        0.00
     0     0      665.00      415.00        0.00
     0     0      660.00      412.00        0.00
     0     0      654.00      409.00        0.00
     0     0      648.00      406.00        0.00
     0     0      643.00      403.00        0.00
     0     0      636.00      399.00        0.00
     0     0      631.00      395.00        0.00
     0     0      625.00      391.00        0.00
     0     0      621.00      388.00        0.00
     0     0      615.00      384.00        0.00
     0     0      611.00      379.00        0.00
     0     0      607.00      376.00        0.00
     0     0      602.00      372.00        0.00
     0     0      598.00      369.00        0.00
     0     0      594.00      365.00        0.00
     0     0      590.00      362.00        0.00
     0     0      586.00      359.00        0.00
     0     0      582.00      357.00        0.00
     0     0      576.00      354.00        0.00
     0     0      571.00      351.00        0.00
     0     0      567.00      349.00        0.00
     0     0      562.00      346.00        0.00
     0     0      558.00      344.00        0.00
     0     0      551.00      341.00        0.00
     0     0      545.00      338.00        0.00
     0     0      538.00      335.00        0.00
     0     0      533.00      333.00        0.00
     0     0      528.00      332.00        0.00
     0     0      524.00      330.00        0.00
     0     0      520.00      328.00        0.00
     0     0      516.00      328.00        0.00
     0     0      509.00      326.00        0.00
     0     0      502.00      324.00        0.00
     0     0      497.00      323.00        0.00
     0     0      487.00      321.00        0.00
     0     0      479.00      319.00        0.00
     0     0      472.00      316.00        0.00
     0     0      466.00      314.00        0.00
     0     0      459.00      311.00        0.00
     0     0      454.00      310.00        0.00
     0     0      450.00      308.00        0.00
     0     0      443.00      307.00        0.00
     0     0      439.00      307.00        0.00
     0     0      434.00      307.00        0.00
     0     0      429.00      307.00        0.00
     0     0      422.00      307.00        0.00
     0     0      417.00      306.00        0.00
     0     0      412.00      305.00        0.00
     0     0      407.00      304.00        0.00
     0     0      401.00      302.00        0.00
     0     0      393.00      300.00        0.00
     0     0      387.00      300.00        0.00
     0     0      380.00      299.00        0.00
     0     0      376.00      299.00        0.00
     0     0      371.00      298.00        0.00
     0     0      366.00      297.00        0.00
     0     0      360.00      297.00        0.00
     0     0      355.00      297.00        0.00
     0     0      351.00      296.00        0.00
     0     0      347.00      295.00        0.00
     0     0      342.00      294.00        0.00
     0     0      337.00      294.00        0.00
     0     0      332.00      293.00        0.00
     0     0      326.00      291.00        0.00
     0     0      321.00      291.00        0.00
     0     0      318.00      290.00        0.00
     0     0      314.00      290.00        0.00
     0     0      310.00      288.00        0.00
     0     0      304.00      284.00        0.00
     0     0      268.00      274.00        0.00
     0     0      263.00      271.00        0.00
     0     0      258.00      269.00        0.00
     0     0      251.00      267.00        0.00
     0     0      242.00      266.00        0.00
     0     0      235.00      264.00        0.00
     0     0      230.00      262.00        0.00
     0     0      226.00      262.00        0.00
     0     0      222.00      261.00        0.00
     0     0      217.00      261.00        0.00
     0     0      212.00      259.00        0.00
     0     0      205.00      258.00        0.00
     0     0      200.00      257.00        0.00
     0     0      193.00      256.00        0.00
     0     0      187.00      256.00        0.00
     0     0      183.00      255.00        0.00
     0     0      177.00      253.00        0.00
     0     0      171.00      251.00        0.00
     0     0      166.00      249.00        0.00
     0     0      162.00      247.00        0.00
     0     0      155.00      245.00        0.00
     0     0      151.00      242.00        0.00
     0     0      147.00      241.00        0.00
     0     0      144.00      240.00        0.00
     0     0      140.00      240.00        0.00
     0     0      136.00      240.00        0.00
     0     0      130.00      239.00        0.00
     0     0      125.00      238.00        0.00
     0     0      120.00      238.00        0.00
     0     0      115.00      237.00        0.00
     0     0      110.00      236.00        0.00
     0     0      106.00      235.00        0.00
     0     0       99.00      233.00        0.00
     0     0       91.00      231.00        0.00
     0     0       85.00      229.00        0.00
     0     0       76.00      226.00        0.00
     0     0       69.00      224.00        0.00
     0     0       63.00      223.00        0.00
     0     0       58.00      221.00        0.00
     0     0       55.00      219.00        0.00
     0     0       52.00      218.00        0.00
     0     0       49.00      216.00        0.00
     0     0       46.00      214.00        0.00
     0     0       42.00      213.00        0.00
     0     0       39.00      212.00        0.00
     0     0       36.00      211.00        0.00
     0     0       31.00      210.00        0.00
     0     0       26.00      209.00        0.00
     0     0       21.00      208.00        0.00
     0     0       16.00      206.00        0.00
     0     0       13.00      205.00        0.00
     0     0        9.00      201.00        0.00
     0     0        6.00      198.00        0.00
     0     0        3.00      197.00        0.00
     0     0        0.00      195.00        0.00
     0     0       -4.00      192.00        0.00
     0     1      649.00      821.00        0.00
     0     1      645.00      822.00        0.00
     0     1      642.00      823.00        0.00
     0     1      639.00      824.00        0.00
     0     1      635.00      825.00        0.00
     0     1      629.00      826.00        0.00
     0     1      625.00      828.00        0.00
     0     1      620.00      830.00        0.00
     0     1      617.00      831.00        0.00
     0     1      612.00      832.00        0.00
     0     1      609.00      834.00        0.00
     0     1      606.00      835.00        0.00
     0     1      603.00      836.00        0.00
     0     1      600.00      839.00        0.00
     0     1      597.00      841.00        0.00
     0     1      594.00      843.00        0.00
     0     1      590.00      845.00        0.00
     0     1      586.00      847.00        0.00
     0     1      583.00      849.00        0.00
     0     1      579.00      851.00        0.00
     0     1      576.00      852.00        0.00
     0     1      573.00      853.00        0.00
     0     1      569.00      855.00        0.00
     0     1      566.00      856.00        0.00
     0     1      561.00      858.00        0.00
     0     1      556.00      860.00        0.00
     0     1      551.00      862.00        0.00
     0     1      548.00      863.00        0.00
     0     1      543.00      864.00        0.00
     0     1      537.00      864.00        0.00
     0     1      532.00      864.00        0.00
     0     1      527.00      863.00        0.00
     0     1      522.00      862.00        0.00
     0     1      513.00      860.00        0.00
     0     1      507.00      859.00        0.00
     0     1      501.00      857.00        0.00
     0     1      496.00      856.00        0.00
     0     1      490.00      855.00        0.00
     0     1      484.00      853.00        0.00
     0     1      476.00      850.00        0.00
     0     1      467.00      847.00        0.00
     0     1      459.00      845.00        0.00
     0     1      450.00      842.00        0.00
     0     1      441.00      839.00        0.00
     0     1      434.00      836.00        0.00
     0     1      428.00      834.00        0.00
     0     1      424.00      831.00        0.00
     0     1      418.00      829.00        0.00
     0     1      411.00      825.00        0.00
     0     1      408.00      823.00        0.00
     0     1      403.00      819.00        0.00
     0     1      397.00      816.00        0.00
     0     1      391.00      813.00        0.00
     0     1      388.00      811.00        0.00
     0     1      382.00      808.00        0.00
     0     1      376.00      805.00        0.00
     0     1      372.00      803.00        0.00
     0     1      364.00      799.00        0.00
     0     1      358.00      796.00        0.00
     0     1      352.00      792.00        0.00
     0     1      348.00      790.00        0.00
     0     1      345.00      788.00        0.00
     0     1      337.00      784.00        0.00
     0     1      329.00      780.00        0.00
     0     1      325.00      777.00        0.00
     0     1      318.00      773.00        0.00
     0     1      312.00      769.00        0.00
     0     1      304.00      766.00        0.00
     0     1      297.00      762.00        0.00
     0     1      290.00      760.00        0.00
     0     1      282.00      757.00        0.00
     0     1      277.00      754.00        0.00
     0     1      270.00      751.00        0.00
     0     1      264.00      748.00        0.00
     0     1      258.00      744.00        0.00
     0     1      254.00      741.00        0.00
     0     1      250.00      737.00        0.00
     0     1      243.00      730.00        0.00
     0     1      239.00      726.00        0.00
     0     1      234.00      720.00        0.00
     0     1      230.00      715.00        0.00
     0     1      226.00      708.00        0.00
     0     1      222.00      703.00        0.00
     0     1      219.00      698.00        0.00
     0     1      217.00      694.00        0.00
     0     1      215.00      690.00        0.00
     0     1      213.00      686.00        0.00
     0     1      211.00      683.00        0.00
     0     1      208.00      680.00        0.00
     0     1      206.00      677.00        0.00
     0     1      203.00      675.00        0.00
     0     1      200.00      673.00        0.00
     0     1      198.00      670.00        0.00
     0     1      197.00      667.00        0.00
     0     1      195.00      664.00        0.00
     0     1      194.00      661.00        0.00
     0     1      193.00      656.00        0.00
     0     1      192.00      652.00        0.00
     0     1      192.00      648.00        0.00
     0     1      192.00      643.00        0.00
     0     1      192.00      639.00        0.00
     0     1      192.00      632.00        0.00
     0     1      192.00      628.00        0.00
     0     1      193.00      621.00        0.00
     0     1      194.00      616.00        0.00
     0     1      196.00      610.00        0.00
     0     1      197.00      605.00        0.00
     0     1      199.00      599.00        0.00
     0     1      201.00      596.00        0.00
     0     1      202.00      593.00        0.00
     0     1      205.00      587.00        0.00
     0     1      207.00      584.00        0.00
     0     1      209.00      581.00        0.00
     0     1      211.00      577.00        0.00
     0     1      214.00      573.00        0.00
     0     1      216.00      570.00        0.00
     0     1      218.00      567.00        0.00
     0     1      220.00      564.00        0.00
     0     1      222.00      561.00        0.00
     0     1      223.00      557.00        0.00
     0     1      224.00      554.00        0.00
     0     1      226.00      550.00        0.00
     0     1      227.00      546.00        0.00
     0     1      229.00      542.00        0.00
     0     1      231.00      538.00        0.00
     0     1      233.00      535.00        0.00
     0     1      236.00      531.00        0.00
     0     1      240.00      528.00        0.00
     0     1      243.00      525.00        0.00
     0     1      247.00      522.00        0.00
     0     1      252.00      519.00        0.00
     0     1      256.00      518.00        0.00
     0     1      260.00      517.00        0.00
     0     1      264.00      516.00        0.00
     0     1      268.00      515.00        0.00
     0     1      272.00      514.00        0.00
     0     1      276.00      514.00        0.00
     0     1      280.00      513.00        0.00
     0     1      285.00      512.00        0.00
     0     1      292.00      512.00        0.00
     0     1      298.00      511.00        0.00
     0     1      304.00      511.00        0.00
     0     1      310.00      511.00        0.00
     0     1      315.00      511.00        0.00
     0     1      320.00      511.00        0.00
     0     1      324.00      510.00        0.00
     0     1      330.00      510.00        0.00
     0     1      334.00      510.00        0.00
     0     1      340.00      510.00        0.00
     0     1      345.00      510.00        0.00
     0     1      350.00      510.00        0.00
     0     1      354.00      510.00        0.00
     0     1      359.00      511.00        0.00
     0     1      363.00      511.00        0.00
     0     1      367.00      511.00        0.00
     0     1      374.00      512.00        0.00
     0     1      379.00      512.00        0.00
     0     1      386.00      514.00        0.00
     0     1      392.00      515.00        0.00
     0     1      396.00      516.00        0.00
     0     1      403.00      518.00        0.00
     0     1      407.00      518.00        0.00
     0     1      411.00      519.00        0.00
     0     1      415.00      521.00        0.00
     0     1      419.00      523.00        0.00
     0     1      424.00      525.00        0.00
     0     1      430.00      527.00        0.00
     0     1      435.00      530.00        0.00
     0     1      439.00      532.00        0.00
     0     1      442.00      533.00        0.00
     0     1      446.00      535.00        0.00
     0     1      450.00      537.00        0.00
     0     1      454.00      538.00        0.00
     0     1      459.00      541.00        0.00
     0     1      464.00      543.00        0.00
     0     1      468.00      545.00        0.00
     0     1      473.00      547.00        0.00
     0     1      478.00      550.00        0.00
     0     1      482.00      552.00        0.00
     0     1      487.00      555.00        0.00
     0     1      491.00      556.00        0.00
     0     1      494.00      558.00        0.00
     0     1      497.00      560.00        0.00
     0     1      500.00      562.00        0.00
     0     1      505.00      564.00        0.00
     0     1      509.00      566.00        0.00
     0     1      513.00      568.00        0.00
     0     1      519.00      570.00        0.00
     0     1      523.00      573.00        0.00
     0     1      527.00      575.00        0.00
     0     1      530.00      577.00        0.00
     0     1      533.00      579.00        0.00
     0     1      536.00      580.00        0.00
     0     1      541.00      583.00        0.00
     0     1      545.00      585.00        0.00
     0     1      549.00      587.00        0.00
     0     1      554.00      590.00        0.00
     0     1      557.00      592.00        0.00
     0     1      561.00      594.00        0.00
     0     1      565.00      598.00        0.00
     0     1      569.00      603.00        0.00
     0     1      571.00      606.00        0.00
     0     1      573.00      609.00        0.00
     0     1      575.00      612.00        0.00
     0     1      577.00      615.00        0.00
     0     1      580.00      619.00        0.00
     0     1      583.00      623.00        0.00
     0     1      585.00      627.00        0.00
     0     1      587.00      630.00        0.00
     0     1      590.00      634.00        0.00
     0     1      593.00      638.00        0.00
     0     1      596.00      641.00        0.00
     0     1      599.00      644.00        0.00
     0     1      602.00      647.00        0.00
     0     1      605.00      650.00        0.00
     0     1      608.00      653.00        0.00
     0     1      611.00      656.00        0.00
     0     1      613.00      659.00        0.00
     0     1      615.00      662.00        0.00
     0     1      617.00      665.00        0.00
     0     1      620.00      669.00        0.00
     0     1      622.00      672.00        0.00
     0     1      623.00      675.00        0.00
     0     1      626.00      679.00        0.00
     0     1      629.00      683.00        0.00
     0     1      632.00      687.00        0.00
     0     1      634.00      691.00        0.00
     0     1      637.00      696.00        0.00
     0     1      639.00      700.00        0.00
     0     1      641.00      703.00        0.00
     0     1      643.00      707.00        0.00
     0     1      645.00      710.00        0.00
     0     1      648.00      714.00        0.00
     0     1      650.00      717.00        0.00
     0     1      652.00      720.00        0.00
     0     1      654.00      723.00        0.00
     0     1      656.00      727.00        0.00
     0     1      658.00      731.00        0.00
     0     1      661.00      734.00        0.00
     0     1      663.00      738.00        0.00
     0     1      665.00      741.00        0.00
     0     1      667.00      745.00        0.00
     0     1      668.00      748.00        0.00
     0     1      671.00      752.00        0.00
     0     1      672.00      755.00        0.00
     0     1      674.00      758.00        0.00
     0     1      675.00      761.00        0.00
     0     1      677.00      765.00        0.00
     0     1      678.00      768.00        0.00
     0     1      679.00      772.00        0.00
     0     1      680.00      776.00        0.00
     0     1      681.00      780.00        0.00
     0     1      682.00      784.00        0.00
     0     1      682.00      789.00        0.00
     0     1      683.00      793.00        0.00
     0     1      683.00      797.00        0.00
     0     1      683.00      802.00        0.00
     0     1      681.00      805.00        0.00
     0     1      679.00      808.00        0.00
     1     0       26.00      450.00        0.00
     1     0       22.00      450.00        0.00
     1     0       18.00      450.00        0.00
     1     0       15.00      449.00        0.00
     1     0       13.00      446.00        0.00
     1     0       12.00      443.00        0.00
     1     0       11.00      440.00        0.00
     1     0       11.00      436.00        0.00
     1     0       11.00      432.00        0.00
     1     0       13.00      429.00        0.00
     1     0       16.00      428.00        0.00
     1     0       19.00      427.00        0.00
     1     0       23.00      427.00        0.00
     1     0       27.00      427.00        0.00
     1     0       30.00      429.00        0.00
     1     0       33.00      431.00        0.00
     1     0       34.00      434.00        0.00
     1     0       35.00      437.00        0.00
     1     0       35.00      441.00        0.00
     1     0       34.00      444.00        0.00
     1     0       32.00      447.00        0.00
     1     1      147.00      495.00        0.00
     1     1      144.00      497.00        0.00
     1     1      141.00      499.00        0.00
     1     1      137.00      499.00        0.00
     1     1      132.00      499.00        0.00
     1     1      128.00      499.00        0.00
     1     1      125.00      498.00        0.00
     1     1      122.00      494.00        0.00
     1     1      121.00      491.00        0.00
     1     1      119.00      487.00        0.00
     1     1      119.00      482.00        0.00
     1     1      119.00      476.00        0.00
     1     1      120.00      472.00        0.00
     1     1      122.00      467.00        0.00
     1     1      123.00      462.00        0.00
     1     1      125.00      459.00        0.00
     1     1      127.00      456.00        0.00
     1     1      130.00      453.00        0.00
     1     1      135.00      451.00        0.00
     1     1      140.00      451.00        0.00
     1     1      146.00      451.00        0.00
     1     1      151.00      453.00        0.00
     1     1      155.00      456.00        0.00
     1     1      158.00      459.00        0.00
     1     1      161.00      464.00        0.00
     1     1      162.00      468.00        0.00
     1     1      163.00      473.00        0.00
     1     1      163.00      477.00        0.00
     1     1      163.00      482.00        0.00
     1     1      161.00      485.00        0.00
     1     1      159.00      489.00        0.00
     1     1      156.00      491.00        0.00
     1     1      151.00      491.00        0.00
     1     2      204.00      555.00        0.00
     1     2      195.00      560.00        0.00
     1     2      191.00      561.00        0.00
     1     2      186.00      561.00        0.00
     1     2      183.00      560.00        0.00
     1     2      180.00      557.00        0.00
     1     2      177.00      554.00        0.00
     1     2      176.00      551.00        0.00
     1     2      175.00      545.00        0.00
     1     2      175.00      539.00        0.00
     1     2      176.00      534.00        0.00
     1     2      180.00      529.00        0.00
     1     2      183.00      526.00        0.00
     1     2      187.00      524.00        0.00
     1     2      191.00      523.00        0.00
     1     2      197.00      523.00        0.00
     1     2      201.00      525.00        0.00
     1     2      203.00      528.00        0.00
     1     2      206.00      532.00        0.00
     1     2      207.00      535.00        0.00
     1     2      208.00      538.00        0.00
     1     2      208.00      542.00        0.00
     1     2      207.00      545.00        0.00
     1     3      322.00      504.00        0.00
     1     3      319.00      508.00        0.00
     1     3      315.00      511.00        0.00
     1     3      311.00      512.00        0.00
     1     3      306.00      512.00        0.00
     1     3      301.00      512.00        0.00
     1     3      297.00      510.00        0.00
     1     3      295.00      507.00        0.00
     1     3      293.00      504.00        0.00
     1     3      292.00      500.00        0.00
     1     3      292.00      496.00        0.00
     1     3      295.00      491.00        0.00
     1     3      298.00      488.00        0.00
     1     3      301.00      486.00        0.00
     1     3      306.00      485.00        0.00
     1     3      311.00      485.00        0.00
     1     3      316.00      485.00        0.00
     1     3      321.00      486.00        0.00
     1     3      325.00      488.00        0.00
     1     3      326.00      491.00        0.00
     1     3      328.00      494.00        0.00
     1     3      329.00      497.00        0.00
     1     3      326.00      499.00        0.00
     1     4      498.00      540.00        0.00
     1     4      488.00      542.00        0.00
     1     4      484.00      542.00        0.00
     1     4      479.00      542.00        0.00
     1     4      473.00      541.00        0.00
     1     4      469.00      540.00        0.00
     1     4      466.00      538.00        0.00
     1     4      463.00      535.00        0.00
     1     4      461.00      531.00        0.00
     1     4      461.00      526.00        0.00
     1     4      461.00      521.00        0.00
     1     4      463.00      518.00        0.00
     1     4      467.00      516.00        0.00
     1     4      470.00      514.00        0.00
     1     4      475.00      514.00        0.00
     1     4      480.00      514.00        0.00
     1     4      484.00      514.00        0.00
     1     4      489.00      514.00        0.00
     1     4      494.00      515.00        0.00
     1     4      497.00      516.00        0.00
     1     4      500.00      519.00        0.00
     1     4      502.00      522.00        0.00
     1     4      502.00      526.00        0.00
     1     4      502.00      530.00        0.00
     1     4      501.00      533.00        0.00
     1     4      498.00      534.00        0.00
     1     5      587.00      574.00        0.00
     1     5      586.00      585.00        0.00
     1     5      583.00      588.00        0.00
     1     5      579.00      590.00        0.00
     1     5      576.00      592.00        0.00
     1     5      571.00      593.00        0.00
     1     5      568.00      594.00        0.00
     1     5      564.00      594.00        0.00
     1     5      560.00      594.00        0.00
     1     5      555.00      593.00        0.00
     1     5      552.00      592.00        0.00
     1     5      548.00      590.00        0.00
     1     5      545.00      589.00        0.00
     1     5      542.00      587.00        0.00
     1     5      541.00      584.00        0.00
     1     5      538.00      579.00        0.00
     1     5      538.00      575.00        0.00
     1     5      538.00      571.00        0.00
     1     5      539.00      567.00        0.00
     1     5      541.00      563.00        0.00
     1     5      544.00      560.00        0.00
     1     5      547.00      557.00        0.00
     1     5      550.00      555.00        0.00
     1     5      555.00      555.00        0.00
     1     5      560.00      555.00        0.00
     1     5      565.00      555.00        0.00
     1     5      570.00      556.00        0.00
     1     5      574.00      558.00        0.00
     1     5      577.00      560.00        0.00
     1     5      580.00      563.00        0.00
     1     5      581.00      566.00        0.00
     1     6      641.00      671.00        0.00
     1     6      634.00      677.00        0.00
     1     6      629.00      677.00        0.00
     1     6      626.00      676.00        0.00
     1     6      622.00      674.00        0.00
     1     6      618.00      672.00        0.00
     1     6      615.00      670.00        0.00
     1     6      612.00      666.00        0.00
     1     6      611.00      662.00        0.00
     1     6      610.00      658.00        0.00
     1     6      610.00      654.00        0.00
     1     6      610.00      649.00        0.00
     1     6      611.00      644.00        0.00
     1     6      614.00      643.00        0.00
     1     6      618.00      643.00        0.00
     1     6      622.00      643.00        0.00
     1     6      627.00      645.00        0.00
     1     6      630.00      647.00        0.00
     1     6      635.00      650.00        0.00
     1     6      637.00      653.00        0.00
     1     6      639.00      656.00        0.00
     1     6      641.00      659.00        0.00
     1     6      641.00      663.00        0.00
     1     7      670.00      689.00        0.00
     1     7      666.00      696.00        0.00
     1     7      663.00      699.00        0.00
     1     7      659.00      702.00        0.00
     1     7      656.00      703.00        0.00
     1     7      651.00      704.00        0.00
     1     7      646.00      703.00        0.00
     1     7      643.00      702.00        0.00
     1     7      641.00      698.00        0.00
     1     7      640.00      694.00        0.00
     1     7      640.00      690.00        0.00
     1     7      641.00      687.00        0.00
     1     7      645.00      683.00        0.00
     1     7      650.00      682.00        0.00
     1     7      657.00      681.00        0.00
     1     7      661.00      681.00        0.00
     1     7      665.00      681.00        0.00
     1     7      666.00      684.00        0.00
     1     8      667.00      709.00        0.00
     1     8      677.00      714.00        0.00
     1     8      680.00      718.00        0.00
     1     8      682.00      721.00        0.00
     1     8      682.00      725.00        0.00
     1     8      682.00      730.00        0.00
     1     8      679.00      733.00        0.00
     1     8      675.00      735.00        0.00
     1     8      672.00      737.00        0.00
     1     8      669.00      738.00        0.00
     1     8      665.00      738.00        0.00
     1     8      662.00      737.00        0.00
     1     8      659.00      733.00        0.00
     1     8      657.00      727.00        0.00
     1     8      656.00      723.00        0.00
     1     8      655.00      717.00        0.00
     1     8      654.00      713.00        0.00
     1     8      658.00      710.00        0.00
     1     8      664.00      708.00        0.00
     1     9      236.00      256.00        0.00
     1     9      230.00      256.00        0.00
     1     9      226.00      255.00        0.00
     1     9      223.00      254.00        0.00
     1     9      220.00      251.00        0.00
     1     9      219.00      248.00        0.00
     1     9      217.00      245.00        0.00
     1     9      217.00      240.00        0.00
     1     9      217.00      235.00        0.00
     1     9      218.00      232.00        0.00
     1     9      220.00      229.00        0.00
     1     9      224.00      225.00        0.00
     1     9      227.00      223.00        0.00
     1     9      232.00      221.00        0.00
     1     9      238.00      221.00        0.00
     1     9      243.00      221.00        0.00
     1     9      246.00      223.00        0.00
     1     9      249.00      224.00        0.00
     1     9      252.00      227.00        0.00
     1     9      255.00      230.00        0.00
     1     9      256.00      234.00        0.00
     1     9      256.00      239.00        0.00
     1     9      255.00      243.00        0.00
     1     9      254.00      247.00        0.00
     1     9      253.00      250.00        0.00
     1     9      249.00      254.00        0.00
     1     9      246.00      255.00        0.00
     1     9      243.00      254.00        0.00
