     0     0      778.67      565.33        0.00
     0     0      764.00      573.33        0.00
     0     0      756.00      576.00        0.00
     0     0      753.33      578.67        0.00
     0     0      750.67      581.33        0.00
     0     0      746.67      584.00        0.00
     0     0      742.67      586.67        0.00
     0     0      738.67      588.00        0.00
     0     0      734.67      588.00        0.00
     0     0      729.33      588.00        0.00
     0     0      725.33      589.33        0.00
     0     0      721.33      589.33        0.00
     0     0      717.33      590.67        0.00
     0     0      712.00      592.00        0.00
     0     0      708.00      592.00        0.00
     0     0      704.00      593.33        0.00
     0     0      698.67      594.67        0.00
     0     0      692.00      594.67        0.00
     0     0      688.00      594.67        0.00
     0     0      684.00      594.67        0.00
     0     0      680.00      594.67        0.00
     0     0      674.67      594.67        0.00
     0     0      668.00      593.33        0.00
     0     0      664.00      593.33        0.00
     0     0      658.67      592.00        0.00
     0     0      654.67      592.00        0.00
     0     0      652.00      589.33        0.00
     0     0      648.00      588.00        0.00
     0     0      644.00      585.33        0.00
     0     0      640.00      582.67        0.00
     0     0      636.00      581.33        0.00
     0     0      632.00      580.00        0.00
     0     0      628.00      578.67        0.00
     0     0      624.00      577.33        0.00
     0     0      620.00      574.67        0.00
     0     0      616.00      572.00        0.00
     0     0      612.00      570.67        0.00
     0     0      608.00      569.33        0.00
     0     0      602.67      566.67        0.00
     0     0      597.33      566.67        0.00
     0     0      593.33      565.33        0.00
     0     0      588.00      565.33        0.00
     0     0      584.00      565.33        0.00
     0     0      578.67      564.00        0.00
     0     0      573.33      562.67        0.00
     0     0      569.33      562.67        0.00
     0     0      565.33      561.33        0.00
     0     0      561.33      560.00        0.00
     0     0      557.33      558.67        0.00
     0     0      553.33      557.33        0.00
     0     0      549.33      556.00        0.00
     0     0      546.67      553.33        0.00
     0     0      544.00      550.67        0.00
     0     0      541.33      548.00        0.00
     0     0      538.67      545.33        0.00
     0     0      536.00      541.33        0.00
     0     0      533.33      538.67        0.00
     0     0      530.67      536.00        0.00
     0     0      529.33      532.00        0.00
     0     0      528.00      528.00        0.00
     0     0      526.67      524.00        0.00
     0     0      524.00      520.00        0.00
     0     0      524.00      516.00        0.00
     0     0      522.67      512.00        0.00
     0     0      522.67      508.00        0.00
     0     0      522.67      504.00        0.00
     0     0      522.67      500.00        0.00
     0     0      522.67      496.00        0.00
     0     0      522.67      492.00        0.00
     0     0      524.00      488.00        0.00
     0     0      526.67      484.00        0.00
     0     0      528.00      480.00        0.00
     0     0      532.00      474.67        0.00
     0     0      533.33      470.67        0.00
     0     0      536.00      466.67        0.00
     0     0      538.67      462.67        0.00
     0     0      541.33      458.67        0.00
     0     0      544.00      456.00        0.00
     0     0      548.00      452.00        0.00
     0     0      550.67      449.33        0.00
     0     0      554.67      445.33        0.00
     0     0      558.67      442.67        0.00
     0     0      562.67      440.00        0.00
     0     0      566.67      437.33        0.00
     0     0      570.67      434.67        0.00
     0     0      574.67      432.00        0.00
     0     0      580.00      429.33        0.00
     0     0      584.00      428.00        0.00
     0     0      588.00      425.33        0.00
     0     0      592.00      424.00        0.00
     0     0      597.33      422.67        0.00
     0     0      602.67      421.33        0.00
     0     0      608.00      421.33        0.00
     0     0      613.33      420.00        0.00
     0     0      620.00      420.00        0.00
     0     0      624.00      420.00        0.00
     0     0      630.67      420.00        0.00
     0     0      636.00      420.00        0.00
     0     0      642.67      421.33        0.00
     0     0      648.00      421.33        0.00
     0     0      653.33      422.67        0.00
     0     0      658.67      422.67        0.00
     0     0      666.67      425.33        0.00
     0     0      672.00      425.33        0.00
     0     0      678.67      426.67        0.00
     0     0      685.33      428.00        0.00
     0     0      690.67      428.00        0.00
     0     0      696.00      429.33        0.00
     0     0      701.33      429.33        0.00
     0     0      708.00      430.67        0.00
     0     0      713.33      432.00        0.00
     0     0      717.33      432.00        0.00
     0     0      721.33      432.00        0.00
     0     0      726.67      433.33        0.00
     0     0      730.67      433.33        0.00
     0     0      734.67      433.33        0.00
     0     0      738.67      433.33        0.00
     0     0      744.00      433.33        0.00
     0     0      748.00      433.33        0.00
     0     0      752.00      433.33        0.00
     0     0      756.00      433.33        0.00
     0     0      761.33      433.33        0.00
     0     0      765.33      433.33        0.00
     0     0      770.67      433.33        0.00
     0     0      774.67      432.00        0.00
     0     0      780.00      432.00        0.00
     0     0      786.67      430.67        0.00
     0     0      790.67      429.33        0.00
     0     0      797.33      429.33        0.00
     0     0      801.33      428.00        0.00
     0     0      805.33      426.67        0.00
     0     0      812.00      426.67        0.00
     0     0      816.00      425.33        0.00
     0     0      821.33      425.33        0.00
     0     0      826.67      425.33        0.00
     0     0      830.67      424.00        0.00
     0     0      836.00      424.00        0.00
     0     0      840.00      425.33        0.00
     0     0      844.00      425.33        0.00
     0     0      849.33      428.00        0.00
     0     0      853.33      429.33        0.00
     0     0      858.67      432.00        0.00
     0     0      862.67      433.33        0.00
     0     0      866.67      436.00        0.00
     0     0      869.33      438.67        0.00
     0     0      872.00      442.67        0.00
     0     0      874.67      446.67        0.00
     0     0      876.00      450.67        0.00
     0     0      878.67      456.00        0.00
     0     0      880.00      460.00        0.00
     0     0      881.33      464.00        0.00
     0     0      882.67      468.00        0.00
     0     0      884.00      472.00        0.00
     0     0      884.00      476.00        0.00
     0     0      884.00      480.00        0.00
     0     0      884.00      484.00        0.00
     0     0      882.67      488.00        0.00
     0     0      882.67      492.00        0.00
     0     0      881.33      496.00        0.00
     0     0      880.00      500.00        0.00
     0     0      877.33      502.67        0.00
     0     0      874.67      506.67        0.00
     0     0      872.00      510.67        0.00
     0     0      869.33      513.33        0.00
     0     0      866.67      516.00        0.00
     0     0      864.00      518.67        0.00
     0     0      861.33      521.33        0.00
     0     0      857.33      524.00        0.00
     0     0      854.67      526.67        0.00
     0     0      850.67      529.33        0.00
     0     0      848.00      532.00        0.00
     0     0      844.00      534.67        0.00
     0     0      841.33      537.33        0.00
     0     0      837.33      538.67        0.00
     0     0      834.67      541.33        0.00
     0     0      830.67      542.67        0.00
     0     0      826.67      544.00        0.00
     0     0      822.67      546.67        0.00
     0     0      818.67      548.00        0.00
     0     0      816.00      550.67        0.00
     0     0      813.33      553.33        0.00
     0     0      810.67      556.00        0.00
     0     0      806.67      558.67        0.00
     0     1      473.33      758.00        0.00
     0     1      465.33      755.33        0.00
     0     1      460.00      754.00        0.00
     0     1      454.67      751.33        0.00
     0     1      450.67      750.00        0.00
     0     1      446.67      747.33        0.00
     0     1      441.33      744.67        0.00
     0     1      436.00      743.33        0.00
     0     1      433.33      740.67        0.00
     0     1      429.33      739.33        0.00
     0     1      426.67      736.67        0.00
     0     1      422.67      734.00        0.00
     0     1      420.00      731.33        0.00
     0     1      416.00      728.67        0.00
     0     1      412.00      726.00        0.00
     0     1      408.00      723.33        0.00
     0     1      402.67      720.67        0.00
     0     1      397.33      719.33        0.00
     0     1      394.67      716.67        0.00
     0     1      390.67      714.00        0.00
     0     1      386.67      711.33        0.00
     0     1      382.67      708.67        0.00
     0     1      378.67      706.00        0.00
     0     1      374.67      704.67        0.00
     0     1      372.00      702.00        0.00
     0     1      368.00      699.33        0.00
     0     1      362.67      696.67        0.00
     0     1      358.67      695.33        0.00
     0     1      354.67      692.67        0.00
     0     1      350.67      691.33        0.00
     0     1      346.67      688.67        0.00
     0     1      340.00      686.00        0.00
     0     1      336.00      683.33        0.00
     0     1      330.67      682.00        0.00
     0     1      322.67      678.00        0.00
     0     1      316.00      675.33        0.00
     0     1      312.00      672.67        0.00
     0     1      306.67      671.33        0.00
     0     1      300.00      667.33        0.00
     0     1      294.67      664.67        0.00
     0     1      289.33      663.33        0.00
     0     1      285.33      659.33        0.00
     0     1      282.67      656.67        0.00
     0     1      278.67      652.67        0.00
     0     1      274.67      648.67        0.00
     0     1      273.33      644.67        0.00
     0     1      272.00      640.67        0.00
     0     1      270.67      636.67        0.00
     0     1      269.33      632.67        0.00
     0     1      266.67      628.67        0.00
     0     1      265.33      623.33        0.00
     0     1      264.00      619.33        0.00
     0     1      264.00      615.33        0.00
     0     1      264.00      611.33        0.00
     0     1      264.00      606.00        0.00
     0     1      264.00      600.67        0.00
     0     1      265.33      595.33        0.00
     0     1      266.67      590.00        0.00
     0     1      269.33      584.67        0.00
     0     1      272.00      580.67        0.00
     0     1      276.00      575.33        0.00
     0     1      280.00      571.33        0.00
     0     1      282.67      568.67        0.00
     0     1      286.67      566.00        0.00
     0     1      290.67      563.33        0.00
     0     1      296.00      562.00        0.00
     0     1      302.67      560.67        0.00
     0     1      308.00      559.33        0.00
     0     1      314.67      558.00        0.00
     0     1      318.67      556.67        0.00
     0     1      325.33      555.33        0.00
     0     1      330.67      554.00        0.00
     0     1      336.00      554.00        0.00
     0     1      341.33      554.00        0.00
     0     1      346.67      554.00        0.00
     0     1      352.00      554.00        0.00
     0     1      356.00      554.00        0.00
     0     1      364.00      555.33        0.00
     0     1      370.67      556.67        0.00
     0     1      377.33      558.00        0.00
     0     1      382.67      559.33        0.00
     0     1      389.33      560.67        0.00
     0     1      397.33      562.00        0.00
     0     1      404.00      563.33        0.00
     0     1      410.67      566.00        0.00
     0     1      417.33      567.33        0.00
     0     1      422.67      570.00        0.00
     0     1      428.00      572.67        0.00
     0     1      434.67      575.33        0.00
     0     1      441.33      576.67        0.00
     0     1      446.67      579.33        0.00
     0     1      453.33      580.67        0.00
     0     1      460.00      582.00        0.00
     0     1      466.67      583.33        0.00
     0     1      470.67      584.67        0.00
     0     1      476.00      587.33        0.00
     0     1      480.00      588.67        0.00
     0     1      485.33      591.33        0.00
     0     1      490.67      592.67        0.00
     0     1      496.00      596.67        0.00
     0     1      500.00      599.33        0.00
     0     1      505.33      602.00        0.00
     0     1      510.67      604.67        0.00
     0     1      516.00      608.67        0.00
     0     1      521.33      612.67        0.00
     0     1      524.00      615.33        0.00
     0     1      528.00      619.33        0.00
     0     1      530.67      622.00        0.00
     0     1      536.00      626.00        0.00
     0     1      538.67      630.00        0.00
     0     1      541.33      632.67        0.00
     0     1      544.00      636.67        0.00
     0     1      545.33      642.00        0.00
     0     1      548.00      647.33        0.00
     0     1      549.33      651.33        0.00
     0     1      552.00      655.33        0.00
     0     1      554.67      659.33        0.00
     0     1      554.67      663.33        0.00
     0     1      557.33      668.67        0.00
     0     1      558.67      672.67        0.00
     0     1      558.67      676.67        0.00
     0     1      560.00      682.00        0.00
     0     1      560.00      686.00        0.00
     0     1      560.00      691.33        0.00
     0     1      560.00      695.33        0.00
     0     1      560.00      700.67        0.00
     0     1      560.00      704.67        0.00
     0     1      557.33      710.00        0.00
     0     1      554.67      712.67        0.00
     0     1      553.33      716.67        0.00
     0     1      550.67      720.67        0.00
     0     1      548.00      723.33        0.00
     0     1      545.33      727.33        0.00
     0     1      542.67      730.00        0.00
     0     1      540.00      732.67        0.00
     0     1      537.33      736.67        0.00
     0     1      533.33      739.33        0.00
     0     1      532.00      743.33        0.00
     0     1      528.00      746.00        0.00
     0     1      525.33      748.67        0.00
     0     1      522.67      751.33        0.00
     0     1      520.00      754.00        0.00
     0     1      516.00      755.33        0.00
     0     1      512.00      756.67        0.00
     0     1      508.00      758.00        0.00
     0     1      504.00      759.33        0.00
     0     1      500.00      760.67        0.00
     1     0      548.67      563.33        0.00
     1     0      546.00      565.33        0.00
     1     0      542.67      566.67        0.00
     1     0      539.33      566.00        0.00
     1     0      536.00      564.67        0.00
     1     0      533.33      562.00        0.00
     1     0      532.00      558.67        0.00
     1     0      530.67      555.33        0.00
     1     0      531.33      552.00        0.00
     1     0      533.33      548.67        0.00
     1     0      536.00      546.67        0.00
     1     0      538.67      544.67        0.00
     1     0      542.00      544.67        0.00
     1     0      545.33      545.33        0.00
     1     0      548.00      548.00        0.00
     1     0      550.00      550.67        0.00
     1     0      551.33      554.00        0.00
     1     0      551.33      557.33        0.00
     1     1      527.33      541.33        0.00
     1     1      524.00      539.33        0.00
     1     1      521.33      537.33        0.00
     1     1      519.33      534.00        0.00
     1     1      518.00      530.67        0.00
     1     1      518.00      526.67        0.00
     1     1      520.00      524.00        0.00
     1     1      523.33      522.00        0.00
     1     1      526.67      522.67        0.00
     1     1      530.00      524.00        0.00
     1     1      532.67      526.67        0.00
     1     1      534.00      530.00        0.00
     1     1      534.00      534.00        0.00
     1     1      532.00      537.33        0.00
     1     2      504.00      522.00        0.00
     1     2      499.33      522.67        0.00
     1     2      495.33      522.00        0.00
     1     2      491.33      520.67        0.00
     1     2      488.67      518.00        0.00
     1     2      486.67      515.33        0.00
     1     2      486.00      512.00        0.00
     1     2      486.00      508.00        0.00
     1     2      487.33      504.67        0.00
     1     2      491.33      502.67        0.00
     1     2      494.67      501.33        0.00
     1     2      498.00      501.33        0.00
     1     2      501.33      503.33        0.00
     1     2      504.67      505.33        0.00
     1     2      507.33      507.33        0.00
     1     2      508.00      511.33        0.00
     1     2      507.33      514.67        0.00
     1     2      504.67      517.33        0.00
     1     3      510.67      499.33        0.00
     1     3      507.33      500.67        0.00
     1     3      504.00      500.67        0.00
     1     3      501.33      498.67        0.00
     1     3      499.33      495.33        0.00
     1     3      499.33      492.00        0.00
     1     3      500.67      488.67        0.00
     1     3      503.33      486.00        0.00
     1     3      506.67      484.67        0.00
     1     3      510.67      485.33        0.00
     1     3      514.00      486.67        0.00
     1     3      515.33      490.00        0.00
     1     3      515.33      493.33        0.00
     1     4      542.67      468.00        0.00
     1     4      541.33      471.33        0.00
     1     4      537.33      472.00        0.00
     1     4      534.00      470.67        0.00
     1     4      531.33      468.67        0.00
     1     4      530.00      465.33        0.00
     1     4      530.00      462.00        0.00
     1     4      531.33      458.67        0.00
     1     4      534.67      457.33        0.00
     1     4      538.00      456.67        0.00
     1     4      541.33      457.33        0.00
     1     4      544.00      460.00        0.00
     1     4      544.67      463.33        0.00
     1     5      529.33      468.67        0.00
     1     5      528.00      473.33        0.00
     1     5      524.67      474.67        0.00
     1     5      520.67      475.33        0.00
     1     5      518.00      472.67        0.00
     1     5      518.00      469.33        0.00
     1     5      520.67      467.33        0.00
     1     5      524.00      466.00        0.00
     1     5      528.00      466.00        0.00
     1     6      621.33      589.33        0.00
     1     6      620.67      594.00        0.00
     1     6      618.00      596.00        0.00
     1     6      613.33      597.33        0.00
     1     6      610.00      597.33        0.00
     1     6      606.67      596.00        0.00
     1     6      603.33      594.67        0.00
     1     6      601.33      592.00        0.00
     1     6      600.67      588.00        0.00
     1     6      601.33      584.67        0.00
     1     6      604.67      582.00        0.00
     1     6      608.67      580.67        0.00
     1     6      612.00      580.67        0.00
     1     6      616.00      580.00        0.00
     1     7      869.33      551.33        0.00
     1     7      866.67      554.67        0.00
     1     7      863.33      557.33        0.00
     1     7      860.00      558.67        0.00
     1     7      856.67      559.33        0.00
     1     7      852.67      558.67        0.00
     1     7      849.33      555.33        0.00
     1     7      848.00      552.00        0.00
     1     7      847.33      548.67        0.00
     1     7      847.33      545.33        0.00
     1     7      847.33      541.33        0.00
     1     7      850.00      537.33        0.00
     1     7      853.33      535.33        0.00
     1     7      856.67      533.33        0.00
     1     7      860.00      533.33        0.00
     1     7      863.33      532.67        0.00
     1     7      866.67      532.67        0.00
     1     7      869.33      534.67        0.00
     1     7      871.33      537.33        0.00
     1     7      873.33      540.00        0.00
     1     7      873.33      544.00        0.00
     1     7      871.33      546.67        0.00
     1     8      728.67      594.67        0.00
     1     8      729.33      600.00        0.00
     1     8      726.67      602.00        0.00
     1     8      723.33      602.00        0.00
     1     8      719.33      602.00        0.00
     1     8      716.67      600.00        0.00
     1     8      714.00      597.33        0.00
     1     8      713.33      594.00        0.00
     1     8      714.00      590.67        0.00
     1     8      716.00      588.00        0.00
     1     8      719.33      586.67        0.00
     1     8      723.33      586.00        0.00
     1     8      727.33      587.33        0.00
     1     9      728.67      419.33        0.00
     1     9      726.67      423.33        0.00
     1     9      723.33      424.67        0.00
     1     9      720.00      425.33        0.00
     1     9      716.00      425.33        0.00
     1     9      712.67      423.33        0.00
     1     9      711.33      419.33        0.00
     1     9      711.33      416.00        0.00
     1     9      711.33      412.67        0.00
     1     9      712.67      409.33        0.00
     1     9      714.67      406.67        0.00
     1     9      717.33      404.67        0.00
     1     9      720.67      404.00        0.00
     1     9      724.00      404.00        0.00
     1     9      727.33      405.33        0.00
     1     9      729.33      408.00        0.00
     1     9      729.33      412.00        0.00
     1    10      756.00      420.67        0.00
     1    10      752.00      424.67        0.00
     1    10      748.67      425.33        0.00
     1    10      744.67      424.67        0.00
     1    10      742.00      422.00        0.00
     1    10      740.00      418.67        0.00
     1    10      739.33      415.33        0.00
     1    10      740.00      412.00        0.00
     1    10      742.67      409.33        0.00
     1    10      745.33      407.33        0.00
     1    10      748.67      406.00        0.00
     1    10      752.00      405.33        0.00
     1    10      755.33      407.33        0.00
     1    10      758.00      409.33        0.00
     1    10      758.67      412.67        0.00
     1    11      785.33      418.67        0.00
     1    11      783.33      424.00        0.00
     1    11      780.67      426.67        0.00
     1    11      778.00      428.67        0.00
     1    11      774.67      429.33        0.00
     1    11      771.33      429.33        0.00
     1    11      768.00      427.33        0.00
     1    11      766.00      424.00        0.00
     1    11      765.33      420.67        0.00
     1    11      765.33      417.33        0.00
     1    11      766.00      414.00        0.00
     1    11      768.67      411.33        0.00
     1    11      771.33      409.33        0.00
     1    11      774.67      408.67        0.00
     1    11      778.00      408.67        0.00
     1    11      781.33      410.00        0.00
     1    11      784.00      412.00        0.00
     1    12      811.33      414.00        0.00
     1    12      816.00      420.67        0.00
     1    12      816.67      424.00        0.00
     1    12      815.33      427.33        0.00
     1    12      812.67      430.00        0.00
     1    12      809.33      430.00        0.00
     1    12      806.00      430.00        0.00
     1    12      802.67      428.67        0.00
     1    12      800.00      426.67        0.00
     1    12      798.00      424.00        0.00
     1    12      796.67      420.67        0.00
     1    12      796.67      417.33        0.00
     1    12      799.33      413.33        0.00
     1    12      802.67      412.00        0.00
     1    12      806.00      412.00        0.00
     1    13      296.00      555.00        0.00
     1    13      292.67      556.33        0.00
     1    13      289.33      556.33        0.00
     1    13      286.00      556.33        0.00
     1    13      282.67      554.33        0.00
     1    13      280.00      551.67        0.00
     1    13      278.00      548.33        0.00
     1    13      278.67      544.33        0.00
     1    13      280.67      541.67        0.00
     1    13      284.00      539.67        0.00
     1    13      287.33      539.67        0.00
     1    13      290.67      540.33        0.00
     1    13      293.33      542.33        0.00
     1    13      295.33      545.00        0.00
     1    13      296.00      548.33        0.00
     1    14      288.00      576.33        0.00
     1    14      288.00      579.67        0.00
     1    14      284.00      581.67        0.00
     1    14      280.67      582.33        0.00
     1    14      277.33      583.00        0.00
     1    14      274.00      582.33        0.00
     1    14      271.33      580.33        0.00
     1    14      269.33      577.67        0.00
     1    14      268.67      574.33        0.00
     1    14      268.67      571.00        0.00
     1    14      270.00      567.67        0.00
     1    14      272.67      565.00        0.00
     1    14      276.00      563.67        0.00
     1    14      280.67      562.33        0.00
     1    14      284.67      562.33        0.00
     1    14      288.00      563.67        0.00
     1    14      290.67      567.00        0.00
     1    14      290.67      570.33        0.00
     1    15      294.00      585.00        0.00
     1    15      298.67      589.00        0.00
     1    15      299.33      593.00        0.00
     1    15      298.67      596.33        0.00
     1    15      296.67      599.00        0.00
     1    15      294.67      601.67        0.00
     1    15      291.33      602.33        0.00
     1    15      288.00      601.67        0.00
     1    15      284.67      599.67        0.00
     1    15      282.00      597.67        0.00
     1    15      280.67      594.33        0.00
     1    15      280.67      590.33        0.00
     1    15      282.67      587.00        0.00
     1    15      286.00      585.67        0.00
     1    15      289.33      585.67        0.00
     1    16      320.00      576.33        0.00
     1    16      315.33      580.33        0.00
     1    16      312.00      581.00        0.00
     1    16      308.67      579.67        0.00
     1    16      306.00      576.33        0.00
     1    16      305.33      573.00        0.00
     1    16      306.00      569.00        0.00
     1    16      308.00      566.33        0.00
     1    16      310.67      564.33        0.00
     1    16      314.67      563.67        0.00
     1    16      318.00      563.67        0.00
     1    16      320.67      566.33        0.00
     1    16      321.33      569.67        0.00
     1    16      319.33      572.33        0.00
     1    17      286.00      621.67        0.00
     1    17      288.00      628.33        0.00
     1    17      288.00      632.33        0.00
     1    17      286.00      635.67        0.00
     1    17      282.67      639.00        0.00
     1    17      279.33      641.00        0.00
     1    17      276.00      641.67        0.00
     1    17      272.00      642.33        0.00
     1    17      268.67      640.33        0.00
     1    17      267.33      637.00        0.00
     1    17      267.33      633.67        0.00
     1    17      268.67      630.33        0.00
     1    17      270.67      627.00        0.00
     1    17      273.33      623.67        0.00
     1    17      276.00      621.67        0.00
     1    17      280.67      621.00        0.00
     1    18      300.00      647.00        0.00
     1    18      302.00      654.33        0.00
     1    18      301.33      658.33        0.00
     1    18      300.00      661.67        0.00
     1    18      296.67      662.33        0.00
     1    18      293.33      663.00        0.00
     1    18      290.67      660.33        0.00
     1    18      289.33      657.00        0.00
     1    18      288.67      653.00        0.00
     1    18      289.33      649.67        0.00
     1    18      292.00      647.00        0.00
     1    18      295.33      647.00        0.00
     1    18      299.33      647.00        0.00
     1    19      270.67      591.00        0.00
     1    19      270.00      595.00        0.00
     1    19      268.67      598.33        0.00
     1    19      266.00      600.33        0.00
     1    19      262.00      601.00        0.00
     1    19      259.33      598.33        0.00
     1    19      258.67      595.00        0.00
     1    19      258.67      591.67        0.00
     1    19      260.67      589.00        0.00
     1    19      264.00      588.33        0.00
     1    19      267.33      589.00        0.00
     1    20      251.33      590.33        0.00
     1    20      249.33      594.33        0.00
     1    20      246.67      597.00        0.00
     1    20      244.67      599.67        0.00
     1    20      242.00      601.67        0.00
     1    20      238.67      602.33        0.00
     1    20      236.00      599.67        0.00
     1    20      234.67      596.33        0.00
     1    20      233.33      593.00        0.00
     1    20      232.67      589.67        0.00
     1    20      232.67      586.33        0.00
     1    20      234.67      583.67        0.00
     1    20      238.00      583.00        0.00
     1    20      241.33      585.00        0.00
     1    21      254.67      575.67        0.00
     1    21      248.67      576.33        0.00
     1    21      245.33      575.67        0.00
     1    21      242.67      572.33        0.00
     1    21      242.67      569.00        0.00
     1    21      243.33      565.67        0.00
     1    21      246.67      563.00        0.00
     1    21      250.67      561.67        0.00
     1    21      254.00      561.67        0.00
     1    21      258.00      563.00        0.00
     1    21      260.67      565.00        0.00
     1    21      260.67      568.33        0.00
     1    21      260.67      571.67        0.00
     1    21      258.00      573.67        0.00
     1    22      254.00      615.67        0.00
     1    22      257.33      621.67        0.00
     1    22      257.33      625.67        0.00
     1    22      256.67      629.00        0.00
     1    22      254.00      631.67        0.00
     1    22      250.67      633.00        0.00
     1    22      247.33      633.67        0.00
     1    22      244.00      633.00        0.00
     1    22      242.00      630.33        0.00
     1    22      240.00      627.00        0.00
     1    22      240.00      623.67        0.00
     1    22      240.00      620.33        0.00
     1    22      240.00      616.33        0.00
     1    22      242.67      613.67        0.00
     1    22      246.67      613.67        0.00
     1    23      491.33      579.67        0.00
     1    23      487.33      584.33        0.00
     1    23      484.00      586.33        0.00
     1    23      480.67      587.00        0.00
     1    23      476.67      587.00        0.00
     1    23      473.33      586.33        0.00
     1    23      470.67      584.33        0.00
     1    23      468.00      582.33        0.00
     1    23      466.00      579.67        0.00
     1    23      464.67      576.33        0.00
     1    23      464.67      572.33        0.00
     1    23      464.00      568.33        0.00
     1    23      464.00      564.33        0.00
     1    23      464.00      561.00        0.00
     1    23      465.33      557.67        0.00
     1    23      468.00      555.00        0.00
     1    23      472.00      554.33        0.00
     1    23      476.00      554.33        0.00
     1    23      480.00      555.00        0.00
     1    23      484.00      557.00        0.00
     1    23      486.67      559.00        0.00
     1    23      487.33      562.33        0.00
     1    23      488.67      565.67        0.00
     1    23      490.67      568.33        0.00
     1    23      492.00      571.67        0.00
     1    23      492.00      575.00        0.00
     1    24      305.33      691.33        0.00
     1    24      301.33      692.67        0.00
     1    24      298.00      692.00        0.00
     1    24      296.00      689.33        0.00
     1    24      294.67      685.33        0.00
     1    24      294.67      681.33        0.00
     1    24      296.67      677.33        0.00
     1    24      298.67      674.67        0.00
     1    24      301.33      672.67        0.00
     1    24      305.33      672.67        0.00
     1    24      309.33      673.33        0.00
     1    24      312.00      676.67        0.00
     1    24      313.33      680.00        0.00
     1    24      312.67      683.33        0.00
     1    24      310.67      686.67        0.00
     1    25      340.67      691.33        0.00
     1    25      344.67      696.00        0.00
     1    25      345.33      699.33        0.00
     1    25      342.67      701.33        0.00
     1    25      339.33      703.33        0.00
     1    25      336.00      704.00        0.00
     1    25      332.67      704.00        0.00
     1    25      330.00      702.00        0.00
     1    25      328.00      698.00        0.00
     1    25      327.33      694.67        0.00
     1    25      327.33      691.33        0.00
     1    25      330.00      688.00        0.00
     1    25      333.33      687.33        0.00
     1    25      336.67      687.33        0.00
     1    26      372.00      717.33        0.00
     1    26      369.33      723.33        0.00
     1    26      366.67      725.33        0.00
     1    26      362.67      725.33        0.00
     1    26      359.33      724.67        0.00
     1    26      356.67      722.67        0.00
     1    26      354.00      718.67        0.00
     1    26      352.67      714.67        0.00
     1    26      352.67      710.00        0.00
     1    26      353.33      706.67        0.00
     1    26      356.67      704.67        0.00
     1    26      360.00      704.67        0.00
     1    26      364.00      704.67        0.00
     1    26      367.33      706.67        0.00
     1    26      370.00      709.33        0.00
     1    27      396.00      726.67        0.00
     1    27      393.33      733.33        0.00
     1    27      390.67      735.33        0.00
     1    27      386.67      735.33        0.00
     1    27      383.33      734.00        0.00
     1    27      381.33      730.67        0.00
     1    27      379.33      726.67        0.00
     1    27      379.33      722.67        0.00
     1    27      380.00      719.33        0.00
     1    27      382.00      716.67        0.00
     1    27      384.67      714.67        0.00
     1    27      388.67      714.00        0.00
     1    27      392.00      714.00        0.00
     1    27      394.00      716.67        0.00
