     0     0      569.00      834.00        0.00
     0     0      565.00      834.00        0.00
     0     0      562.00      835.00        0.00
     0     0      558.00      835.00        0.00
     0     0      554.00      835.00        0.00
     0     0      550.00      835.00        0.00
     0     0      547.00      834.00        0.00
     0     0      543.00      833.00        0.00
     0     0      539.00      833.00        0.00
     0     0      536.00      832.00        0.00
     0     0      533.00      831.00        0.00
     0     0      530.00      830.00        0.00
     0     0      527.00      829.00        0.00
     0     0      524.00      828.00        0.00
     0     0      521.00      827.00        0.00
     0     0      518.00      825.00        0.00
     0     0      515.00      823.00        0.00
     0     0      512.00      821.00        0.00
     0     0      510.00      818.00        0.00
     0     0      507.00      815.00        0.00
     0     0      505.00      812.00        0.00
     0     0      502.00      809.00        0.00
     0     0      499.00      806.00        0.00
     0     0      497.00      803.00        0.00
     0     0      494.00      801.00        0.00
     0     0      491.00      798.00        0.00
     0     0      488.00      796.00        0.00
     0     0      486.00      793.00        0.00
     0     0      483.00      791.00        0.00
     0     0      480.00      788.00        0.00
     0     0      477.00      786.00        0.00
     0     0      474.00      783.00        0.00
     0     0      471.00      781.00        0.00
     0     0      468.00      779.00        0.00
     0     0      465.00      778.00        0.00
     0     0      462.00      776.00        0.00
     0     0      459.00      774.00        0.00
     0     0      456.00      772.00        0.00
     0     0      453.00      771.00        0.00
     0     0      450.00      768.00        0.00
     0     0      447.00      766.00        0.00
     0     0      444.00      763.00        0.00
     0     0      441.00      761.00        0.00
     0     0      438.00      758.00        0.00
     0     0      435.00      756.00        0.00
     0     0      433.00      753.00        0.00
     0     0      430.00      750.00        0.00
     0     0      429.00      747.00        0.00
     0     0      427.00      744.00        0.00
     0     0      424.00      741.00        0.00
     0     0      421.00      738.00        0.00
     0     0      418.00      736.00        0.00
     0     0      417.00      733.00        0.00
     0     0      414.00      731.00        0.00
     0     0      412.00      728.00        0.00
     0     0      409.00      725.00        0.00
     0     0      407.00      722.00        0.00
     0     0      405.00      719.00        0.00
     0     0      403.00      716.00        0.00
     0     0      401.00      713.00        0.00
     0     0      398.00      710.00        0.00
     0     0      396.00      707.00        0.00
     0     0      393.00      705.00        0.00
     0     0      390.00      703.00        0.00
     0     0      387.00      701.00        0.00
     0     0      384.00      699.00        0.00
     0     0      381.00      697.00        0.00
     0     0      378.00      695.00        0.00
     0     0      375.00      694.00        0.00
     0     0      372.00      691.00        0.00
     0     0      369.00      689.00        0.00
     0     0      366.00      687.00        0.00
     0     0      363.00      686.00        0.00
     0     0      360.00      684.00        0.00
     0     0      357.00      682.00        0.00
     0     0      354.00      679.00        0.00
     0     0      351.00      676.00        0.00
     0     0      348.00      674.00        0.00
     0     0      346.00      671.00        0.00
     0     0      344.00      668.00        0.00
     0     0      342.00      665.00        0.00
     0     0      340.00      662.00        0.00
     0     0      339.00      659.00        0.00
     0     0      337.00      656.00        0.00
     0     0      335.00      653.00        0.00
     0     0      333.00      650.00        0.00
     0     0      331.00      647.00        0.00
     0     0      329.00      644.00        0.00
     0     0      327.00      641.00        0.00
     0     0      326.00      638.00        0.00
     0     0      325.00      635.00        0.00
     0     0      323.00      632.00        0.00
     0     0      321.00      629.00        0.00
     0     0      319.00      626.00        0.00
     0     0      316.00      623.00        0.00
     0     0      314.00      620.00        0.00
     0     0      311.00      617.00        0.00
     0     0      309.00      614.00        0.00
     0     0      306.00      612.00        0.00
     0     0      304.00      609.00        0.00
     0     0      301.00      607.00        0.00
     0     0      298.00      604.00        0.00
     0     0      295.00      602.00        0.00
     0     0      292.00      599.00        0.00
     0     0      289.00      596.00        0.00
     0     0      287.00      593.00        0.00
     0     0      284.00      591.00        0.00
     0     0      281.00      589.00        0.00
     0     0      278.00      586.00        0.00
     0     0      275.00      584.00        0.00
     0     0      272.00      582.00        0.00
     0     0      270.00      579.00        0.00
     0     0      267.00      577.00        0.00
     0     0      266.00      574.00        0.00
     0     0      265.00      571.00        0.00
     0     0      263.00      568.00        0.00
     0     0      261.00      565.00        0.00
     0     0      259.00      562.00        0.00
     0     0      258.00      559.00        0.00
     0     0      256.00      556.00        0.00
     0     0      253.00      553.00        0.00
     0     0      252.00      550.00        0.00
     0     0      250.00      547.00        0.00
     0     0      249.00      544.00        0.00
     0     0      247.00      541.00        0.00
     0     0      245.00      538.00        0.00
     0     0      242.00      535.00        0.00
     0     0      240.00      532.00        0.00
     0     0      238.00      529.00        0.00
     0     0      236.00      526.00        0.00
     0     0      233.00      522.00        0.00
     0     0      231.00      519.00        0.00
     0     0      228.00      516.00        0.00
     0     0      225.00      513.00        0.00
     0     0      222.00      511.00        0.00
     0     0      220.00      508.00        0.00
     0     0      218.00      505.00        0.00
     0     0      202.00      495.00        0.00
     0     0      199.00      491.00        0.00
     0     0      197.00      488.00        0.00
     0     0      195.00      485.00        0.00
     0     0      193.00      482.00        0.00
     0     0      191.00      479.00        0.00
     0     0      189.00      476.00        0.00
     0     0      187.00      473.00        0.00
     0     0      185.00      470.00        0.00
     0     0      183.00      467.00        0.00
     0     0      180.00      464.00        0.00
     0     0      178.00      461.00        0.00
     0     0      175.00      459.00        0.00
     0     0      172.00      456.00        0.00
     0     0      169.00      453.00        0.00
     0     0      166.00      450.00        0.00
     0     0      164.00      447.00        0.00
     0     0      161.00      444.00        0.00
     0     0      159.00      441.00        0.00
     0     0      156.00      438.00        0.00
     0     0      154.00      435.00        0.00
     0     0      152.00      432.00        0.00
     0     0      149.00      430.00        0.00
     0     0      146.00      427.00        0.00
     0     0      143.00      424.00        0.00
     0     0      141.00      421.00        0.00
     0     0      138.00      418.00        0.00
     0     0      135.00      415.00        0.00
     0     0      132.00      413.00        0.00
     0     0      131.00      410.00        0.00
     0     0      128.00      408.00        0.00
     0     0      125.00      406.00        0.00
     0     0      123.00      403.00        0.00
     0     0      120.00      401.00        0.00
     0     0      117.00      399.00        0.00
     0     0      114.00      397.00        0.00
     0     0      111.00      395.00        0.00
     0     0      109.00      392.00        0.00
     0     0      106.00      391.00        0.00
     0     0      103.00      389.00        0.00
     0     0      100.00      386.00        0.00
     0     0       97.00      385.00        0.00
     0     0       94.00      383.00        0.00
     0     0       91.00      381.00        0.00
     0     0       88.00      379.00        0.00
     0     0       86.00      376.00        0.00
     0     0       83.00      375.00        0.00
     0     0       81.00      372.00        0.00
     0     0       78.00      370.00        0.00
     0     0       75.00      368.00        0.00
     0     0       72.00      365.00        0.00
     0     0       69.00      362.00        0.00
     0     0       66.00      360.00        0.00
     0     0       63.00      357.00        0.00
     0     0       60.00      355.00        0.00
     0     0       58.00      352.00        0.00
     0     0       57.00      349.00        0.00
     0     0       54.00      347.00        0.00
     0     0       52.00      344.00        0.00
     0     0       50.00      341.00        0.00
     0     0       47.00      338.00        0.00
     0     0       45.00      335.00        0.00
     0     0       42.00      334.00        0.00
     0     0       40.00      331.00        0.00
     0     0       37.00      330.00        0.00
     0     0       35.00      327.00        0.00
     0     0       32.00      325.00        0.00
     0     0       30.00      322.00        0.00
     0     0       27.00      320.00        0.00
     0     0       25.00      317.00        0.00
     0     0       22.00      315.00        0.00
     0     0       19.00      312.00        0.00
     0     0       16.00      309.00        0.00
     0     0       13.00      306.00        0.00
     0     0       10.00      304.00        0.00
     0     0        7.00      302.00        0.00
     0     0        5.00      299.00        0.00
     0     0        2.00      297.00        0.00
     0     0       -2.00      119.00        0.00
     0     0       10.00      123.00        0.00
     0     0       14.00      123.00        0.00
     0     0       18.00      123.00        0.00
     0     0       22.00      123.00        0.00
     0     0       26.00      123.00        0.00
     0     0       30.00      123.00        0.00
     0     0       34.00      123.00        0.00
     0     0       38.00      123.00        0.00
     0     0       41.00      122.00        0.00
     0     0       44.00      121.00        0.00
     0     0       47.00      120.00        0.00
     0     0       51.00      120.00        0.00
     0     0       55.00      120.00        0.00
     0     0       58.00      118.00        0.00
     0     0       61.00      117.00        0.00
     0     0       64.00      115.00        0.00
     0     0       67.00      113.00        0.00
     0     0       70.00      111.00        0.00
     0     0       73.00      109.00        0.00
     0     0       76.00      108.00        0.00
     0     0       79.00      107.00        0.00
     0     0       82.00      105.00        0.00
     0     0       85.00      102.00        0.00
     0     0       88.00      100.00        0.00
     0     0       91.00       97.00        0.00
     0     0       93.00       94.00        0.00
     0     0       96.00       91.00        0.00
     0     0       98.00       88.00        0.00
     0     0       99.00       85.00        0.00
     0     0      100.00       82.00        0.00
     0     0      102.00       79.00        0.00
     0     0      103.00       76.00        0.00
     0     0      105.00       73.00        0.00
     0     0      106.00       69.00        0.00
     0     0      106.00       65.00        0.00
     0     0      107.00       62.00        0.00
     0     0      107.00       58.00        0.00
     0     0      107.00       54.00        0.00
     0     0      107.00       50.00        0.00
     0     0      107.00       46.00        0.00
     0     0      107.00       42.00        0.00
     0     0      108.00       39.00        0.00
     0     0      108.00       35.00        0.00
     0     0      108.00       31.00        0.00
     0     0      109.00       28.00        0.00
     0     0      110.00       25.00        0.00
     0     0      110.00       21.00        0.00
     0     0      111.00       18.00        0.00
     0     0      112.00       15.00        0.00
     0     0      113.00       12.00        0.00
     0     0      114.00        9.00        0.00
     0     0      115.00        6.00        0.00
     0     0      117.00        3.00        0.00
     0     0      118.00        0.00        0.00
     0     0      121.00       -2.00        0.00
     0     0      505.00       -4.00        0.00
     0     0      508.00       -3.00        0.00
     0     0      511.00       -1.00        0.00
     0     0      514.00        2.00        0.00
     0     0      517.00        4.00        0.00
     0     0      520.00        7.00        0.00
     0     0      522.00       10.00        0.00
     0     0      525.00       13.00        0.00
     0     0      527.00       16.00        0.00
     0     0      530.00       19.00        0.00
     0     0      533.00       22.00        0.00
     0     0      535.00       25.00        0.00
     0     0      538.00       27.00        0.00
     0     0      541.00       30.00        0.00
     0     0      544.00       33.00        0.00
     0     0      547.00       36.00        0.00
     0     0      550.00       39.00        0.00
     0     0      552.00       42.00        0.00
     0     0      555.00       45.00        0.00
     0     0      558.00       48.00        0.00
     0     0      560.00       51.00        0.00
     0     0      563.00       54.00        0.00
     0     0      566.00       57.00        0.00
     0     0      569.00       60.00        0.00
     0     0      572.00       63.00        0.00
     0     0      575.00       65.00        0.00
     0     0      578.00       68.00        0.00
     0     0      581.00       71.00        0.00
     0     0      584.00       73.00        0.00
     0     0      587.00       76.00        0.00
     0     0      590.00       78.00        0.00
     0     0      593.00       82.00        0.00
     0     0      598.00       85.00        0.00
     0     0      600.00       88.00        0.00
     0     0      603.00       90.00        0.00
     0     0      607.00       93.00        0.00
     0     0      610.00       96.00        0.00
     0     0      613.00       99.00        0.00
     0     0      616.00      102.00        0.00
     0     0      618.00      105.00        0.00
     0     0      621.00      106.00        0.00
     0     0      624.00      108.00        0.00
     0     0      627.00      111.00        0.00
     0     0      630.00      114.00        0.00
     0     0      633.00      117.00        0.00
     0     0      636.00      120.00        0.00
     0     0      638.00      123.00        0.00
     0     0      642.00      127.00        0.00
     0     0      644.00      130.00        0.00
     0     0      647.00      134.00        0.00
     0     0      650.00      137.00        0.00
     0     0      652.00      140.00        0.00
     0     0      655.00      143.00        0.00
     0     0      658.00      145.00        0.00
     0     0      660.00      148.00        0.00
     0     0      662.00      151.00        0.00
     0     0      665.00      154.00        0.00
     0     0      667.00      157.00        0.00
     0     0      669.00      160.00        0.00
     0     0      671.00      163.00        0.00
     0     0      673.00      166.00        0.00
     0     0      675.00      169.00        0.00
     0     0      678.00      172.00        0.00
     0     0      680.00      175.00        0.00
     0     0      683.00      178.00        0.00
     0     0      685.00      181.00        0.00
     0     0      687.00      184.00        0.00
     0     0      688.00      187.00        0.00
     0     0      689.00      191.00        0.00
     0     0      690.00      194.00        0.00
     0     0      691.00      197.00        0.00
     0     0      692.00      200.00        0.00
     0     0      694.00      203.00        0.00
     0     0      695.00      207.00        0.00
     0     0      695.00      211.00        0.00
     0     0      696.00      216.00        0.00
     0     0      697.00      220.00        0.00
     0     0      698.00      223.00        0.00
     0     0      699.00      227.00        0.00
     0     0      699.00      232.00        0.00
     0     0      699.00      236.00        0.00
     0     0      700.00      239.00        0.00
     0     0      701.00      243.00        0.00
     0     0      702.00      246.00        0.00
     0     0      702.00      250.00        0.00
     0     0      703.00      254.00        0.00
     0     0      703.00      258.00        0.00
     0     0      704.00      261.00        0.00
     0     0      704.00      265.00        0.00
     0     0      704.00      269.00        0.00
     0     0      704.00      273.00        0.00
     0     0      704.00      277.00        0.00
     0     0      705.00      280.00        0.00
     0     0      700.00      316.00        0.00
     0     0      699.00      321.00        0.00
     0     0      699.00      325.00        0.00
     0     0      698.00      328.00        0.00
     0     0      698.00      332.00        0.00
     0     0      697.00      335.00        0.00
     0     0      696.00      338.00        0.00
     0     0      695.00      342.00        0.00
     0     0      694.00      345.00        0.00
     0     0      693.00      349.00        0.00
     0     0      692.00      352.00        0.00
     0     0      692.00      356.00        0.00
     0     0      691.00      359.00        0.00
     0     0      690.00      362.00        0.00
     0     0      689.00      365.00        0.00
     0     0      689.00      369.00        0.00
     0     0      688.00      372.00        0.00
     0     0      688.00      376.00        0.00
     0     0      687.00      380.00        0.00
     0     0      687.00      384.00        0.00
     0     0      686.00      388.00        0.00
     0     0      685.00      392.00        0.00
     0     0      684.00      395.00        0.00
     0     0      684.00      399.00        0.00
     0     0      683.00      403.00        0.00
     0     0      683.00      407.00        0.00
     0     0      683.00      411.00        0.00
     0     0      682.00      415.00        0.00
     0     0      682.00      419.00        0.00
     0     0      681.00      422.00        0.00
     0     0      681.00      427.00        0.00
     0     0      681.00      431.00        0.00
     0     0      681.00      436.00        0.00
     0     0      682.00      439.00        0.00
     0     0      683.00      443.00        0.00
     0     0      684.00      447.00        0.00
     0     0      686.00      452.00        0.00
     0     0      687.00      457.00        0.00
     0     0      688.00      463.00        0.00
     0     0      689.00      468.00        0.00
     0     0      691.00      472.00        0.00
     0     0      692.00      477.00        0.00
     0     0      693.00      480.00        0.00
     0     0      694.00      483.00        0.00
     0     0      696.00      487.00        0.00
     0     0      697.00      490.00        0.00
     0     0      698.00      493.00        0.00
     0     0      700.00      496.00        0.00
     0     0      702.00      499.00        0.00
     0     0      704.00      502.00        0.00
     0     0      706.00      505.00        0.00
     0     0      708.00      508.00        0.00
     0     0      710.00      511.00        0.00
     0     0      712.00      514.00        0.00
     0     0      715.00      517.00        0.00
     0     0      716.00      520.00        0.00
     0     0      718.00      523.00        0.00
     0     0      720.00      527.00        0.00
     0     0      722.00      531.00        0.00
     0     0      724.00      535.00        0.00
     0     0      727.00      538.00        0.00
     0     0      730.00      542.00        0.00
     0     0      734.00      545.00        0.00
     0     0      738.00      549.00        0.00
     0     0      745.00      554.00        0.00
     0     0      750.00      557.00        0.00
     0     0      752.00      560.00        0.00
     0     0      756.00      563.00        0.00
     0     0      759.00      566.00        0.00
     0     0      763.00      570.00        0.00
     0     0      766.00      572.00        0.00
     0     0      770.00      574.00        0.00
     0     0      774.00      577.00        0.00
     0     0      777.00      579.00        0.00
     0     0      781.00      580.00        0.00
     0     0      787.00      584.00        0.00
     0     0      790.00      585.00        0.00
     0     0      794.00      587.00        0.00
     0     0      799.00      588.00        0.00
     0     0      802.00      589.00        0.00
     0     0      806.00      589.00        0.00
     0     0      810.00      589.00        0.00
     0     0      815.00      589.00        0.00
     0     0      820.00      589.00        0.00
     0     0      828.00      590.00        0.00
     0     0      835.00      590.00        0.00
     0     0      839.00      590.00        0.00
     0     0      843.00      590.00        0.00
     0     0      848.00      591.00        0.00
     0     0      852.00      591.00        0.00
     0     0      856.00      591.00        0.00
     0     0      860.00      591.00        0.00
     0     0      864.00      591.00        0.00
     0     0      868.00      591.00        0.00
     0     0      897.00      603.00        0.00
     0     0      906.00      610.00        0.00
     0     0      909.00      611.00        0.00
     0     0      912.00      614.00        0.00
     0     0      915.00      616.00        0.00
     0     0      918.00      619.00        0.00
     0     0      921.00      621.00        0.00
     0     0      923.00      624.00        0.00
     0     0      926.00      626.00        0.00
     0     0      929.00      629.00        0.00
     0     0      932.00      631.00        0.00
     0     0      935.00      632.00        0.00
     0     0      938.00      635.00        0.00
     0     0      941.00      637.00        0.00
     0     0      944.00      639.00        0.00
     0     0      947.00      642.00        0.00
     0     0      949.00      645.00        0.00
     0     0      952.00      648.00        0.00
     0     0      955.00      651.00        0.00
     0     0      957.00      654.00        0.00
     0     0      960.00      657.00        0.00
     0     0      962.00      660.00        0.00
     0     0      964.00      663.00        0.00
     0     0      966.00      666.00        0.00
     0     0      968.00      669.00        0.00
     0     0      970.00      672.00        0.00
     0     0      972.00      675.00        0.00
     0     0      974.00      678.00        0.00
     0     0      976.00      681.00        0.00
     0     0      978.00      684.00        0.00
     0     0      980.00      687.00        0.00
     0     0      981.00      690.00        0.00
     0     0      983.00      693.00        0.00
     0     0      984.00      696.00        0.00
     0     0      986.00      699.00        0.00
     0     0      987.00      702.00        0.00
     0     0      989.00      705.00        0.00
     0     0      991.00      708.00        0.00
     0     0      992.00      711.00        0.00
     0     0      993.00      714.00        0.00
     0     0      994.00      718.00        0.00
     0     0      995.00      721.00        0.00
     0     0      995.00      725.00        0.00
     0     0      996.00      728.00        0.00
     0     0      996.00      732.00        0.00
     0     0      997.00      735.00        0.00
     0     0      997.00      739.00        0.00
     0     0      998.00      742.00        0.00
     0     0      999.00      745.00        0.00
     0     0      999.00      749.00        0.00
     0     0      999.00      753.00        0.00
     0     0      999.00      757.00        0.00
     0     0      999.00      761.00        0.00
     0     0      999.00      765.00        0.00
     0     0      999.00      769.00        0.00
     0     0      998.00      772.00        0.00
     0     0      998.00      776.00        0.00
     0     0      997.00      779.00        0.00
     0     0      995.00      782.00        0.00
     0     0      994.00      785.00        0.00
     0     0      993.00      788.00        0.00
     0     0      991.00      791.00        0.00
     0     0      989.00      794.00        0.00
     0     0      988.00      797.00        0.00
     0     0      986.00      800.00        0.00
     0     0      984.00      803.00        0.00
     0     0      981.00      806.00        0.00
     0     0      978.00      809.00        0.00
     0     0      975.00      811.00        0.00
     0     0      972.00      814.00        0.00
     0     0      969.00      815.00        0.00
     0     0      966.00      817.00        0.00
     0     0      963.00      818.00        0.00
     0     0      960.00      820.00        0.00
     0     0      957.00      821.00        0.00
     0     0      954.00      822.00        0.00
     0     0      951.00      823.00        0.00
     0     0      947.00      823.00        0.00
     0     0      943.00      823.00        0.00
     0     0      939.00      823.00        0.00
     0     0      935.00      823.00        0.00
     0     0      931.00      823.00        0.00
     0     0      927.00      823.00        0.00
     0     0      923.00      823.00        0.00
     0     0      919.00      822.00        0.00
     0     0      915.00      822.00        0.00
     0     0      912.00      821.00        0.00
     0     0      908.00      821.00        0.00
     0     0      905.00      820.00        0.00
     0     0      890.00      811.00        0.00
     0     0      884.00      811.00        0.00
     0     0      881.00      810.00        0.00
     0     0      877.00      809.00        0.00
     0     0      873.00      809.00        0.00
     0     0      869.00      809.00        0.00
     0     0      865.00      809.00        0.00
     0     0      862.00      810.00        0.00
     0     0      859.00      811.00        0.00
     0     0      856.00      812.00        0.00
     0     0      853.00      813.00        0.00
     0     0      850.00      814.00        0.00
     0     0      847.00      815.00        0.00
     0     0      843.00      815.00        0.00
     0     0      840.00      816.00        0.00
     0     0      836.00      816.00        0.00
     0     0      832.00      817.00        0.00
     0     0      828.00      818.00        0.00
     0     0      824.00      818.00        0.00
     0     0      821.00      819.00        0.00
     0     0      817.00      820.00        0.00
     0     0      813.00      820.00        0.00
     0     0      809.00      820.00        0.00
     0     0      804.00      820.00        0.00
     0     0      800.00      820.00        0.00
     0     0      796.00      820.00        0.00
     0     0      792.00      820.00        0.00
     0     0      788.00      820.00        0.00
     0     0      785.00      819.00        0.00
     0     0      781.00      819.00        0.00
     0     0      778.00      818.00        0.00
     0     0      774.00      818.00        0.00
     0     0      771.00      817.00        0.00
     0     0      768.00      815.00        0.00
     0     0      765.00      814.00        0.00
     0     0      762.00      812.00        0.00
     0     0      759.00      811.00        0.00
     0     0      756.00      809.00        0.00
     0     0      753.00      807.00        0.00
     0     0      750.00      805.00        0.00
     0     0      747.00      804.00        0.00
     0     0      744.00      803.00        0.00
     0     0      741.00      802.00        0.00
     0     0      738.00      801.00        0.00
     0     0      735.00      798.00        0.00
     0     0      732.00      796.00        0.00
     0     0      729.00      794.00        0.00
     0     0      726.00      793.00        0.00
     0     0      723.00      792.00        0.00
     0     0      720.00      791.00        0.00
     0     0      717.00      790.00        0.00
     0     0      714.00      789.00        0.00
     0     0      711.00      787.00        0.00
     0     0      708.00      786.00        0.00
     0     0      703.00      785.00        0.00
     0     0      700.00      783.00        0.00
     0     0      696.00      782.00        0.00
     0     0      690.00      779.00        0.00
     0     0      686.00      778.00        0.00
     0     0      681.00      776.00        0.00
     0     0      675.00      773.00        0.00
     0     0      670.00      771.00        0.00
     0     0      665.00      768.00        0.00
     0     0      660.00      765.00        0.00
     0     0      654.00      762.00        0.00
     0     0      651.00      759.00        0.00
     0     0      648.00      757.00        0.00
     0     0      644.00      754.00        0.00
     0     0      641.00      752.00        0.00
     0     0      638.00      749.00        0.00
     0     0      635.00      747.00        0.00
     0     0      632.00      744.00        0.00
     0     0      629.00      741.00        0.00
     0     0      628.00      738.00        0.00
     0     0      625.00      736.00        0.00
     0     0      621.00      731.00        0.00
     0     0      620.00      727.00        0.00
     0     0      617.00      722.00        0.00
     0     0      616.00      718.00        0.00
     0     0      614.00      715.00        0.00
     0     0      610.00      710.00        0.00
     0     0      608.00      707.00        0.00
     0     0      606.00      703.00        0.00
     0     0      604.00      700.00        0.00
     0     0      603.00      696.00        0.00
     0     0      601.00      693.00        0.00
     0     0      598.00      687.00        0.00
     0     0      597.00      684.00        0.00
     0     0      595.00      678.00        0.00
     0     0      594.00      675.00        0.00
     0     0      593.00      672.00        0.00
     0     0      592.00      665.00        0.00
     0     0      591.00      662.00        0.00
     0     0      590.00      657.00        0.00
     0     0      590.00      653.00        0.00
     0     0      590.00      648.00        0.00
     0     0      589.00      645.00        0.00
     0     0      589.00      641.00        0.00
     0     0      589.00      637.00        0.00
     0     0      589.00      633.00        0.00
     0     0      589.00      629.00        0.00
     0     0      588.00      626.00        0.00
     0     0      587.00      622.00        0.00
     0     0      586.00      619.00        0.00
     0     0      584.00      616.00        0.00
     0     0      583.00      613.00        0.00
     0     0      580.00      611.00        0.00
     0     0      579.00      608.00        0.00
     0     0      577.00      605.00        0.00
     0     0      575.00      602.00        0.00
     0     0      574.00      599.00        0.00
     0     0      572.00      596.00        0.00
     0     0      571.00      593.00        0.00
     0     0      569.00      590.00        0.00
     0     0      568.00      587.00        0.00
     0     0      567.00      584.00        0.00
     0     0      566.00      581.00        0.00
     0     0      565.00      578.00        0.00
     0     0      565.00      574.00        0.00
     0     0      564.00      570.00        0.00
     0     0      563.00      567.00        0.00
     0     0      563.00      562.00        0.00
     0     0      561.00      541.00        0.00
     0     0      556.00      532.00        0.00
     0     0      555.00      529.00        0.00
     0     0      555.00      525.00        0.00
     0     0      554.00      521.00        0.00
     0     0      553.00      516.00        0.00
     0     0      552.00      511.00        0.00
     0     0      551.00      508.00        0.00
     0     0      551.00      504.00        0.00
     0     0      550.00      501.00        0.00
     0     0      549.00      498.00        0.00
     0     0      548.00      494.00        0.00
     0     0      547.00      490.00        0.00
     0     0      546.00      487.00        0.00
     0     0      546.00      483.00        0.00
     0     0      546.00      479.00        0.00
     0     0      545.00      476.00        0.00
     0     0      545.00      472.00        0.00
     0     0      545.00      468.00        0.00
     0     0      544.00      465.00        0.00
     0     0      544.00      461.00        0.00
     0     0      544.00      457.00        0.00
     0     0      544.00      453.00        0.00
     0     0      544.00      449.00        0.00
     0     0      544.00      445.00        0.00
     0     0      544.00      441.00        0.00
     0     0      544.00      437.00        0.00
     0     0      543.00      434.00        0.00
     0     0      542.00      431.00        0.00
     0     0      541.00      428.00        0.00
     0     0      541.00      424.00        0.00
     0     0      540.00      421.00        0.00
     0     0      538.00      418.00        0.00
     0     0      537.00      414.00        0.00
     0     0      536.00      410.00        0.00
     0     0      535.00      406.00        0.00
     0     0      535.00      402.00        0.00
     0     0      534.00      399.00        0.00
     0     0      533.00      395.00        0.00
     0     0      532.00      391.00        0.00
     0     0      532.00      387.00        0.00
     0     0      531.00      383.00        0.00
     0     0      530.00      380.00        0.00
     0     0      530.00      376.00        0.00
     0     0      530.00      372.00        0.00
     0     0      530.00      368.00        0.00
     0     0      530.00      364.00        0.00
     0     0      529.00      361.00        0.00
     0     0      529.00      357.00        0.00
     0     0      529.00      353.00        0.00
     0     0      528.00      349.00        0.00
     0     0      527.00      345.00        0.00
     0     0      527.00      341.00        0.00
     0     0      525.00      338.00        0.00
     0     0      524.00      335.00        0.00
     0     0      523.00      332.00        0.00
     0     0      522.00      329.00        0.00
     0     0      521.00      326.00        0.00
     0     0      521.00      322.00        0.00
     0     0      520.00      319.00        0.00
     0     0      519.00      316.00        0.00
     0     0      518.00      312.00        0.00
     0     0      518.00      308.00        0.00
     0     0      517.00      305.00        0.00
     0     0      516.00      302.00        0.00
     0     0      515.00      299.00        0.00
     0     0      514.00      295.00        0.00
     0     0      513.00      292.00        0.00
     0     0      512.00      288.00        0.00
     0     0      511.00      285.00        0.00
     0     0      510.00      282.00        0.00
     0     0      509.00      279.00        0.00
     0     0      508.00      276.00        0.00
     0     0      507.00      273.00        0.00
     0     0      506.00      270.00        0.00
     0     0      505.00      266.00        0.00
     0     0      504.00      263.00        0.00
     0     0      504.00      259.00        0.00
     0     0      498.00      244.00        0.00
     0     0      496.00      240.00        0.00
     0     0      495.00      237.00        0.00
     0     0      494.00      234.00        0.00
     0     0      493.00      230.00        0.00
     0     0      492.00      227.00        0.00
     0     0      490.00      224.00        0.00
     0     0      489.00      220.00        0.00
     0     0      487.00      217.00        0.00
     0     0      486.00      214.00        0.00
     0     0      485.00      210.00        0.00
     0     0      483.00      207.00        0.00
     0     0      481.00      204.00        0.00
     0     0      478.00      201.00        0.00
     0     0      476.00      198.00        0.00
     0     0      473.00      195.00        0.00
     0     0      470.00      192.00        0.00
     0     0      468.00      189.00        0.00
     0     0      466.00      186.00        0.00
     0     0      464.00      183.00        0.00
     0     0      461.00      180.00        0.00
     0     0      459.00      177.00        0.00
     0     0      456.00      174.00        0.00
     0     0      454.00      171.00        0.00
     0     0      451.00      169.00        0.00
     0     0      448.00      166.00        0.00
     0     0      445.00      164.00        0.00
     0     0      442.00      162.00        0.00
     0     0      439.00      159.00        0.00
     0     0      436.00      157.00        0.00
     0     0      433.00      155.00        0.00
     0     0      430.00      152.00        0.00
     0     0      427.00      150.00        0.00
     0     0      424.00      147.00        0.00
     0     0      421.00      145.00        0.00
     0     0      418.00      143.00        0.00
     0     0      415.00      140.00        0.00
     0     0      412.00      138.00        0.00
     0     0      409.00      135.00        0.00
     0     0      406.00      133.00        0.00
     0     0      403.00      131.00        0.00
     0     0      399.00      129.00        0.00
     0     0      396.00      127.00        0.00
     0     0      393.00      125.00        0.00
     0     0      389.00      124.00        0.00
     0     0      386.00      122.00        0.00
     0     0      383.00      121.00        0.00
     0     0      380.00      118.00        0.00
     0     0      377.00      117.00        0.00
     0     0      374.00      116.00        0.00
     0     0      371.00      115.00        0.00
     0     0      368.00      114.00        0.00
     0     0      364.00      114.00        0.00
     0     0      361.00      113.00        0.00
     0     0      357.00      113.00        0.00
     0     0      353.00      113.00        0.00
     0     0      349.00      113.00        0.00
     0     0      345.00      113.00        0.00
     0     0      341.00      113.00        0.00
     0     0      338.00      112.00        0.00
     0     0      333.00      112.00        0.00
     0     0      329.00      112.00        0.00
     0     0      326.00      111.00        0.00
     0     0      322.00      111.00        0.00
     0     0      319.00      110.00        0.00
     0     0      315.00      110.00        0.00
     0     0      311.00      111.00        0.00
     0     0      307.00      111.00        0.00
     0     0      304.00      112.00        0.00
     0     0      300.00      112.00        0.00
     0     0      297.00      113.00        0.00
     0     0      294.00      115.00        0.00
     0     0      291.00      117.00        0.00
     0     0      288.00      119.00        0.00
     0     0      285.00      120.00        0.00
     0     0      282.00      121.00        0.00
     0     0      279.00      122.00        0.00
     0     0      276.00      123.00        0.00
     0     0      273.00      124.00        0.00
     0     0      269.00      124.00        0.00
     0     0      266.00      125.00        0.00
     0     0      263.00      126.00        0.00
     0     0      259.00      126.00        0.00
     0     0      256.00      127.00        0.00
     0     0      252.00      127.00        0.00
     0     0      247.00      129.00        0.00
     0     0      243.00      129.00        0.00
     0     0      240.00      130.00        0.00
     0     0      237.00      131.00        0.00
     0     0      234.00      132.00        0.00
     0     0      231.00      133.00        0.00
     0     0      228.00      134.00        0.00
     0     0      225.00      135.00        0.00
     0     0      222.00      136.00        0.00
     0     0      219.00      137.00        0.00
     0     0      216.00      139.00        0.00
     0     0      213.00      140.00        0.00
     0     0      211.00      143.00        0.00
     0     0      208.00      146.00        0.00
     0     0      205.00      149.00        0.00
     0     0      203.00      152.00        0.00
     0     0      201.00      155.00        0.00
     0     0      199.00      158.00        0.00
     0     0      197.00      161.00        0.00
     0     0      196.00      164.00        0.00
     0     0      195.00      167.00        0.00
     0     0      194.00      170.00        0.00
     0     0      193.00      173.00        0.00
     0     0      192.00      176.00        0.00
     0     0      191.00      179.00        0.00
     0     0      190.00      183.00        0.00
     0     0      190.00      187.00        0.00
     0     0      190.00      191.00        0.00
     0     0      190.00      195.00        0.00
     0     0      190.00      199.00        0.00
     0     0      190.00      203.00        0.00
     0     0      190.00      207.00        0.00
     0     0      191.00      210.00        0.00
     0     0      192.00      213.00        0.00
     0     0      194.00      216.00        0.00
     0     0      195.00      219.00        0.00
     0     0      196.00      222.00        0.00
     0     0      197.00      225.00        0.00
     0     0      197.00      229.00        0.00
     0     0      198.00      232.00        0.00
     0     0      199.00      235.00        0.00
     0     0      200.00      238.00        0.00
     0     0      201.00      241.00        0.00
     0     0      202.00      244.00        0.00
     0     0      202.00      248.00        0.00
     0     0      202.00      252.00        0.00
     0     0      202.00      256.00        0.00
     0     0      203.00      259.00        0.00
     0     0      204.00      262.00        0.00
     0     0      205.00      265.00        0.00
     0     0      206.00      268.00        0.00
     0     0      207.00      271.00        0.00
     0     0      208.00      274.00        0.00
     0     0      209.00      277.00        0.00
     0     0      210.00      280.00        0.00
     0     0      211.00      283.00        0.00
     0     0      213.00      286.00        0.00
     0     0      215.00      289.00        0.00
     0     0      217.00      292.00        0.00
     0     0      219.00      295.00        0.00
     0     0      221.00      298.00        0.00
     0     0      223.00      301.00        0.00
     0     0      224.00      304.00        0.00
     0     0      226.00      307.00        0.00
     0     0      227.00      310.00        0.00
     0     0      229.00      313.00        0.00
     0     0      230.00      316.00        0.00
     0     0      232.00      319.00        0.00
     0     0      234.00      322.00        0.00
     0     0      236.00      325.00        0.00
     0     0      238.00      328.00        0.00
     0     0      240.00      331.00        0.00
     0     0      242.00      334.00        0.00
     0     0      244.00      337.00        0.00
     0     0      246.00      340.00        0.00
     0     0      249.00      342.00        0.00
     0     0      252.00      345.00        0.00
     0     0      254.00      348.00        0.00
     0     0      257.00      350.00        0.00
     0     0      260.00      353.00        0.00
     0     0      262.00      356.00        0.00
     0     0      263.00      359.00        0.00
     0     0      265.00      362.00        0.00
     0     0      267.00      365.00        0.00
     0     0      268.00      368.00        0.00
     0     0      270.00      371.00        0.00
     0     0      271.00      374.00        0.00
     0     0      273.00      377.00        0.00
     0     0      275.00      380.00        0.00
     0     0      277.00      383.00        0.00
     0     0      278.00      386.00        0.00
     0     0      280.00      389.00        0.00
     0     0      285.00      413.00        0.00
     0     0      289.00      421.00        0.00
     0     0      291.00      424.00        0.00
     0     0      294.00      427.00        0.00
     0     0      296.00      430.00        0.00
     0     0      299.00      433.00        0.00
     0     0      302.00      436.00        0.00
     0     0      304.00      439.00        0.00
     0     0      305.00      442.00        0.00
     0     0      307.00      445.00        0.00
     0     0      309.00      448.00        0.00
     0     0      311.00      451.00        0.00
     0     0      313.00      454.00        0.00
     0     0      315.00      457.00        0.00
     0     0      317.00      460.00        0.00
     0     0      320.00      463.00        0.00
     0     0      323.00      466.00        0.00
     0     0      326.00      469.00        0.00
     0     0      329.00      474.00        0.00
     0     0      332.00      477.00        0.00
     0     0      335.00      479.00        0.00
     0     0      338.00      482.00        0.00
     0     0      340.00      485.00        0.00
     0     0      343.00      487.00        0.00
     0     0      345.00      490.00        0.00
     0     0      348.00      493.00        0.00
     0     0      350.00      496.00        0.00
     0     0      352.00      499.00        0.00
     0     0      355.00      503.00        0.00
     0     0      357.00      507.00        0.00
     0     0      360.00      510.00        0.00
     0     0      362.00      513.00        0.00
     0     0      365.00      517.00        0.00
     0     0      367.00      520.00        0.00
     0     0      370.00      523.00        0.00
     0     0      373.00      526.00        0.00
     0     0      375.00      529.00        0.00
     0     0      378.00      533.00        0.00
     0     0      381.00      537.00        0.00
     0     0      384.00      541.00        0.00
     0     0      387.00      544.00        0.00
     0     0      392.00      551.00        0.00
     0     0      394.00      555.00        0.00
     0     0      396.00      558.00        0.00
     0     0      400.00      564.00        0.00
     0     0      403.00      568.00        0.00
     0     0      407.00      572.00        0.00
     0     0      412.00      578.00        0.00
     0     0      415.00      582.00        0.00
     0     0      418.00      585.00        0.00
     0     0      423.00      591.00        0.00
     0     0      425.00      595.00        0.00
     0     0      428.00      598.00        0.00
     0     0      432.00      604.00        0.00
     0     0      435.00      608.00        0.00
     0     0      438.00      612.00        0.00
     0     0      442.00      617.00        0.00
     0     0      444.00      621.00        0.00
     0     0      447.00      624.00        0.00
     0     0      450.00      628.00        0.00
     0     0      451.00      631.00        0.00
     0     0      453.00      634.00        0.00
     0     0      456.00      637.00        0.00
     0     0      472.00      652.00        0.00
     0     0      476.00      658.00        0.00
     0     0      478.00      661.00        0.00
     0     0      481.00      663.00        0.00
     0     0      484.00      666.00        0.00
     0     0      486.00      669.00        0.00
     0     0      489.00      672.00        0.00
     0     0      492.00      674.00        0.00
     0     0      494.00      677.00        0.00
     0     0      496.00      680.00        0.00
     0     0      499.00      682.00        0.00
     0     0      502.00      685.00        0.00
     0     0      505.00      688.00        0.00
     0     0      508.00      690.00        0.00
     0     0      511.00      693.00        0.00
     0     0      514.00      695.00        0.00
     0     0      517.00      698.00        0.00
     0     0      520.00      700.00        0.00
     0     0      523.00      703.00        0.00
     0     0      526.00      705.00        0.00
     0     0      529.00      708.00        0.00
     0     0      532.00      711.00        0.00
     0     0      535.00      713.00        0.00
     0     0      538.00      716.00        0.00
     0     0      541.00      719.00        0.00
     0     0      544.00      721.00        0.00
     0     0      547.00      724.00        0.00
     0     0      550.00      726.00        0.00
     0     0      553.00      729.00        0.00
     0     0      556.00      732.00        0.00
     0     0      559.00      735.00        0.00
     0     0      562.00      738.00        0.00
     0     0      564.00      741.00        0.00
     0     0      566.00      744.00        0.00
     0     0      569.00      747.00        0.00
     0     0      570.00      750.00        0.00
     0     0      572.00      753.00        0.00
     0     0      574.00      756.00        0.00
     0     0      575.00      759.00        0.00
     0     0      576.00      762.00        0.00
     0     0      577.00      765.00        0.00
     0     0      579.00      768.00        0.00
     0     0      580.00      771.00        0.00
     0     0      581.00      774.00        0.00
     0     0      582.00      777.00        0.00
     0     0      583.00      780.00        0.00
     0     0      584.00      783.00        0.00
     0     0      585.00      786.00        0.00
     0     0      585.00      790.00        0.00
     0     0      586.00      793.00        0.00
     0     0      586.00      797.00        0.00
     0     0      586.00      801.00        0.00
     0     0      587.00      804.00        0.00
     0     0      587.00      808.00        0.00
     0     0      587.00      812.00        0.00
     0     0      587.00      816.00        0.00
     0     0      586.00      819.00        0.00
     0     0      585.00      822.00        0.00
     0     0      584.00      825.00        0.00
     0     0      582.00      828.00        0.00
     1     0      436.67      762.00        0.00
     1     0      435.33      765.33        0.00
     1     0      432.67      768.00        0.00
     1     0      429.33      768.67        0.00
     1     0      426.00      768.00        0.00
     1     0      424.00      765.33        0.00
     1     0      422.00      762.67        0.00
     1     0      420.67      759.33        0.00
     1     0      420.00      756.00        0.00
     1     0      420.67      752.67        0.00
     1     0      424.00      751.33        0.00
     1     0      427.33      750.00        0.00
     1     0      430.67      750.67        0.00
     1     0      432.67      753.33        0.00
     1     0      435.33      755.33        0.00
     1     1      349.33      679.33        0.00
     1     1      346.67      681.33        0.00
     1     1      343.33      680.67        0.00
     1     1      341.33      677.33        0.00
     1     1      340.67      674.00        0.00
     1     1      341.33      670.67        0.00
     1     1      344.67      670.00        0.00
     1     1      348.00      671.33        0.00
     1     1      350.67      674.00        0.00
     1     2      245.33      546.00        0.00
     1     2      244.00      549.33        0.00
     1     2      240.67      550.00        0.00
     1     2      237.33      549.33        0.00
     1     2      234.67      546.67        0.00
     1     2      233.33      543.33        0.00
     1     2      232.00      540.00        0.00
     1     2      232.00      536.67        0.00
     1     2      234.67      534.67        0.00
     1     2      238.00      534.00        0.00
     1     2      241.33      535.33        0.00
     1     2      244.00      537.33        0.00
     1     3     1010.33      697.67        0.00
     1     3     1011.00      701.00        0.00
     1     3     1008.33      703.00        0.00
     1     3     1005.00      703.67        0.00
     1     3     1001.67      704.33        0.00
     1     3      998.33      703.00        0.00
     1     3      996.33      700.33        0.00
     1     3      994.33      697.67        0.00
     1     3      993.67      694.33        0.00
     1     3      993.67      691.00        0.00
     1     3      996.33      688.33        0.00
     1     3      999.67      687.67        0.00
     1     3     1003.00      687.67        0.00
     1     3     1006.33      689.00        0.00
     1     4      685.33      798.67        0.00
     1     4      683.33      801.33        0.00
     1     4      680.00      801.33        0.00
     1     4      677.33      799.33        0.00
     1     4      674.67      797.33        0.00
     1     4      672.67      794.67        0.00
     1     4      672.67      791.33        0.00
     1     4      673.33      788.00        0.00
     1     4      676.00      785.33        0.00
     1     4      679.33      784.00        0.00
     1     4      682.67      784.00        0.00
     1     4      686.00      785.33        0.00
     1     4      688.00      788.00        0.00
     1     4      688.67      791.33        0.00
     1     5      659.33      778.00        0.00
     1     5      662.00      780.00        0.00
     1     5      663.33      783.33        0.00
     1     5      664.00      786.67        0.00
     1     5      662.00      789.33        0.00
     1     5      659.33      791.33        0.00
     1     5      656.00      792.00        0.00
     1     5      653.33      790.00        0.00
     1     5      650.67      788.00        0.00
     1     5      648.67      785.33        0.00
     1     5      648.67      782.00        0.00
     1     5      648.67      778.67        0.00
     1     5      650.00      775.33        0.00
     1     5      653.33      774.67        0.00
     1     6      610.00      720.67        0.00
     1     6      610.00      724.00        0.00
     1     6      606.67      725.33        0.00
     1     6      603.33      724.00        0.00
     1     6      601.33      721.33        0.00
     1     6      599.33      718.67        0.00
     1     6      599.33      715.33        0.00
     1     6      601.33      712.67        0.00
     1     6      604.67      712.67        0.00
     1     6      608.00      713.33        0.00
