     0     0      707.00        0.00        0.00
     0     0      710.00        1.00        0.00
     0     0      711.00        4.00        0.00
     0     0      712.00        7.00        0.00
     0     0      713.00       10.00        0.00
     0     0      715.00       13.00        0.00
     0     0      716.00       16.00        0.00
     0     0      717.00       19.00        0.00
     0     0      718.00       23.00        0.00
     0     0      719.00       26.00        0.00
     0     0      720.00       29.00        0.00
     0     0      721.00       33.00        0.00
     0     0      722.00       37.00        0.00
     0     0      723.00       40.00        0.00
     0     0      723.00       44.00        0.00
     0     0      724.00       47.00        0.00
     0     0      725.00       50.00        0.00
     0     0      725.00       54.00        0.00
     0     0      725.00       58.00        0.00
     0     0      725.00       62.00        0.00
     0     0      726.00       65.00        0.00
     0     0      726.00       69.00        0.00
     0     0      726.00       73.00        0.00
     0     0      727.00       76.00        0.00
     0     0      727.00       80.00        0.00
     0     0      728.00       83.00        0.00
     0     0      728.00       87.00        0.00
     0     0      728.00       91.00        0.00
     0     0      729.00       94.00        0.00
     0     0      729.00       98.00        0.00
     0     0      729.00      102.00        0.00
     0     0      730.00      105.00        0.00
     0     0      731.00      109.00        0.00
     0     0      731.00      113.00        0.00
     0     0      731.00      117.00        0.00
     0     0      732.00      120.00        0.00
     0     0      732.00      124.00        0.00
     0     0      733.00      127.00        0.00
     0     0      733.00      131.00        0.00
     0     0      733.00      135.00        0.00
     0     0      733.00      139.00        0.00
     0     0      733.00      143.00        0.00
     0     0      734.00      146.00        0.00
     0     0      734.00      150.00        0.00
     0     0      734.00      154.00        0.00
     0     0      734.00      158.00        0.00
     0     0      735.00      161.00        0.00
     0     0      735.00      165.00        0.00
     0     0      735.00      169.00        0.00
     0     0      735.00      173.00        0.00
     0     0      736.00      176.00        0.00
     0     0      737.00      179.00        0.00
     0     0      738.00      183.00        0.00
     0     0      739.00      186.00        0.00
     0     0      740.00      190.00        0.00
     0     0      740.00      195.00        0.00
     0     0      740.00      199.00        0.00
     0     0      739.00      202.00        0.00
     0     0      738.00      205.00        0.00
     0     0      737.00      208.00        0.00
     0     0      737.00      212.00        0.00
     0     0      737.00      216.00        0.00
     0     0      736.00      219.00        0.00
     0     0      736.00      223.00        0.00
     0     0      735.00      226.00        0.00
     0     0      735.00      230.00        0.00
     0     0      735.00      234.00        0.00
     0     0      735.00      238.00        0.00
     0     0      736.00      241.00        0.00
     0     0      737.00      245.00        0.00
     0     0      737.00      249.00        0.00
     0     0      738.00      252.00        0.00
     0     0      739.00      255.00        0.00
     0     0      739.00      259.00        0.00
     0     0      739.00      263.00        0.00
     0     0      740.00      266.00        0.00
     0     0      741.00      269.00        0.00
     0     0      741.00      274.00        0.00
     0     0      741.00      278.00        0.00
     0     0      741.00      282.00        0.00
     0     0      741.00      286.00        0.00
     0     0      742.00      289.00        0.00
     0     0      742.00      293.00        0.00
     0     0      743.00      297.00        0.00
     0     0      743.00      301.00        0.00
     0     0      744.00      304.00        0.00
     0     0      745.00      307.00        0.00
     0     0      746.00      310.00        0.00
     0     0      746.00      314.00        0.00
     0     0      746.00      318.00        0.00
     0     0      746.00      322.00        0.00
     0     0      746.00      326.00        0.00
     0     0      746.00      330.00        0.00
     0     0      747.00      334.00        0.00
     0     0      748.00      338.00        0.00
     0     0      749.00      341.00        0.00
     0     0      750.00      344.00        0.00
     0     0      752.00      347.00        0.00
     0     0      754.00      351.00        0.00
     0     0      758.00      358.00        0.00
     0     0      761.00      362.00        0.00
     0     0      765.00      366.00        0.00
     0     0      770.00      372.00        0.00
     0     0      772.00      377.00        0.00
     0     0      775.00      380.00        0.00
     0     0      777.00      383.00        0.00
     0     0      779.00      386.00        0.00
     0     0      782.00      390.00        0.00
     0     0      784.00      393.00        0.00
     0     0      785.00      396.00        0.00
     0     0      787.00      399.00        0.00
     0     0      790.00      401.00        0.00
     0     0      793.00      402.00        0.00
     0     0      797.00      402.00        0.00
     0     0      801.00      402.00        0.00
     0     0      804.00      403.00        0.00
     0     0      808.00      403.00        0.00
     0     0      812.00      403.00        0.00
     0     0      816.00      403.00        0.00
     0     0      820.00      403.00        0.00
     0     0      823.00      402.00        0.00
     0     0      827.00      402.00        0.00
     0     0      830.00      400.00        0.00
     0     0      833.00      399.00        0.00
     0     0      836.00      398.00        0.00
     0     0      839.00      395.00        0.00
     0     0      841.00      392.00        0.00
     0     0      844.00      390.00        0.00
     0     0      846.00      387.00        0.00
     0     0      847.00      383.00        0.00
     0     0      850.00      377.00        0.00
     0     0      853.00      373.00        0.00
     0     0      854.00      368.00        0.00
     0     0      855.00      361.00        0.00
     0     0      856.00      355.00        0.00
     0     0      856.00      349.00        0.00
     0     0      857.00      343.00        0.00
     0     0      858.00      339.00        0.00
     0     0      858.00      335.00        0.00
     0     0      858.00      331.00        0.00
     0     0      858.00      327.00        0.00
     0     0      858.00      323.00        0.00
     0     0      858.00      319.00        0.00
     0     0      859.00      315.00        0.00
     0     0      859.00      311.00        0.00
     0     0      859.00      306.00        0.00
     0     0      859.00      302.00        0.00
     0     0      859.00      295.00        0.00
     0     0      858.00      291.00        0.00
     0     0      858.00      286.00        0.00
     0     0      857.00      280.00        0.00
     0     0      857.00      275.00        0.00
     0     0      856.00      270.00        0.00
     0     0      855.00      266.00        0.00
     0     0      853.00      261.00        0.00
     0     0      852.00      258.00        0.00
     0     0      850.00      252.00        0.00
     0     0      849.00      248.00        0.00
     0     0      847.00      245.00        0.00
     0     0      844.00      239.00        0.00
     0     0      843.00      236.00        0.00
     0     0      842.00      231.00        0.00
     0     0      840.00      228.00        0.00
     0     0      839.00      225.00        0.00
     0     0      838.00      222.00        0.00
     0     0      836.00      219.00        0.00
     0     0      835.00      216.00        0.00
     0     0      835.00      212.00        0.00
     0     0      834.00      209.00        0.00
     0     0      833.00      205.00        0.00
     0     0      833.00      200.00        0.00
     0     0      832.00      194.00        0.00
     0     0      831.00      191.00        0.00
     0     0      831.00      187.00        0.00
     0     0      829.00      181.00        0.00
     0     0      829.00      177.00        0.00
     0     0      829.00      173.00        0.00
     0     0      828.00      168.00        0.00
     0     0      828.00      164.00        0.00
     0     0      828.00      159.00        0.00
     0     0      828.00      154.00        0.00
     0     0      828.00      150.00        0.00
     0     0      827.00      147.00        0.00
     0     0      825.00      141.00        0.00
     0     0      824.00      138.00        0.00
     0     0      823.00      135.00        0.00
     0     0      822.00      131.00        0.00
     0     0      821.00      126.00        0.00
     0     0      819.00      120.00        0.00
     0     0      818.00      115.00        0.00
     0     0      817.00      109.00        0.00
     0     0      816.00      105.00        0.00
     0     0      814.00       99.00        0.00
     0     0      814.00       94.00        0.00
     0     0      814.00       89.00        0.00
     0     0      813.00       82.00        0.00
     0     0      813.00       75.00        0.00
     0     0      815.00       70.00        0.00
     0     0      815.00       66.00        0.00
     0     0      815.00       62.00        0.00
     0     0      815.00       55.00        0.00
     0     0      815.00       51.00        0.00
     0     0      814.00       48.00        0.00
     0     0      813.00       43.00        0.00
     0     0      812.00       39.00        0.00
     0     0      812.00       35.00        0.00
     0     0      812.00       31.00        0.00
     0     0      810.00       28.00        0.00
     0     0      809.00       24.00        0.00
     0     0      809.00       20.00        0.00
     0     0      808.00       17.00        0.00
     0     0      807.00       14.00        0.00
     0     0      806.00       11.00        0.00
     0     0      805.00        7.00        0.00
     0     0      805.00        3.00        0.00
     0     1      388.00        2.67        0.00
     0     1      388.67        6.00        0.00
     0     1      390.67        9.33        0.00
     0     1      391.33       12.67        0.00
     0     1      393.33       16.00        0.00
     0     1      394.00       19.33        0.00
     0     1      395.33       22.67        0.00
     0     1      397.33       26.00        0.00
     0     1      399.33       29.33        0.00
     0     1      400.67       32.67        0.00
     0     1      402.67       36.00        0.00
     0     1      403.33       39.33        0.00
     0     1      405.33       42.00        0.00
     0     1      407.33       44.67        0.00
     0     1      408.67       48.00        0.00
     0     1      409.33       51.33        0.00
     0     1      410.00       54.67        0.00
     0     1      411.33       58.00        0.00
     0     1      412.00       61.33        0.00
     0     1      413.33       64.67        0.00
     0     1      414.00       68.00        0.00
     0     1      414.00       71.33        0.00
     0     1      415.33       74.67        0.00
     0     1      416.00       78.00        0.00
     0     1      417.33       81.33        0.00
     0     1      418.67       84.67        0.00
     0     1      420.67       87.33        0.00
     0     1      422.00       90.67        0.00
     0     1      424.67       93.33        0.00
     0     1      426.67       96.67        0.00
     0     1      428.00      100.00        0.00
     0     1      429.33      103.33        0.00
     0     1      430.67      106.67        0.00
     0     1      432.00      110.00        0.00
     0     1      433.33      113.33        0.00
     0     1      434.67      116.67        0.00
     0     1      436.67      120.00        0.00
     0     1      438.00      123.33        0.00
     0     1      439.33      126.67        0.00
     0     1      441.33      130.00        0.00
     0     1      442.00      133.33        0.00
     0     1      443.33      136.67        0.00
     0     1      444.67      140.00        0.00
     0     1      445.33      143.33        0.00
     0     1      446.67      146.67        0.00
     0     1      447.33      150.00        0.00
     0     1      448.67      153.33        0.00
     0     1      450.00      156.67        0.00
     0     1      450.67      160.00        0.00
     0     1      462.00      178.33        0.00
     0     1      462.67      185.00        0.00
     0     1      464.67      187.67        0.00
     0     1      465.33      191.00        0.00
     0     1      466.67      194.33        0.00
     0     1      467.33      197.67        0.00
     0     1      469.33      201.67        0.00
     0     1      470.67      205.00        0.00
     0     1      470.67      208.33        0.00
     0     1      472.67      212.33        0.00
     0     1      474.67      215.67        0.00
     0     1      477.33      218.33        0.00
     0     1      479.33      221.00        0.00
     0     1      482.00      223.67        0.00
     0     1      484.67      227.00        0.00
     0     1      486.67      229.67        0.00
     0     1      489.33      231.67        0.00
     0     1      492.00      233.67        0.00
     0     1      494.67      235.67        0.00
     0     1      497.33      237.67        0.00
     0     1      500.00      240.33        0.00
     0     1      504.67      243.67        0.00
     0     1      508.00      246.33        0.00
     0     1      510.67      248.33        0.00
     0     1      513.33      250.33        0.00
     0     1      516.67      252.33        0.00
     0     1      520.00      253.00        0.00
     0     1      524.00      255.67        0.00
     0     1      528.00      257.67        0.00
     0     1      530.67      259.67        0.00
     0     1      534.67      262.33        0.00
     0     1      538.00      264.33        0.00
     0     1      540.67      266.33        0.00
     0     1      543.33      268.33        0.00
     0     1      546.67      269.67        0.00
     0     1      549.33      271.67        0.00
     0     1      552.67      273.67        0.00
     0     1      557.33      276.33        0.00
     0     1      560.00      278.33        0.00
     0     1      562.67      280.33        0.00
     0     1      566.67      282.33        0.00
     0     1      569.33      284.33        0.00
     0     1      572.67      286.33        0.00
     0     1      576.00      288.33        0.00
     0     1      578.67      290.33        0.00
     0     1      581.33      292.33        0.00
     0     1      584.00      294.33        0.00
     0     1      587.33      297.00        0.00
     0     1      589.33      299.67        0.00
     0     1      592.00      301.67        0.00
     0     1      594.67      303.67        0.00
     0     1      597.33      305.67        0.00
     0     1      600.00      307.67        0.00
     0     1      602.67      309.67        0.00
     0     1      604.67      312.33        0.00
     0     1      608.00      314.33        0.00
     0     1      610.67      316.33        0.00
     0     1      613.33      318.33        0.00
     0     1      616.00      321.00        0.00
     0     1      618.67      323.00        0.00
     0     1      621.33      325.00        0.00
     0     1      623.33      327.67        0.00
     0     1      626.00      329.67        0.00
     0     1      628.67      331.67        0.00
     0     1      631.33      333.67        0.00
     0     1      634.00      335.67        0.00
     0     1      636.67      337.67        0.00
     0     1      639.33      339.67        0.00
     0     1      642.00      342.33        0.00
     0     1      644.67      345.00        0.00
     0     1      646.67      347.67        0.00
     0     1      648.67      351.00        0.00
     0     1      650.67      353.67        0.00
     0     1      652.67      357.00        0.00
     0     1      654.67      359.67        0.00
     0     1      656.67      363.00        0.00
     0     1      658.67      365.67        0.00
     0     1      660.00      369.00        0.00
     0     1      661.33      372.33        0.00
     0     1      663.33      375.67        0.00
     0     1      664.00      379.00        0.00
     0     1      665.33      382.33        0.00
     0     1      667.33      385.00        0.00
     0     1      668.67      388.33        0.00
     0     1      678.67      414.67        0.00
     0     1      679.33      421.33        0.00
     0     1      680.00      424.67        0.00
     0     1      680.67      428.00        0.00
     0     1      682.00      432.00        0.00
     0     1      682.67      435.33        0.00
     0     1      684.00      438.67        0.00
     0     1      684.67      442.00        0.00
     0     1      685.33      446.00        0.00
     0     1      686.00      449.33        0.00
     0     1      687.33      452.67        0.00
     0     1      688.00      456.00        0.00
     0     1      689.33      459.33        0.00
     0     1      690.67      462.67        0.00
     0     1      691.33      466.00        0.00
     0     1      692.67      469.33        0.00
     0     1      694.67      472.00        0.00
     0     1      696.67      475.33        0.00
     0     1      698.00      478.67        0.00
     0     1      699.33      482.00        0.00
     0     1      701.33      485.33        0.00
     0     1      703.33      488.67        0.00
     0     1      705.33      492.67        0.00
     0     1      707.33      496.67        0.00
     0     1      708.67      500.67        0.00
     0     1      710.00      504.67        0.00
     0     1      710.67      508.67        0.00
     0     1      710.67      512.00        0.00
     0     1      712.00      515.33        0.00
     0     1      712.67      518.67        0.00
     0     1      714.00      522.00        0.00
     0     1      715.33      526.00        0.00
     0     1      717.33      528.67        0.00
     0     1      718.67      532.00        0.00
     0     1      720.67      535.33        0.00
     0     1      722.00      538.67        0.00
     0     1      723.33      542.00        0.00
     0     1      724.67      545.33        0.00
     0     1      726.67      548.67        0.00
     0     1      727.33      552.00        0.00
     0     1      728.00      555.33        0.00
     0     1      728.67      558.67        0.00
     0     1      729.33      562.00        0.00
     0     1      730.67      565.33        0.00
     0     1      732.00      568.67        0.00
     0     1      733.33      572.00        0.00
     0     1      734.67      576.00        0.00
     0     1      736.00      579.33        0.00
     0     1      738.00      583.33        0.00
     0     1      739.33      586.67        0.00
     0     1      740.67      590.00        0.00
     0     1      742.67      592.67        0.00
     0     1      744.00      596.00        0.00
     0     1      744.67      599.33        0.00
     0     1      746.67      602.67        0.00
     0     1      747.33      606.00        0.00
     0     1      749.33      608.67        0.00
     0     1      751.33      612.00        0.00
     0     1      752.00      615.33        0.00
     0     1      752.67      618.67        0.00
     0     1      754.67      622.00        0.00
     0     1      755.33      626.00        0.00
     0     1      756.00      629.33        0.00
     0     1      756.67      632.67        0.00
     0     1      756.67      636.00        0.00
     0     1      756.67      639.33        0.00
     0     1      757.33      642.67        0.00
     0     1      758.00      646.00        0.00
     0     1      758.67      649.33        0.00
     0     1      759.33      652.67        0.00
     0     1      760.67      656.00        0.00
     0     1      761.33      659.33        0.00
     0     1      762.00      662.67        0.00
     0     1      766.00      682.00        0.00
     0     1      769.33      687.33        0.00
     0     1      771.33      690.67        0.00
     0     1      772.67      694.00        0.00
     0     1      774.00      697.33        0.00
     0     1      775.33      700.67        0.00
     0     1      777.33      704.00        0.00
     0     1      778.67      707.33        0.00
     0     1      780.00      710.67        0.00
     0     1      782.00      714.00        0.00
     0     1      783.33      717.33        0.00
     0     1      784.67      720.67        0.00
     0     1      786.00      724.00        0.00
     0     1      787.33      727.33        0.00
     0     1      788.67      730.67        0.00
     0     1      790.00      734.00        0.00
     0     1      792.00      737.33        0.00
     0     1      793.33      740.67        0.00
     0     1      794.67      744.00        0.00
     0     1      796.67      747.33        0.00
     0     1      798.67      750.00        0.00
     0     1      799.33      753.33        0.00
     0     1      801.33      756.67        0.00
     0     1      802.00      760.00        0.00
     0     1      802.67      763.33        0.00
     0     1      802.67      766.67        0.00
     0     1      803.33      770.00        0.00
     0     1      804.00      773.33        0.00
     0     1      804.00      776.67        0.00
     0     1      804.67      780.00        0.00
     0     1      804.67      783.33        0.00
     0     1      804.00      786.67        0.00
     0     1      802.67      790.00        0.00
     0     1      801.33      793.33        0.00
     0     1      799.33      796.00        0.00
     0     1      797.33      798.67        0.00
     0     1      795.33      801.33        0.00
     0     1      793.33      804.00        0.00
     0     1      791.33      806.67        0.00
     0     1      788.67      809.33        0.00
     0     1      786.00      811.33        0.00
     0     1      783.33      814.00        0.00
     0     1      780.00      815.33        0.00
     0     1      776.67      817.33        0.00
     0     1      773.33      818.67        0.00
     0     1      770.00      818.67        0.00
     0     1      766.67      819.33        0.00
     0     1      763.33      819.33        0.00
     0     1      760.00      819.33        0.00
     0     1      756.67      819.33        0.00
     0     1      753.33      819.33        0.00
     0     1      750.00      819.33        0.00
     0     1      746.67      819.33        0.00
     0     1      743.33      820.00        0.00
     0     1      740.00      820.00        0.00
     0     1      736.67      820.00        0.00
     0     1      733.33      820.00        0.00
     0     1      730.00      820.00        0.00
     0     1      726.67      820.00        0.00
     0     1      723.33      820.00        0.00
     0     1      720.00      819.33        0.00
     0     1      716.67      818.67        0.00
     0     1      713.33      817.33        0.00
     0     1      710.00      816.00        0.00
     0     1      706.67      815.33        0.00
     0     1      703.33      814.67        0.00
     0     1      700.67      812.67        0.00
     0     1      697.33      810.67        0.00
     0     1      694.00      810.00        0.00
     0     1      690.67      808.67        0.00
     0     1      687.33      808.00        0.00
     0     1      684.00      806.67        0.00
     0     1      680.67      806.00        0.00
     0     1      677.33      804.67        0.00
     0     1      674.00      803.33        0.00
     0     1      662.33      796.00        0.00
     0     1      658.33      793.33        0.00
     0     1      655.67      791.33        0.00
     0     1      653.00      788.67        0.00
     0     1      650.33      786.67        0.00
     0     1      647.67      784.67        0.00
     0     1      645.00      782.67        0.00
     0     1      643.00      780.00        0.00
     0     1      641.00      776.67        0.00
     0     1      639.00      774.00        0.00
     0     1      637.00      771.33        0.00
     0     1      634.33      768.67        0.00
     0     1      632.33      765.33        0.00
     0     1      630.33      762.00        0.00
     0     1      629.00      758.67        0.00
     0     1      627.00      756.00        0.00
     0     1      624.33      753.33        0.00
     0     1      622.33      750.67        0.00
     0     1      620.33      747.33        0.00
     0     1      618.33      744.00        0.00
     0     1      617.00      740.67        0.00
     0     1      614.33      738.00        0.00
     0     1      612.33      734.67        0.00
     0     1      609.67      732.00        0.00
     0     1      608.33      728.67        0.00
     0     1      605.67      726.00        0.00
     0     1      604.33      722.67        0.00
     0     1      602.33      720.00        0.00
     0     1      600.33      717.33        0.00
     0     1      598.33      714.67        0.00
     0     1      596.33      711.33        0.00
     0     1      593.67      709.33        0.00
     0     1      591.00      706.67        0.00
     0     1      588.33      704.67        0.00
     0     1      585.67      702.00        0.00
     0     1      583.67      699.33        0.00
     0     1      581.00      696.67        0.00
     0     1      579.00      693.33        0.00
     0     1      577.00      690.00        0.00
     0     1      575.00      687.33        0.00
     0     1      573.00      684.67        0.00
     0     1      571.67      681.33        0.00
     0     1      569.00      678.67        0.00
     0     1      567.00      676.00        0.00
     0     1      565.00      673.33        0.00
     0     1      562.33      670.67        0.00
     0     1      560.33      668.00        0.00
     0     1      557.67      666.00        0.00
     0     1      555.00      664.00        0.00
     0     1      552.33      662.00        0.00
     0     1      549.67      660.00        0.00
     0     1      547.00      658.00        0.00
     0     1      544.33      656.00        0.00
     0     1      541.67      654.00        0.00
     0     1      539.67      650.67        0.00
     0     1      538.33      647.33        0.00
     0     1      536.33      644.00        0.00
     0     1      535.00      640.67        0.00
     0     1      534.33      637.33        0.00
     0     1      533.67      634.00        0.00
     0     1      533.00      630.67        0.00
     0     1      532.33      627.33        0.00
     0     1      531.00      624.00        0.00
     0     1      530.33      620.67        0.00
     0     1      529.00      617.33        0.00
     0     1      528.33      614.00        0.00
     0     1      527.00      610.67        0.00
     0     1      525.67      607.33        0.00
     0     1      524.33      604.00        0.00
     0     1      522.33      600.67        0.00
     0     1      521.00      597.33        0.00
     0     1      519.67      594.00        0.00
     0     1      518.33      590.67        0.00
     0     1      518.33      587.33        0.00
     0     1      518.33      584.00        0.00
     0     1      518.33      580.67        0.00
     0     1      519.00      577.33        0.00
     0     1      519.00      574.00        0.00
     0     1      517.67      570.67        0.00
     0     1      517.00      567.33        0.00
     0     1      515.00      564.00        0.00
     0     1      513.67      560.67        0.00
     0     1      512.33      557.33        0.00
     0     1      511.00      554.00        0.00
     0     1      509.67      550.67        0.00
     0     1      508.33      547.33        0.00
     0     1      507.00      544.00        0.00
     0     1      505.67      540.67        0.00
     0     1      503.67      537.33        0.00
     0     1      501.67      534.67        0.00
     0     1      499.67      530.67        0.00
     0     1      498.33      527.33        0.00
     0     1      497.67      524.00        0.00
     0     1      497.67      520.67        0.00
     0     1      493.67      502.67        0.00
     0     1      493.67      499.33        0.00
     0     1      493.67      496.00        0.00
     0     1      493.67      492.67        0.00
     0     1      493.67      489.33        0.00
     0     1      493.67      486.00        0.00
     0     1      493.67      482.67        0.00
     0     1      493.67      479.33        0.00
     0     1      493.67      476.00        0.00
     0     1      493.00      472.67        0.00
     0     1      492.33      469.33        0.00
     0     1      492.33      466.00        0.00
     0     1      491.00      462.67        0.00
     0     1      489.67      459.33        0.00
     0     1      488.33      456.00        0.00
     0     1      487.00      452.67        0.00
     0     1      485.00      449.33        0.00
     0     1      484.33      446.00        0.00
     0     1      483.67      442.67        0.00
     0     1      483.00      439.33        0.00
     0     1      482.33      436.00        0.00
     0     1      481.67      432.67        0.00
     0     1      480.33      429.33        0.00
     0     1      479.67      426.00        0.00
     0     1      477.67      422.67        0.00
     0     1      476.33      419.33        0.00
     0     1      475.00      416.00        0.00
     0     1      473.67      412.67        0.00
     0     1      472.33      409.33        0.00
     0     1      470.33      406.00        0.00
     0     1      469.00      402.67        0.00
     0     1      467.67      399.33        0.00
     0     1      466.33      396.00        0.00
     0     1      465.67      392.67        0.00
     0     1      465.00      389.33        0.00
     0     1      464.33      386.00        0.00
     0     1      463.67      382.67        0.00
     0     1      462.33      379.33        0.00
     0     1      461.67      376.00        0.00
     0     1      460.33      372.67        0.00
     0     1      459.67      369.33        0.00
     0     1      459.00      366.00        0.00
     0     1      458.33      362.67        0.00
     0     1      457.00      359.33        0.00
     0     1      455.67      356.00        0.00
     0     1      454.33      352.67        0.00
     0     1      453.00      349.33        0.00
     0     1      451.67      346.00        0.00
     0     1      450.33      342.67        0.00
     0     1      449.67      339.33        0.00
     0     1      429.00      324.67        0.00
     0     1      424.33      319.33        0.00
     0     1      422.33      316.67        0.00
     0     1      420.33      314.00        0.00
     0     1      418.33      311.33        0.00
     0     1      416.33      308.00        0.00
     0     1      413.67      304.67        0.00
     0     1      411.67      302.00        0.00
     0     1      407.67      297.33        0.00
     0     1      404.33      294.00        0.00
     0     1      401.00      290.67        0.00
     0     1      397.67      288.00        0.00
     0     1      393.67      285.33        0.00
     0     1      390.33      282.67        0.00
     0     1      386.33      279.33        0.00
     0     1      383.67      276.67        0.00
     0     1      381.00      274.00        0.00
     0     1      377.67      272.00        0.00
     0     1      375.00      269.33        0.00
     0     1      372.33      266.67        0.00
     0     1      369.00      263.33        0.00
     0     1      366.33      259.33        0.00
     0     1      364.33      256.67        0.00
     0     1      362.33      254.00        0.00
     0     1      360.33      250.67        0.00
     0     1      358.33      248.00        0.00
     0     1      356.33      244.67        0.00
     0     1      353.67      242.00        0.00
     0     1      351.00      240.00        0.00
     0     1      348.33      237.33        0.00
     0     1      345.67      235.33        0.00
     0     1      343.00      233.33        0.00
     0     1      340.33      231.33        0.00
     0     1      337.00      229.33        0.00
     0     1      333.67      227.33        0.00
     0     1      330.33      225.33        0.00
     0     1      327.67      223.33        0.00
     0     1      325.00      221.33        0.00
     0     1      322.33      219.33        0.00
     0     1      319.67      217.33        0.00
     0     1      317.00      214.67        0.00
     0     1      314.33      212.67        0.00
     0     1      311.00      208.67        0.00
     0     1      309.00      206.00        0.00
     0     1      306.33      203.33        0.00
     0     1      303.67      200.67        0.00
     0     1      301.67      198.00        0.00
     0     1      299.00      195.33        0.00
     0     1      297.00      192.67        0.00
     0     1      294.33      190.00        0.00
     0     1      291.67      188.00        0.00
     0     1      289.67      185.33        0.00
     0     1      287.67      182.67        0.00
     0     1      285.00      180.00        0.00
     0     1      282.33      178.00        0.00
     0     1      279.67      175.33        0.00
     0     1      277.00      173.33        0.00
     0     1      273.67      171.33        0.00
     0     1      271.00      168.67        0.00
     0     1      268.33      166.67        0.00
     0     1      265.00      164.67        0.00
     0     1      261.00      162.67        0.00
     0     1      258.33      160.67        0.00
     0     1      255.67      158.00        0.00
     0     1      253.00      156.00        0.00
     0     1      251.00      153.33        0.00
     0     1      249.00      150.67        0.00
     0     1      246.33      147.33        0.00
     0     1      243.67      145.33        0.00
     0     1      242.33      142.00        0.00
     0     1      239.67      139.33        0.00
     0     1      237.67      136.67        0.00
     0     1      236.33      133.33        0.00
     0     1      234.33      130.67        0.00
     0     1      232.33      127.33        0.00
     0     1      230.33      124.00        0.00
     0     1      228.33      121.33        0.00
     0     1      226.33      118.00        0.00
     0     1      224.33      115.33        0.00
     0     1      222.33      112.67        0.00
     0     1      220.33      109.33        0.00
     0     1      218.33      106.00        0.00
     0     1      216.33      102.67        0.00
     0     1      215.67       99.33        0.00
     0     1      215.67       96.00        0.00
     0     1      215.67       92.67        0.00
     0     1      215.67       89.33        0.00
     0     1      216.33       86.00        0.00
     0     1      216.33       82.67        0.00
     0     1      216.33       79.33        0.00
     0     1      216.33       76.00        0.00
     0     1      217.00       72.67        0.00
     0     1      217.00       69.33        0.00
     0     1      217.67       66.00        0.00
     0     1      218.33       62.67        0.00
     0     1      219.00       59.33        0.00
     0     1      219.67       56.00        0.00
     0     1      219.67       52.67        0.00
     0     1      219.67       49.33        0.00
     0     1      219.67       46.00        0.00
     0     1      219.67       42.67        0.00
     0     1      219.67       39.33        0.00
     0     1      219.00       36.00        0.00
     0     1      219.00       32.67        0.00
     0     1      219.00       29.33        0.00
     0     1      219.00       26.00        0.00
     0     1      219.67       22.67        0.00
     0     1      219.67       19.33        0.00
     0     1      219.67       16.00        0.00
     0     1      220.33       12.67        0.00
     0     1      220.33        9.33        0.00
     0     1      221.00        6.00        0.00
     1     0      232.67      142.67        0.00
     1     0      230.67      140.00        0.00
     1     0      227.33      138.67        0.00
     1     0      225.33      136.00        0.00
     1     0      223.33      132.67        0.00
     1     0      222.67      129.33        0.00
     1     0      224.00      126.00        0.00
     1     0      227.33      125.33        0.00
     1     0      230.67      125.33        0.00
     1     0      233.33      128.00        0.00
     1     0      234.67      131.33        0.00
     1     0      235.33      134.67        0.00
     1     0      236.00      138.00        0.00
     1     1      288.00      196.67        0.00
     1     1      290.00      199.33        0.00
     1     1      290.67      202.67        0.00
     1     1      290.67      206.00        0.00
     1     1      287.33      207.33        0.00
     1     1      284.00      208.00        0.00
     1     1      280.67      206.67        0.00
     1     1      278.67      204.00        0.00
     1     1      277.33      200.67        0.00
     1     1      276.00      197.33        0.00
     1     1      277.33      194.00        0.00
     1     1      280.67      193.33        0.00
     1     2      784.67      395.67        0.00
     1     2      786.00      399.00        0.00
     1     2      787.33      402.33        0.00
     1     2      784.67      404.33        0.00
     1     2      781.33      405.00        0.00
     1     2      778.00      405.00        0.00
     1     2      774.67      404.33        0.00
     1     2      772.00      402.33        0.00
     1     2      769.33      399.67        0.00
     1     2      768.00      396.33        0.00
     1     2      768.00      393.00        0.00
     1     2      769.33      389.67        0.00
     1     2      772.67      389.00        0.00
     1     2      776.00      389.67        0.00
