     0     0      556.00      632.33        0.00
     0     0      552.67      632.33        0.00
     0     0      549.33      634.33        0.00
     0     0      546.00      636.33        0.00
     0     0      542.67      637.67        0.00
     0     0      539.33      639.00        0.00
     0     0      536.00      639.67        0.00
     0     0      532.00      639.67        0.00
     0     0      528.67      639.67        0.00
     0     0      525.33      639.00        0.00
     0     0      522.00      638.33        0.00
     0     0      518.67      637.67        0.00
     0     0      514.67      637.00        0.00
     0     0      511.33      637.00        0.00
     0     0      507.33      637.00        0.00
     0     0      503.33      637.00        0.00
     0     0      500.00      637.67        0.00
     0     0      496.67      639.00        0.00
     0     0      493.33      640.33        0.00
     0     0      490.67      642.33        0.00
     0     0      487.33      643.00        0.00
     0     0      484.00      644.33        0.00
     0     0      480.67      644.33        0.00
     0     0      477.33      644.33        0.00
     0     0      473.33      645.00        0.00
     0     0      469.33      645.00        0.00
     0     0      466.00      645.00        0.00
     0     0      461.33      645.00        0.00
     0     0      458.00      646.33        0.00
     0     0      454.00      647.00        0.00
     0     0      450.00      647.67        0.00
     0     0      446.67      649.00        0.00
     0     0      442.67      649.67        0.00
     0     0      438.67      650.33        0.00
     0     0      435.33      651.00        0.00
     0     0      431.33      651.00        0.00
     0     0      427.33      651.00        0.00
     0     0      424.00      651.00        0.00
     0     0      420.67      651.00        0.00
     0     0      417.33      651.00        0.00
     0     0      413.33      652.33        0.00
     0     0      410.00      653.67        0.00
     0     0      405.33      655.00        0.00
     0     0      401.33      657.00        0.00
     0     0      396.67      659.00        0.00
     0     0      392.67      661.00        0.00
     0     0      389.33      662.33        0.00
     0     0      386.00      663.67        0.00
     0     0      382.67      665.00        0.00
     0     0      378.67      666.33        0.00
     0     0      374.67      667.67        0.00
     0     0      371.33      669.00        0.00
     0     0      367.33      670.33        0.00
     0     0      363.33      671.67        0.00
     0     0      360.00      673.00        0.00
     0     0      356.67      673.67        0.00
     0     0      353.33      675.00        0.00
     0     0      350.00      675.67        0.00
     0     0      346.00      677.00        0.00
     0     0      342.00      677.67        0.00
     0     0      337.33      678.33        0.00
     0     0      332.67      679.67        0.00
     0     0      328.67      680.33        0.00
     0     0      324.67      681.00        0.00
     0     0      321.33      682.33        0.00
     0     0      317.33      683.00        0.00
     0     0      314.00      683.00        0.00
     0     0      309.33      683.67        0.00
     0     0      306.00      683.67        0.00
     0     0      302.67      683.67        0.00
     0     0      298.67      683.67        0.00
     0     0      294.67      683.67        0.00
     0     0      290.67      684.33        0.00
     0     0      286.67      684.33        0.00
     0     0      282.67      685.00        0.00
     0     0      279.33      685.67        0.00
     0     0      276.00      686.33        0.00
     0     0      272.00      687.67        0.00
     0     0      268.00      689.67        0.00
     0     0      263.33      691.00        0.00
     0     0      260.00      691.67        0.00
     0     0      256.00      693.00        0.00
     0     0      252.00      693.67        0.00
     0     0      246.67      695.67        0.00
     0     0      242.00      696.33        0.00
     0     0      238.67      697.00        0.00
     0     0      234.67      697.00        0.00
     0     0      230.00      697.00        0.00
     0     0      226.67      697.00        0.00
     0     0      222.67      697.00        0.00
     0     0      218.67      697.00        0.00
     0     0      214.67      697.00        0.00
     0     0      210.67      697.00        0.00
     0     0      206.67      696.33        0.00
     0     0      202.67      695.67        0.00
     0     0      199.33      694.33        0.00
     0     0      196.00      693.00        0.00
     0     0      192.67      691.67        0.00
     0     0      189.33      689.67        0.00
     0     0      185.33      688.33        0.00
     0     0      182.00      686.33        0.00
     0     0      178.67      685.00        0.00
     0     0      174.00      683.00        0.00
     0     0      170.00      681.00        0.00
     0     0      166.67      679.00        0.00
     0     0      164.00      677.00        0.00
     0     0      161.33      674.33        0.00
     0     0      160.00      671.00        0.00
     0     0      158.00      667.67        0.00
     0     0      157.33      664.33        0.00
     0     0      156.67      659.67        0.00
     0     0      156.00      655.67        0.00
     0     0      155.33      651.67        0.00
     0     0      154.67      648.33        0.00
     0     0      154.67      644.33        0.00
     0     0      154.67      641.00        0.00
     0     0      153.33      637.67        0.00
     0     0      153.33      633.67        0.00
     0     0      153.33      630.33        0.00
     0     0      153.33      626.33        0.00
     0     0      154.67      623.00        0.00
     0     0      155.33      619.67        0.00
     0     0      156.00      616.33        0.00
     0     0      157.33      613.00        0.00
     0     0      159.33      609.00        0.00
     0     0      162.00      606.33        0.00
     0     0      165.33      603.67        0.00
     0     0      168.00      601.67        0.00
     0     0      172.00      600.33        0.00
     0     0      175.33      598.33        0.00
     0     0      178.67      597.00        0.00
     0     0      182.00      596.33        0.00
     0     0      186.00      595.67        0.00
     0     0      190.00      595.67        0.00
     0     0      194.67      595.00        0.00
     0     0      198.00      594.33        0.00
     0     0      202.00      594.33        0.00
     0     0      206.00      593.67        0.00
     0     0      210.67      592.33        0.00
     0     0      214.00      591.67        0.00
     0     0      218.00      591.00        0.00
     0     0      222.00      591.00        0.00
     0     0      226.00      590.33        0.00
     0     0      229.33      589.67        0.00
     0     0      232.67      589.67        0.00
     0     0      236.67      588.33        0.00
     0     0      240.67      586.33        0.00
     0     0      243.33      584.33        0.00
     0     0      247.33      582.33        0.00
     0     0      250.67      581.67        0.00
     0     0      254.00      581.67        0.00
     0     0      258.00      581.00        0.00
     0     0      261.33      580.33        0.00
     0     0      266.00      579.67        0.00
     0     0      270.00      577.67        0.00
     0     0      274.00      575.67        0.00
     0     0      277.33      574.33        0.00
     0     0      282.67      573.67        0.00
     0     0      286.67      573.00        0.00
     0     0      290.00      571.67        0.00
     0     0      294.00      570.33        0.00
     0     0      297.33      569.00        0.00
     0     0      300.00      567.00        0.00
     0     0      303.33      564.33        0.00
     0     0      306.67      562.33        0.00
     0     0      311.33      560.33        0.00
     0     0      316.67      558.33        0.00
     0     0      320.67      557.67        0.00
     0     0      324.67      556.33        0.00
     0     0      330.00      554.33        0.00
     0     0      335.33      554.33        0.00
     0     0      342.00      553.67        0.00
     0     0      345.33      553.00        0.00
     0     0      350.67      553.00        0.00
     0     0      354.00      553.00        0.00
     0     0      358.00      553.67        0.00
     0     0      362.67      554.33        0.00
     0     0      368.00      554.33        0.00
     0     0      372.00      554.33        0.00
     0     0      376.00      553.67        0.00
     0     0      380.00      553.00        0.00
     0     0      384.00      552.33        0.00
     0     0      387.33      551.00        0.00
     0     0      390.67      550.33        0.00
     0     0      394.67      548.33        0.00
     0     0      398.67      547.67        0.00
     0     0      402.00      547.67        0.00
     0     0      405.33      547.00        0.00
     0     0      409.33      545.67        0.00
     0     0      413.33      544.33        0.00
     0     0      417.33      543.67        0.00
     0     0      420.00      541.00        0.00
     0     0      422.67      538.33        0.00
     0     0      426.67      534.33        0.00
     0     0      432.67      529.67        0.00
     0     0      438.67      526.33        0.00
     0     0      443.33      525.00        0.00
     0     0      448.67      525.00        0.00
     0     0      452.67      525.00        0.00
     0     0      456.00      525.00        0.00
     0     0      459.33      525.67        0.00
     0     0      462.67      525.67        0.00
     0     0      466.00      525.67        0.00
     0     0      471.33      525.67        0.00
     0     0      476.67      525.67        0.00
     0     0      480.00      525.67        0.00
     0     0      484.00      525.00        0.00
     0     0      488.00      524.33        0.00
     0     0      492.00      524.33        0.00
     0     0      496.67      523.67        0.00
     0     0      500.00      523.67        0.00
     0     0      504.00      523.00        0.00
     0     0      509.33      523.00        0.00
     0     0      512.67      523.00        0.00
     0     0      516.00      523.00        0.00
     0     0      519.33      523.00        0.00
     0     0      524.00      523.00        0.00
     0     0      528.00      523.00        0.00
     0     0      531.33      523.00        0.00
     0     0      536.00      522.33        0.00
     0     0      539.33      521.67        0.00
     0     0      543.33      521.00        0.00
     0     0      547.33      521.00        0.00
     0     0      552.00      519.67        0.00
     0     0      557.33      518.33        0.00
     0     0      563.33      517.67        0.00
     0     0      570.00      516.33        0.00
     0     0      574.00      515.67        0.00
     0     0      578.67      515.67        0.00
     0     0      582.67      515.67        0.00
     0     0      586.67      516.33        0.00
     0     0      590.67      517.00        0.00
     0     0      594.00      517.67        0.00
     0     0      598.00      517.67        0.00
     0     0      601.33      518.33        0.00
     0     0      605.33      518.33        0.00
     0     0      609.33      518.33        0.00
     0     0      613.33      518.33        0.00
     0     0      618.00      518.33        0.00
     0     0      622.00      518.33        0.00
     0     0      626.00      518.33        0.00
     0     0      630.00      519.00        0.00
     0     0      633.33      520.33        0.00
     0     0      636.67      521.67        0.00
     0     0      640.67      522.33        0.00
     0     0      644.00      523.67        0.00
     0     0      647.33      523.67        0.00
     0     0      651.33      523.67        0.00
     0     0      655.33      523.67        0.00
     0     0      658.67      523.67        0.00
     0     0      664.00      523.67        0.00
     0     0      668.00      524.33        0.00
     0     0      671.33      525.67        0.00
     0     0      674.67      526.33        0.00
     0     0      678.67      527.00        0.00
     0     0      682.00      527.00        0.00
     0     0      686.00      527.00        0.00
     0     0      689.33      527.00        0.00
     0     0      693.33      527.00        0.00
     0     0      696.67      526.33        0.00
     0     0      700.00      525.67        0.00
     0     0      703.33      525.00        0.00
     0     0      706.67      525.00        0.00
     0     0      711.33      525.00        0.00
     0     0      714.67      525.00        0.00
     0     0      718.67      525.00        0.00
     0     0      722.67      525.00        0.00
     0     0      726.67      525.00        0.00
     0     0      730.67      524.33        0.00
     0     0      734.00      524.33        0.00
     0     0      752.67      527.33        0.00
     0     0      757.33      528.00        0.00
     0     0      760.67      528.00        0.00
     0     0      765.33      528.00        0.00
     0     0      768.67      528.67        0.00
     0     0      772.67      528.67        0.00
     0     0      776.00      528.67        0.00
     0     0      780.00      528.00        0.00
     0     0      784.67      528.00        0.00
     0     0      790.00      527.33        0.00
     0     0      794.00      526.67        0.00
     0     0      798.00      526.00        0.00
     0     0      802.67      524.00        0.00
     0     0      806.00      522.67        0.00
     0     0      810.67      520.67        0.00
     0     0      816.00      518.67        0.00
     0     0      820.00      517.33        0.00
     0     0      824.67      516.00        0.00
     0     0      828.00      514.67        0.00
     0     0      832.67      513.33        0.00
     0     0      837.33      512.67        0.00
     0     0      842.67      512.00        0.00
     0     0      848.00      511.33        0.00
     0     0      853.33      511.33        0.00
     0     0      858.67      510.67        0.00
     0     0      864.00      510.00        0.00
     0     0      869.33      510.00        0.00
     0     0      874.00      510.00        0.00
     0     0      878.00      510.00        0.00
     0     0      882.67      510.00        0.00
     0     0      887.33      510.00        0.00
     0     0      892.67      510.00        0.00
     0     0      897.33      510.00        0.00
     0     0      902.67      510.00        0.00
     0     0      907.33      510.00        0.00
     0     0      911.33      509.33        0.00
     0     0      916.00      508.67        0.00
     0     0      920.00      508.00        0.00
     0     0      923.33      507.33        0.00
     0     0      928.00      506.00        0.00
     0     0      932.67      505.33        0.00
     0     0      936.67      504.00        0.00
     0     0      942.67      502.67        0.00
     0     0      947.33      501.33        0.00
     0     0      953.33      500.00        0.00
     0     0      959.33      498.67        0.00
     0     0      963.33      498.00        0.00
     0     0      968.67      498.00        0.00
     0     0      975.33      497.33        0.00
     0     0      980.67      497.33        0.00
     0     0      987.33      497.33        0.00
     0     0      994.00      498.00        0.00
     0     0      998.67      498.67        0.00
     0     0     1003.33      499.33        0.00
     0     0     1008.67      500.00        0.00
     0     0     1012.67      501.33        0.00
     0     0     1016.00      502.67        0.00
     0     0     1020.00      504.67        0.00
     0     0     1022.67      506.67        0.00
     0     0     1026.67      510.00        0.00
     0     0     1028.67      512.67        0.00
     0     0     1030.00      516.67        0.00
     0     0     1030.00      520.00        0.00
     0     0     1028.00      523.33        0.00
     0     0     1024.67      526.67        0.00
     0     0     1022.00      530.00        0.00
     0     0     1020.00      532.67        0.00
     0     0     1016.67      535.33        0.00
     0     0     1013.33      538.00        0.00
     0     0     1009.33      540.67        0.00
     0     0     1006.00      542.67        0.00
     0     0     1002.67      545.33        0.00
     0     0      999.33      546.67        0.00
     0     0      996.00      548.67        0.00
     0     0      992.00      550.00        0.00
     0     0      987.33      551.33        0.00
     0     0      982.67      553.33        0.00
     0     0      977.33      555.33        0.00
     0     0      972.00      557.33        0.00
     0     0      966.00      558.00        0.00
     0     0      960.00      560.00        0.00
     0     0      954.00      560.67        0.00
     0     0      948.67      562.67        0.00
     0     0      943.33      564.00        0.00
     0     0      939.33      564.67        0.00
     0     0      931.33      567.33        0.00
     0     0      926.00      570.00        0.00
     0     0      922.00      572.67        0.00
     0     0      918.00      574.67        0.00
     0     0      914.00      577.33        0.00
     0     0      910.00      580.00        0.00
     0     0      905.33      582.00        0.00
     0     0      900.00      584.67        0.00
     0     0      895.33      586.00        0.00
     0     0      889.33      588.00        0.00
     0     0      886.00      589.33        0.00
     0     0      881.33      590.67        0.00
     0     0      878.00      591.33        0.00
     0     0      873.33      593.33        0.00
     0     0      870.00      594.67        0.00
     0     0      867.33      596.67        0.00
     0     0      864.00      598.67        0.00
     0     0      860.67      600.67        0.00
     0     0      856.67      601.33        0.00
     0     0      853.33      602.67        0.00
     0     0      849.33      604.00        0.00
     0     0      844.67      604.67        0.00
     0     0      840.67      604.67        0.00
     0     0      837.33      605.33        0.00
     0     0      832.67      605.33        0.00
     0     0      828.67      605.33        0.00
     0     0      824.67      605.33        0.00
     0     0      820.00      605.33        0.00
     0     0      816.00      606.00        0.00
     0     0      811.33      606.67        0.00
     0     0      806.00      607.33        0.00
     0     0      800.67      608.00        0.00
     0     0      797.33      608.67        0.00
     0     0      794.00      608.67        0.00
     0     0      790.67      609.33        0.00
     0     0      786.00      610.00        0.00
     0     0      782.00      610.67        0.00
     0     0      775.33      611.33        0.00
     0     0      771.33      612.00        0.00
     0     0      766.67      612.67        0.00
     0     0      762.00      612.67        0.00
     0     0      758.67      612.67        0.00
     0     0      754.67      612.67        0.00
     0     0      750.67      614.67        0.00
     0     0      747.33      615.33        0.00
     0     0      744.00      617.33        0.00
     0     0      739.33      619.33        0.00
     0     0      735.33      620.67        0.00
     0     0      731.33      622.00        0.00
     0     0      727.33      623.33        0.00
     0     0      722.67      624.00        0.00
     0     0      719.33      624.00        0.00
     0     0      715.33      624.67        0.00
     0     0      712.00      625.33        0.00
     0     0      708.67      626.67        0.00
     0     0      704.67      626.67        0.00
     0     0      695.33      628.67        0.00
     0     0      692.00      629.33        0.00
     0     0      688.67      630.00        0.00
     0     0      685.33      630.00        0.00
     0     0      682.00      630.00        0.00
     0     0      678.00      630.00        0.00
     0     0      674.67      630.00        0.00
     0     0      671.33      630.67        0.00
     0     0      667.33      632.00        0.00
     0     0      664.00      632.67        0.00
     0     0      660.67      633.33        0.00
     0     0      656.67      633.33        0.00
     0     0      652.67      634.67        0.00
     0     0      648.67      635.33        0.00
     0     0      645.33      636.00        0.00
     0     0      641.33      636.67        0.00
     0     0      638.00      637.33        0.00
     0     0      634.67      638.00        0.00
     0     0      631.33      638.00        0.00
     0     0      627.33      636.67        0.00
     0     0      624.00      635.33        0.00
     0     0      620.67      633.33        0.00
     0     0      617.33      632.00        0.00
     0     0      613.33      631.33        0.00
     0     0      610.00      630.67        0.00
     0     0      606.00      630.67        0.00
     0     0      602.67      630.00        0.00
     0     0      598.67      630.00        0.00
     0     0      594.67      629.33        0.00
     0     0      591.33      629.33        0.00
     0     0      588.00      629.33        0.00
     0     0      584.67      630.00        0.00
     0     0      581.33      630.67        0.00
     0     0      578.00      632.00        0.00
     0     0      574.67      632.00        0.00
     0     0      571.33      632.67        0.00
     0     0      568.00      632.67        0.00
     0     0      564.00      631.33        0.00
     1     0      154.00      679.50        0.00
     1     0      151.50      680.00        0.00
     1     0      149.00      678.50        0.00
     1     0      147.00      676.50        0.00
     1     0      145.50      674.50        0.00
     1     0      145.00      672.00        0.00
     1     0      145.50      669.00        0.00
     1     0      147.00      667.00        0.00
     1     0      149.50      666.00        0.00
     1     0      152.50      665.00        0.00
     1     0      155.00      665.00        0.00
     1     0      157.50      666.00        0.00
     1     0      159.00      668.00        0.00
     1     0      159.00      670.50        0.00
     1     0      159.00      673.00        0.00
     1     0      158.50      675.50        0.00
     1     0      157.00      678.00        0.00
     1     1      360.00      554.00        0.00
     1     1      356.00      554.00        0.00
     1     1      352.00      554.00        0.00
     1     1      349.00      553.00        0.00
     1     1      345.00      550.00        0.00
     1     1      343.00      547.00        0.00
     1     1      341.00      544.00        0.00
     1     1      341.00      540.00        0.00
     1     1      343.00      537.00        0.00
     1     1      345.00      534.00        0.00
     1     1      349.00      532.00        0.00
     1     1      352.00      531.00        0.00
     1     1      355.00      530.00        0.00
     1     1      359.00      530.00        0.00
     1     1      364.00      530.00        0.00
     1     1      368.00      530.00        0.00
     1     1      371.00      533.00        0.00
     1     1      372.00      536.00        0.00
     1     1      372.00      540.00        0.00
     1     1      371.00      543.00        0.00
     1     1      370.00      546.00        0.00
     1     2      472.67      661.00        0.00
     1     2      472.00      664.33        0.00
     1     2      468.67      664.33        0.00
     1     2      464.67      663.67        0.00
     1     2      463.33      660.33        0.00
     1     2      462.67      657.00        0.00
     1     2      465.33      654.33        0.00
     1     2      468.67      653.67        0.00
     1     2      472.67      653.00        0.00
     1     2      476.67      653.67        0.00
     1     2      479.33      655.67        0.00
     1     2      479.33      659.00        0.00
     1     2      476.00      660.33        0.00
     1     3      513.33      659.00        0.00
     1     3      510.00      663.00        0.00
     1     3      506.67      664.33        0.00
     1     3      502.67      665.00        0.00
     1     3      499.33      663.00        0.00
     1     3      497.33      659.00        0.00
     1     3      495.33      655.67        0.00
     1     3      495.33      652.33        0.00
     1     3      498.67      649.00        0.00
     1     3      502.00      647.00        0.00
     1     3      505.33      646.33        0.00
     1     3      508.67      647.00        0.00
     1     3      511.33      649.67        0.00
     1     3      512.00      653.67        0.00
     1     4      540.00      665.00        0.00
     1     4      536.67      667.67        0.00
     1     4      532.67      668.33        0.00
     1     4      529.33      668.33        0.00
     1     4      526.00      666.33        0.00
     1     4      524.67      663.00        0.00
     1     4      524.00      659.00        0.00
     1     4      526.00      655.67        0.00
     1     4      528.67      653.67        0.00
     1     4      531.33      651.67        0.00
     1     4      535.33      651.00        0.00
     1     4      538.67      651.00        0.00
     1     4      541.33      653.00        0.00
     1     4      543.33      656.33        0.00
     1     4      544.00      659.67        0.00
