     0     0      684.00      645.33        0.00
     0     0      680.00      630.67        0.00
     0     0      676.00      626.67        0.00
     0     0      672.00      622.67        0.00
     0     0      666.67      616.00        0.00
     0     0      664.00      613.33        0.00
     0     0      662.67      609.33        0.00
     0     0      658.67      606.67        0.00
     0     0      656.00      601.33        0.00
     0     0      653.33      598.67        0.00
     0     0      649.33      596.00        0.00
     0     0      646.67      593.33        0.00
     0     0      644.00      590.67        0.00
     0     0      641.33      588.00        0.00
     0     0      638.67      585.33        0.00
     0     0      634.67      582.67        0.00
     0     0      632.00      580.00        0.00
     0     0      629.33      577.33        0.00
     0     0      626.67      574.67        0.00
     0     0      622.67      572.00        0.00
     0     0      618.67      569.33        0.00
     0     0      616.00      565.33        0.00
     0     0      613.33      562.67        0.00
     0     0      610.67      558.67        0.00
     0     0      608.00      556.00        0.00
     0     0      605.33      553.33        0.00
     0     0      602.67      550.67        0.00
     0     0      601.33      546.67        0.00
     0     0      598.67      544.00        0.00
     0     0      596.00      540.00        0.00
     0     0      594.67      536.00        0.00
     0     0      592.00      532.00        0.00
     0     0      590.67      528.00        0.00
     0     0      588.00      524.00        0.00
     0     0      586.67      520.00        0.00
     0     0      585.33      516.00        0.00
     0     0      584.00      512.00        0.00
     0     0      581.33      509.33        0.00
     0     0      578.67      504.00        0.00
     0     0      576.00      501.33        0.00
     0     0      574.67      497.33        0.00
     0     0      572.00      493.33        0.00
     0     0      570.67      489.33        0.00
     0     0      566.67      486.67        0.00
     0     0      565.33      482.67        0.00
     0     0      562.67      480.00        0.00
     0     0      558.67      477.33        0.00
     0     0      556.00      473.33        0.00
     0     0      552.00      469.33        0.00
     0     0      549.33      465.33        0.00
     0     0      546.67      462.67        0.00
     0     0      544.00      458.67        0.00
     0     0      541.33      454.67        0.00
     0     0      538.67      452.00        0.00
     0     0      537.33      448.00        0.00
     0     0      534.67      444.00        0.00
     0     0      532.00      438.67        0.00
     0     0      529.33      436.00        0.00
     0     0      526.67      432.00        0.00
     0     0      524.00      429.33        0.00
     0     0      522.67      425.33        0.00
     0     0      520.00      421.33        0.00
     0     0      517.33      418.67        0.00
     0     0      514.67      414.67        0.00
     0     0      512.00      412.00        0.00
     0     0      510.67      408.00        0.00
     0     0      508.00      404.00        0.00
     0     0      505.33      401.33        0.00
     0     0      502.67      397.33        0.00
     0     0      500.00      393.33        0.00
     0     0      497.33      390.67        0.00
     0     0      494.67      386.67        0.00
     0     0      492.00      384.00        0.00
     0     0      489.33      381.33        0.00
     0     0      485.33      378.67        0.00
     0     0      481.33      376.00        0.00
     0     0      478.67      373.33        0.00
     0     0      473.33      372.00        0.00
     0     0      470.67      369.33        0.00
     0     0      468.00      366.67        0.00
     0     0      464.00      364.00        0.00
     0     0      460.00      362.67        0.00
     0     0      456.00      361.33        0.00
     0     0      452.00      360.00        0.00
     0     0      448.00      360.00        0.00
     0     0      444.00      358.67        0.00
     0     0      438.67      356.00        0.00
     0     0      434.67      354.67        0.00
     0     0      430.67      353.33        0.00
     0     0      426.67      352.00        0.00
     0     0      422.67      349.33        0.00
     0     0      418.67      349.33        0.00
     0     0      413.33      348.00        0.00
     0     0      409.33      346.67        0.00
     0     0      405.33      344.00        0.00
     0     0      401.33      344.00        0.00
     0     0      398.67      341.33        0.00
     0     0      394.67      340.00        0.00
     0     0      390.67      338.67        0.00
     0     0      386.67      337.33        0.00
     0     0      382.67      334.67        0.00
     0     0      378.67      333.33        0.00
     0     0      374.67      332.00        0.00
     0     0      370.67      329.33        0.00
     0     0      366.67      328.00        0.00
     0     0      361.33      326.67        0.00
     0     0      357.33      324.00        0.00
     0     0      352.00      321.33        0.00
     0     0      349.33      318.67        0.00
     0     0      344.00      316.00        0.00
     0     0      340.00      313.33        0.00
     0     0      334.67      309.33        0.00
     0     0      332.00      306.67        0.00
     0     0      329.33      304.00        0.00
     0     0      325.33      301.33        0.00
     0     0      324.00      297.33        0.00
     0     0      320.00      293.33        0.00
     0     0      317.33      290.67        0.00
     0     0      316.00      286.67        0.00
     0     0      313.33      284.00        0.00
     0     0      312.00      280.00        0.00
     0     0      309.33      274.67        0.00
     0     0      306.67      270.67        0.00
     0     0      304.00      266.67        0.00
     0     0      301.33      262.67        0.00
     0     0      300.00      258.67        0.00
     0     0      297.33      256.00        0.00
     0     0      294.67      253.33        0.00
     0     0      293.33      249.33        0.00
     0     0      290.67      245.33        0.00
     0     0      288.00      240.00        0.00
     0     0      285.33      236.00        0.00
     0     0      284.00      232.00        0.00
     0     0      282.67      228.00        0.00
     0     0      281.33      224.00        0.00
     0     0      278.67      220.00        0.00
     0     0      278.67      216.00        0.00
     0     0      277.33      212.00        0.00
     0     0      276.00      206.67        0.00
     0     0      276.00      202.67        0.00
     0     0      274.67      198.67        0.00
     0     0      273.33      194.67        0.00
     0     0      272.00      190.67        0.00
     0     0      270.67      186.67        0.00
     0     0      269.33      182.67        0.00
     0     0      269.33      178.67        0.00
     0     0      266.67      174.67        0.00
     0     0      266.67      170.67        0.00
     0     0      264.00      166.67        0.00
     0     0      262.67      162.67        0.00
     0     0      261.33      158.67        0.00
     0     0      260.00      154.67        0.00
     0     0      258.67      150.67        0.00
     0     0      257.33      145.33        0.00
     0     0      257.33      141.33        0.00
     0     0      256.00      137.33        0.00
     0     0      256.00      133.33        0.00
     0     0      256.00      129.33        0.00
     0     0      256.00      125.33        0.00
     0     0      257.33      121.33        0.00
     0     0      258.67      117.33        0.00
     0     0      260.00      113.33        0.00
     0     0      262.67      109.33        0.00
     0     0      264.00      105.33        0.00
     0     0      265.33      101.33        0.00
     0     0      268.00       98.67        0.00
     0     0      270.67       96.00        0.00
     0     0      274.67       92.00        0.00
     0     0      278.67       89.33        0.00
     0     0      282.67       88.00        0.00
     0     0      286.67       85.33        0.00
     0     0      290.67       84.00        0.00
     0     0      294.67       81.33        0.00
     0     0      298.67       80.00        0.00
     0     0      302.67       77.33        0.00
     0     0      306.67       74.67        0.00
     0     0      310.67       73.33        0.00
     0     0      314.67       72.00        0.00
     0     0      318.67       70.67        0.00
     0     0      322.67       69.33        0.00
     0     0      326.67       68.00        0.00
     0     0      330.67       66.67        0.00
     0     0      334.67       65.33        0.00
     0     0      338.67       64.00        0.00
     0     0      342.67       64.00        0.00
     0     0      346.67       62.67        0.00
     0     0      350.67       62.67        0.00
     0     0      354.67       62.67        0.00
     0     0      358.67       62.67        0.00
     0     0      362.67       62.67        0.00
     0     0      368.00       62.67        0.00
     0     0      373.33       61.33        0.00
     0     0      377.33       61.33        0.00
     0     0      381.33       62.67        0.00
     0     0      385.33       64.00        0.00
     0     0      389.33       65.33        0.00
     0     0      393.33       66.67        0.00
     0     0      397.33       69.33        0.00
     0     0      401.33       70.67        0.00
     0     0      405.33       72.00        0.00
     0     0      409.33       74.67        0.00
     0     0      413.33       74.67        0.00
     0     0      417.33       76.00        0.00
     0     0      421.33       77.33        0.00
     0     0      425.33       80.00        0.00
     0     0      429.33       81.33        0.00
     0     0      432.00       84.00        0.00
     0     0      434.67       86.67        0.00
     0     0      437.33       89.33        0.00
     0     0      441.33       92.00        0.00
     0     0      445.33       93.33        0.00
     0     0      449.33       94.67        0.00
     0     0      453.33       97.33        0.00
     0     0      457.33       98.67        0.00
     0     0      461.33      100.00        0.00
     0     0      464.00      102.67        0.00
     0     0      468.00      104.00        0.00
     0     0      470.67      106.67        0.00
     0     0      474.67      108.00        0.00
     0     0      478.67      109.33        0.00
     0     0      481.33      112.00        0.00
     0     0      484.00      114.67        0.00
     0     0      488.00      117.33        0.00
     0     0      490.67      120.00        0.00
     0     0      493.33      122.67        0.00
     0     0      496.00      125.33        0.00
     0     0      498.67      128.00        0.00
     0     0      502.67      130.67        0.00
     0     0      506.67      132.00        0.00
     0     0      509.33      134.67        0.00
     0     0      513.33      136.00        0.00
     0     0      517.33      137.33        0.00
     0     0      521.33      140.00        0.00
     0     0      525.33      142.67        0.00
     0     0      528.00      145.33        0.00
     0     0      532.00      146.67        0.00
     0     0      536.00      148.00        0.00
     0     0      538.67      150.67        0.00
     0     0      542.67      152.00        0.00
     0     0      545.33      154.67        0.00
     0     0      548.00      157.33        0.00
     0     0      550.67      160.00        0.00
     0     0      554.67      162.67        0.00
     0     0      558.67      164.00        0.00
     0     0      561.33      166.67        0.00
     0     0      564.00      169.33        0.00
     0     0      566.67      172.00        0.00
     0     0      569.33      174.67        0.00
     0     0      570.67      178.67        0.00
     0     0      572.00      182.67        0.00
     0     0      573.33      186.67        0.00
     0     0      576.00      190.67        0.00
     0     0      577.33      194.67        0.00
     0     0      577.33      198.67        0.00
     0     0      580.00      202.67        0.00
     0     0      582.67      208.00        0.00
     0     0      585.33      210.67        0.00
     0     0      585.33      214.67        0.00
     0     0      586.67      218.67        0.00
     0     0      586.67      222.67        0.00
     0     0      588.00      226.67        0.00
     0     0      590.67      232.00        0.00
     0     0      592.00      236.00        0.00
     0     0      594.67      240.00        0.00
     0     0      596.00      244.00        0.00
     0     0      597.33      249.33        0.00
     0     0      598.67      253.33        0.00
     0     0      600.00      258.67        0.00
     0     0      601.33      262.67        0.00
     0     0      602.67      266.67        0.00
     0     0      604.00      270.67        0.00
     0     0      605.33      274.67        0.00
     0     0      608.00      278.67        0.00
     0     0      609.33      282.67        0.00
     0     0      610.67      286.67        0.00
     0     0      613.33      289.33        0.00
     0     0      614.67      293.33        0.00
     0     0      617.33      297.33        0.00
     0     0      620.00      300.00        0.00
     0     0      622.67      302.67        0.00
     0     0      624.00      306.67        0.00
     0     0      629.33      310.67        0.00
     0     0      632.00      313.33        0.00
     0     0      636.00      316.00        0.00
     0     0      640.00      317.33        0.00
     0     0      644.00      320.00        0.00
     0     0      648.00      322.67        0.00
     0     0      652.00      325.33        0.00
     0     0      657.33      328.00        0.00
     0     0      660.00      330.67        0.00
     0     0      665.33      333.33        0.00
     0     0      668.00      336.00        0.00
     0     0      670.67      338.67        0.00
     0     0      674.67      340.00        0.00
     0     0      677.33      342.67        0.00
     0     0      682.67      346.67        0.00
     0     0      685.33      349.33        0.00
     0     0      688.00      352.00        0.00
     0     0      690.67      354.67        0.00
     0     0      693.33      357.33        0.00
     0     0      696.00      362.67        0.00
     0     0      700.00      366.67        0.00
     0     0      702.67      370.67        0.00
     0     0      705.33      374.67        0.00
     0     0      708.00      380.00        0.00
     0     0      709.33      384.00        0.00
     0     0      713.33      389.33        0.00
     0     0      717.33      394.67        0.00
     0     0      718.67      398.67        0.00
     0     0      720.00      402.67        0.00
     0     0      724.00      409.33        0.00
     0     0      725.33      413.33        0.00
     0     0      728.00      417.33        0.00
     0     0      733.33      422.67        0.00
     0     0      734.67      426.67        0.00
     0     0      738.67      430.67        0.00
     0     0      744.00      434.67        0.00
     0     0      748.00      438.67        0.00
     0     0      752.00      441.33        0.00
     0     0      756.00      446.67        0.00
     0     0      758.67      449.33        0.00
     0     0      764.00      454.67        0.00
     0     0      766.67      457.33        0.00
     0     0      769.33      461.33        0.00
     0     0      773.33      465.33        0.00
     0     0      776.00      469.33        0.00
     0     0      778.67      472.00        0.00
     0     0      784.00      476.00        0.00
     0     0      786.67      478.67        0.00
     0     0      789.33      482.67        0.00
     0     0      792.00      485.33        0.00
     0     0      794.67      488.00        0.00
     0     0      798.67      490.67        0.00
     0     0      801.33      493.33        0.00
     0     0      804.00      496.00        0.00
     0     0      805.33      500.00        0.00
     0     0      808.00      502.67        0.00
     0     0      810.67      505.33        0.00
     0     0      841.33      548.33        0.00
     0     0      850.67      559.00        0.00
     0     0      853.33      561.67        0.00
     0     0      856.00      564.33        0.00
     0     0      858.67      568.33        0.00
     0     0      861.33      571.00        0.00
     0     0      866.67      575.00        0.00
     0     0      869.33      577.67        0.00
     0     0      873.33      581.67        0.00
     0     0      877.33      585.67        0.00
     0     0      880.00      588.33        0.00
     0     0      884.00      592.33        0.00
     0     0      885.33      596.33        0.00
     0     0      890.67      600.33        0.00
     0     0      893.33      604.33        0.00
     0     0      897.33      607.00        0.00
     0     0      901.33      611.00        0.00
     0     0      906.67      615.00        0.00
     0     0      909.33      619.00        0.00
     0     0      912.00      621.67        0.00
     0     0      917.33      627.00        0.00
     0     0      920.00      631.00        0.00
     0     0      922.67      635.00        0.00
     0     0      925.33      639.00        0.00
     0     0      929.33      644.33        0.00
     0     0      932.00      649.67        0.00
     0     0      934.67      655.00        0.00
     0     0      936.00      660.33        0.00
     0     0      938.67      664.33        0.00
     0     0      941.33      669.67        0.00
     0     0      944.00      675.00        0.00
     0     0      946.67      681.67        0.00
     0     0      948.00      687.00        0.00
     0     0      950.67      693.67        0.00
     0     0      953.33      699.00        0.00
     0     0      954.67      704.33        0.00
     0     0      956.00      708.33        0.00
     0     0      958.67      713.67        0.00
     0     0      960.00      717.67        0.00
     0     0      961.33      723.00        0.00
     0     0      964.00      728.33        0.00
     0     0      966.67      733.67        0.00
     0     0      968.00      737.67        0.00
     0     0      970.67      743.00        0.00
     0     0      973.33      745.67        0.00
     0     0      974.67      751.00        0.00
     0     0      976.00      755.00        0.00
     0     0      977.33      759.00        0.00
     0     0      980.00      764.33        0.00
     0     0      981.33      769.67        0.00
     0     0      982.67      775.00        0.00
     0     0      984.00      780.33        0.00
     0     0      985.33      784.33        0.00
     0     0      986.67      789.67        0.00
     0     0      988.00      793.67        0.00
     0     0      989.33      799.00        0.00
     0     0      990.67      805.67        0.00
     0     0      992.00      811.00        0.00
     0     0      993.33      815.00        0.00
     0     0      994.67      820.33        0.00
     0     0      994.67      825.67        0.00
     0     0      996.00      831.00        0.00
     0     0      997.33      835.00        0.00
     0     0      998.67      839.00        0.00
     0     0     1000.00      844.33        0.00
     0     0     1002.67      848.33        0.00
     0     0     1004.00      853.67        0.00
     0     0     1008.00      857.67        0.00
     0     0     1018.67      892.67        0.00
     0     0     1021.33      904.67        0.00
     0     0     1024.00      907.33        0.00
     0     0     1026.67      911.33        0.00
     0     0     1029.33      915.33        0.00
     0     0     1030.67      919.33        0.00
     0     0     1032.00      923.33        0.00
     0     0     1033.33      927.33        0.00
     0     0     1036.00      931.33        0.00
     0     0     1038.67      935.33        0.00
     0     0     1038.67      939.33        0.00
     0     0     1038.67      944.67        0.00
     0     0     1036.00      950.00        0.00
     0     0     1033.33      956.67        0.00
     0     0     1032.00      960.67        0.00
     0     0     1029.33      967.33        0.00
     0     0     1028.00      972.67        0.00
     0     0     1025.33      976.67        0.00
     0     0     1021.33      983.33        0.00
     0     0     1020.00      988.67        0.00
     0     0     1016.00      996.67        0.00
     0     0     1013.33     1003.33        0.00
     0     0     1008.00     1008.67        0.00
     0     0     1005.33     1011.33        0.00
     0     0     1000.00     1015.33        0.00
     0     0      994.67     1018.00        0.00
     0     0      989.33     1019.33        0.00
     0     0      982.67     1019.33        0.00
     0     0      977.33     1019.33        0.00
     0     0      972.00     1019.33        0.00
     0     0      968.00     1016.67        0.00
     0     0      961.33     1012.67        0.00
     0     0      957.33     1010.00        0.00
     0     0      953.33     1007.33        0.00
     0     0      949.33     1004.67        0.00
     0     0      946.67     1002.00        0.00
     0     0      942.67      998.00        0.00
     0     0      940.00      994.00        0.00
     0     0      937.33      988.67        0.00
     0     0      934.67      984.67        0.00
     0     0      930.67      979.33        0.00
     0     0      926.67      974.00        0.00
     0     0      924.00      970.00        0.00
     0     0      920.00      963.33        0.00
     0     0      917.33      959.33        0.00
     0     0      914.67      952.67        0.00
     0     0      912.00      948.67        0.00
     0     0      909.33      946.00        0.00
     0     0      906.67      940.67        0.00
     0     0      904.00      938.00        0.00
     0     0      901.33      935.33        0.00
     0     0      897.33      931.33        0.00
     0     0      894.67      927.33        0.00
     0     0      892.00      923.33        0.00
     0     0      889.33      919.33        0.00
     0     0      886.67      915.33        0.00
     0     0      884.00      912.67        0.00
     0     0      881.33      908.67        0.00
     0     0      878.67      904.67        0.00
     0     0      877.33      899.33        0.00
     0     0      874.67      894.00        0.00
     0     0      872.00      890.00        0.00
     0     0      869.33      886.00        0.00
     0     0      868.00      882.00        0.00
     0     0      865.33      879.33        0.00
     0     0      861.33      875.33        0.00
     0     0      860.00      871.33        0.00
     0     0      856.00      867.33        0.00
     0     0      853.33      864.67        0.00
     0     0      852.00      860.67        0.00
     0     0      849.33      858.00        0.00
     0     0      846.67      854.00        0.00
     0     0      844.00      850.00        0.00
     0     0      841.33      847.33        0.00
     0     0      838.67      842.00        0.00
     0     0      834.67      838.00        0.00
     0     0      830.67      834.00        0.00
     0     0      828.00      830.00        0.00
     0     0      825.33      827.33        0.00
     0     0      822.67      824.67        0.00
     0     0      820.00      820.67        0.00
     0     0      817.33      818.00        0.00
     0     0      814.67      814.00        0.00
     0     0      812.00      810.00        0.00
     0     0      809.33      807.33        0.00
     0     0      806.67      803.33        0.00
     0     0      804.00      800.67        0.00
     0     0      801.33      798.00        0.00
     0     0      798.67      795.33        0.00
     0     0      796.00      792.67        0.00
     0     0      793.33      788.67        0.00
     0     0      790.67      786.00        0.00
     0     0      788.00      782.00        0.00
     0     0      785.33      778.00        0.00
     0     0      782.67      775.33        0.00
     0     0      780.00      772.67        0.00
     0     0      777.33      768.67        0.00
     0     0      773.33      763.33        0.00
     0     0      770.67      758.00        0.00
     0     0      769.33      754.00        0.00
     0     0      766.67      750.00        0.00
     0     0      765.33      746.00        0.00
     0     0      762.67      743.33        0.00
     0     0      760.00      740.67        0.00
     0     0      754.67      735.33        0.00
     0     0      752.00      732.67        0.00
     0     0      748.00      728.67        0.00
     0     0      745.33      726.00        0.00
     0     0      741.33      722.00        0.00
     0     0      738.67      719.33        0.00
     0     0      736.00      715.33        0.00
     0     0      733.33      712.67        0.00
     0     0      730.67      708.67        0.00
     0     0      728.00      706.00        0.00
     0     0      726.67      702.00        0.00
     0     0      724.00      699.33        0.00
     0     0      721.33      696.67        0.00
     0     0      718.67      692.67        0.00
     0     0      716.00      688.67        0.00
     0     0      714.67      684.67        0.00
     0     0      712.00      682.00        0.00
     0     0      710.67      678.00        0.00
     0     0      708.00      674.00        0.00
     0     0      705.33      671.33        0.00
     0     0      702.67      668.67        0.00
     0     0      701.33      664.67        0.00
     0     0      698.67      662.00        0.00
     0     0      697.33      658.00        0.00
     0     0      696.00      654.00        0.00
     0     1        2.67      511.33        0.00
     0     1        6.67      512.67        0.00
     0     1       10.67      515.33        0.00
     0     1       14.67      518.00        0.00
     0     1       20.00      520.67        0.00
     0     1       24.00      523.33        0.00
     0     1       28.00      527.33        0.00
     0     1       33.33      530.00        0.00
     0     1       36.00      532.67        0.00
     0     1       40.00      535.33        0.00
     0     1       42.67      538.00        0.00
     0     1       45.33      540.67        0.00
     0     1       48.00      543.33        0.00
     0     1       52.00      546.00        0.00
     0     1       56.00      548.67        0.00
     0     1       58.67      551.33        0.00
     0     1       64.00      555.33        0.00
     0     1       68.00      558.00        0.00
     0     1       70.67      560.67        0.00
     0     1       76.00      563.33        0.00
     0     1       78.67      567.33        0.00
     0     1       82.67      570.00        0.00
     0     1       86.67      572.67        0.00
     0     1       89.33      575.33        0.00
     0     1       94.67      579.33        0.00
     0     1       98.67      582.00        0.00
     0     1      102.67      584.67        0.00
     0     1      105.33      587.33        0.00
     0     1      109.33      590.00        0.00
     0     1      112.00      592.67        0.00
     0     1      116.00      595.33        0.00
     0     1      118.67      598.00        0.00
     0     1      121.33      600.67        0.00
     0     1      125.33      606.00        0.00
     0     1      128.00      610.00        0.00
     0     1      130.67      612.67        0.00
     0     1      133.33      618.00        0.00
     0     1      134.67      622.00        0.00
     0     1      136.00      626.00        0.00
     0     1      137.33      630.00        0.00
     0     1      137.33      635.33        0.00
     0     1      138.67      639.33        0.00
     0     1      138.67      643.33        0.00
     0     1      138.67      647.33        0.00
     0     1      140.00      651.33        0.00
     0     1      141.33      655.33        0.00
     0     1      142.67      660.67        0.00
     0     1      144.00      664.67        0.00
     0     1      144.00      668.67        0.00
     0     1      146.67      674.00        0.00
     0     1      148.00      678.00        0.00
     0     1      148.00      683.33        0.00
     0     1      149.33      688.67        0.00
     0     1      150.67      694.00        0.00
     0     1      152.00      699.33        0.00
     0     1      152.00      703.33        0.00
     0     1      153.33      708.67        0.00
     0     1      154.67      714.00        0.00
     0     1      156.00      718.00        0.00
     0     1      157.33      722.00        0.00
     0     1      158.67      726.00        0.00
     0     1      160.00      731.33        0.00
     0     1      161.33      735.33        0.00
     0     1      161.33      739.33        0.00
     0     1      162.67      743.33        0.00
     0     1      164.00      747.33        0.00
     0     1      165.33      751.33        0.00
     0     1      165.33      755.33        0.00
     0     1      166.67      762.00        0.00
     0     1      166.67      766.00        0.00
     0     1      168.00      770.00        0.00
     0     1      169.33      776.67        0.00
     0     1      169.33      782.00        0.00
     0     1      172.00      788.67        0.00
     0     1      172.00      792.67        0.00
     0     1      173.33      798.00        0.00
     0     1      174.67      802.00        0.00
     0     1      176.00      807.33        0.00
     0     1      178.67      811.33        0.00
     0     1      178.67      815.33        0.00
     0     1      180.00      819.33        0.00
     0     1      182.67      823.33        0.00
     0     1      184.00      827.33        0.00
     0     1      186.67      832.67        0.00
     0     1      189.33      838.00        0.00
     0     1      190.67      842.00        0.00
     0     1      194.67      848.67        0.00
     0     1      196.00      852.67        0.00
     0     1      198.67      858.00        0.00
     0     1      200.00      863.33        0.00
     0     1      202.67      867.33        0.00
     0     1      204.00      871.33        0.00
     0     1      205.33      875.33        0.00
     0     1      208.00      879.33        0.00
     0     1      209.33      883.33        0.00
     0     1      210.67      888.67        0.00
     0     1      210.67      892.67        0.00
     0     1      213.33      898.00        0.00
     0     1      216.00      904.67        0.00
     0     1      217.33      908.67        0.00
     0     1      218.67      912.67        0.00
     0     1      222.67      918.00        0.00
     0     1      225.33      922.00        0.00
     0     1      228.00      926.00        0.00
     0     1      230.67      930.00        0.00
     0     1      232.00      934.00        0.00
     0     1      233.33      938.00        0.00
     0     1      236.00      942.00        0.00
     0     1      238.67      946.00        0.00
     0     1      241.33      948.67        0.00
     0     1      244.00      952.67        0.00
     0     1      246.67      956.67        0.00
     0     1      249.33      959.33        0.00
     0     1      252.00      962.00        0.00
     0     1      254.67      966.00        0.00
     0     1      257.33      968.67        0.00
     0     1      260.00      972.67        0.00
     0     1      262.67      975.33        0.00
     0     1      265.33      978.00        0.00
     0     1      268.00      980.67        0.00
     0     1      270.67      983.33        0.00
     0     1      272.00      987.33        0.00
     0     1      274.67      990.00        0.00
     0     1      277.33      992.67        0.00
     0     1      280.00      996.67        0.00
     0     1      296.00     1013.33        0.00
     0     1      298.67     1021.33        0.00
     0     1      301.33     1025.33        0.00
     0     1      304.00     1028.00        0.00
     0     1      306.67     1032.00        0.00
     0     1       56.00     1026.67        0.00
     0     1       56.00     1022.67        0.00
     0     1       54.67     1018.67        0.00
     0     1       53.33     1014.67        0.00
     0     1       53.33     1010.67        0.00
     0     1       53.33     1006.67        0.00
     0     1       52.00     1002.67        0.00
     0     1       52.00      998.67        0.00
     0     1       50.67      994.67        0.00
     0     1       49.33      990.67        0.00
     0     1       48.00      986.67        0.00
     0     1       46.67      982.67        0.00
     0     1       44.00      978.67        0.00
     0     1       42.67      974.67        0.00
     0     1       41.33      970.67        0.00
     0     1       40.00      966.67        0.00
     0     1       37.33      961.33        0.00
     0     1       36.00      957.33        0.00
     0     1       36.00      953.33        0.00
     0     1       36.00      949.33        0.00
     0     1       34.67      945.33        0.00
     0     1       33.33      941.33        0.00
     0     1       32.00      937.33        0.00
     0     1       32.00      930.67        0.00
     0     1       32.00      926.67        0.00
     0     1       30.67      922.67        0.00
     0     1       30.67      918.67        0.00
     0     1       29.33      914.67        0.00
     0     1       29.33      910.67        0.00
     0     1       28.00      906.67        0.00
     0     1       26.67      902.67        0.00
     0     1       26.67      898.67        0.00
     0     1       26.67      894.67        0.00
     0     1       25.33      890.67        0.00
     0     1       25.33      886.67        0.00
     0     1       25.33      882.67        0.00
     0     1       25.33      878.67        0.00
     0     1       24.00      873.33        0.00
     0     1       24.00      869.33        0.00
     0     1       24.00      864.00        0.00
     0     1       24.00      860.00        0.00
     0     1       24.00      856.00        0.00
     0     1       24.00      852.00        0.00
     0     1       22.67      848.00        0.00
     0     1       21.33      844.00        0.00
     0     1       21.33      840.00        0.00
     0     1       20.00      836.00        0.00
     0     1       20.00      832.00        0.00
     0     1       20.00      828.00        0.00
     0     1       17.33      824.00        0.00
     0     1       16.00      820.00        0.00
     0     1       16.00      816.00        0.00
     0     1       13.33      813.33        0.00
     0     1       10.67      809.33        0.00
     0     1        8.00      805.33        0.00
     0     1        5.33      802.67        0.00
     0     1        2.67      798.67        0.00
     0     1        1.33      794.67        0.00
     1     0       34.00      998.00        0.00
     1     0       30.00      998.00        0.00
     1     0       26.00      998.00        0.00
     1     0       22.00      998.00        0.00
     1     0       20.00      995.00        0.00
     1     0       19.00      991.00        0.00
     1     0       18.00      988.00        0.00
     1     0       18.00      984.00        0.00
     1     0       19.00      981.00        0.00
     1     0       22.00      979.00        0.00
     1     0       25.00      977.00        0.00
     1     0       29.00      977.00        0.00
     1     0       33.00      978.00        0.00
     1     0       35.00      981.00        0.00
     1     0       36.00      984.00        0.00
     1     0       36.00      988.00        0.00
     1     1       51.00     1015.00        0.00
     1     1       49.00     1018.00        0.00
     1     1       46.00     1020.00        0.00
     1     1       42.00     1020.00        0.00
     1     1       39.00     1018.00        0.00
     1     1       37.00     1015.00        0.00
     1     1       35.00     1011.00        0.00
     1     1       35.00     1007.00        0.00
     1     1       35.00     1003.00        0.00
     1     1       38.00     1000.00        0.00
     1     1       41.00      998.00        0.00
     1     1       44.00      996.00        0.00
     1     1       48.00      996.00        0.00
     1     1       53.00      997.00        0.00
     1     1       54.00     1000.00        0.00
     1     1       54.00     1004.00        0.00
     1     1       54.00     1008.00        0.00
     1     2      223.00      896.00        0.00
     1     2      220.00      897.00        0.00
     1     2      216.00      896.00        0.00
     1     2      215.00      892.00        0.00
     1     2      214.00      889.00        0.00
     1     2      214.00      885.00        0.00
     1     2      215.00      882.00        0.00
     1     2      218.00      880.00        0.00
     1     2      222.00      880.00        0.00
     1     2      224.00      883.00        0.00
     1     2      224.00      887.00        0.00
     1     2      224.00      891.00        0.00
     1     3      206.00      854.00        0.00
     1     3      202.00      858.00        0.00
     1     3      198.00      858.00        0.00
     1     3      195.00      857.00        0.00
     1     3      193.00      854.00        0.00
     1     3      192.00      851.00        0.00
     1     3      192.00      847.00        0.00
     1     3      194.00      844.00        0.00
     1     3      197.00      843.00        0.00
     1     3      201.00      844.00        0.00
     1     3      204.00      847.00        0.00
     1     4      197.00      822.00        0.00
     1     4      204.00      829.00        0.00
     1     4      205.00      832.00        0.00
     1     4      206.00      835.00        0.00
     1     4      204.00      838.00        0.00
     1     4      201.00      840.00        0.00
     1     4      197.00      840.00        0.00
     1     4      194.00      838.00        0.00
     1     4      192.00      835.00        0.00
     1     4      192.00      830.00        0.00
     1     4      191.00      826.00        0.00
     1     4      193.00      823.00        0.00
     1     5      191.00      774.00        0.00
     1     5      188.00      781.00        0.00
     1     5      185.00      784.00        0.00
     1     5      184.00      787.00        0.00
     1     5      181.00      789.00        0.00
     1     5      178.00      790.00        0.00
     1     5      176.00      787.00        0.00
     1     5      175.00      784.00        0.00
     1     5      174.00      781.00        0.00
     1     5      174.00      777.00        0.00
     1     5      175.00      772.00        0.00
     1     5      176.00      769.00        0.00
     1     5      179.00      767.00        0.00
     1     5      183.00      766.00        0.00
     1     5      187.00      766.00        0.00
     1     5      188.00      769.00        0.00
     1     6      288.00      273.00        0.00
     1     6      285.00      274.00        0.00
     1     6      282.00      277.00        0.00
     1     6      279.00      279.00        0.00
     1     6      275.00      279.00        0.00
     1     6      272.00      276.00        0.00
     1     6      270.00      273.00        0.00
     1     6      269.00      270.00        0.00
     1     6      269.00      266.00        0.00
     1     6      269.00      262.00        0.00
     1     6      270.00      259.00        0.00
     1     6      273.00      256.00        0.00
     1     6      277.00      255.00        0.00
     1     6      282.00      255.00        0.00
     1     6      286.00      255.00        0.00
     1     6      289.00      258.00        0.00
     1     6      289.00      262.00        0.00
     1     7      449.00      379.00        0.00
     1     7      448.00      387.00        0.00
     1     7      445.00      389.00        0.00
     1     7      442.00      390.00        0.00
     1     7      438.00      390.00        0.00
     1     7      434.00      389.00        0.00
     1     7      431.00      386.00        0.00
     1     7      428.00      384.00        0.00
     1     7      427.00      381.00        0.00
     1     7      426.00      377.00        0.00
     1     7      426.00      371.00        0.00
     1     7      428.00      366.00        0.00
     1     7      431.00      364.00        0.00
     1     7      435.00      363.00        0.00
     1     7      441.00      364.00        0.00
     1     7      444.00      366.00        0.00
     1     7      445.00      369.00        0.00
     1     8      490.00      395.00        0.00
     1     8      490.00      405.00        0.00
     1     8      487.00      407.00        0.00
     1     8      483.00      407.00        0.00
     1     8      479.00      408.00        0.00
     1     8      476.00      407.00        0.00
     1     8      473.00      405.00        0.00
     1     8      472.00      402.00        0.00
     1     8      471.00      399.00        0.00
     1     8      471.00      395.00        0.00
     1     8      472.00      392.00        0.00
     1     8      476.00      390.00        0.00
     1     8      480.00      390.00        0.00
     1     9      551.00      489.00        0.00
     1     9      554.00      491.00        0.00
     1     9      556.00      494.00        0.00
     1     9      557.00      497.00        0.00
     1     9      556.00      501.00        0.00
     1     9      553.00      502.00        0.00
     1     9      549.00      502.00        0.00
     1     9      545.00      502.00        0.00
     1     9      542.00      500.00        0.00
     1     9      540.00      497.00        0.00
     1     9      539.00      493.00        0.00
     1     9      539.00      489.00        0.00
     1     9      540.00      486.00        0.00
     1     9      544.00      485.00        0.00
     1     9      548.00      485.00        0.00
     1    10      789.00      801.00        0.00
     1    10      788.00      804.00        0.00
     1    10      786.00      807.00        0.00
     1    10      783.00      808.00        0.00
     1    10      779.00      808.00        0.00
     1    10      775.00      808.00        0.00
     1    10      771.00      805.00        0.00
     1    10      768.00      803.00        0.00
     1    10      765.00      801.00        0.00
     1    10      763.00      798.00        0.00
     1    10      761.00      795.00        0.00
     1    10      761.00      791.00        0.00
     1    10      762.00      787.00        0.00
     1    10      765.00      784.00        0.00
     1    10      768.00      783.00        0.00
     1    10      772.00      783.00        0.00
     1    10      776.00      783.00        0.00
     1    10      779.00      784.00        0.00
     1    10      782.00      785.00        0.00
     1    10      784.00      788.00        0.00
     1    10      786.00      791.00        0.00
     1    11      546.00      141.00        0.00
     1    11      542.00      141.00        0.00
     1    11      539.00      139.00        0.00
     1    11      537.00      136.00        0.00
     1    11      537.00      132.00        0.00
     1    11      538.00      128.00        0.00
     1    11      541.00      126.00        0.00
     1    11      545.00      126.00        0.00
     1    11      548.00      125.00        0.00
     1    11      551.00      126.00        0.00
     1    11      553.00      129.00        0.00
     1    11      554.00      132.00        0.00
     1    11      553.00      136.00        0.00
     1    11      550.00      138.00        0.00
