     0     0      489.00      694.00        0.00
     0     0      483.00      695.00        0.00
     0     0      480.00      696.00        0.00
     0     0      477.00      697.00        0.00
     0     0      474.00      698.00        0.00
     0     0      471.00      699.00        0.00
     0     0      468.00      700.00        0.00
     0     0      464.00      700.00        0.00
     0     0      460.00      700.00        0.00
     0     0      456.00      700.00        0.00
     0     0      452.00      700.00        0.00
     0     0      448.00      700.00        0.00
     0     0      444.00      700.00        0.00
     0     0      440.00      700.00        0.00
     0     0      437.00      699.00        0.00
     0     0      433.00      698.00        0.00
     0     0      429.00      698.00        0.00
     0     0      426.00      697.00        0.00
     0     0      423.00      696.00        0.00
     0     0      420.00      695.00        0.00
     0     0      417.00      694.00        0.00
     0     0      414.00      693.00        0.00
     0     0      409.00      692.00        0.00
     0     0      405.00      691.00        0.00
     0     0      402.00      689.00        0.00
     0     0      397.00      687.00        0.00
     0     0      391.00      685.00        0.00
     0     0      388.00      684.00        0.00
     0     0      382.00      682.00        0.00
     0     0      377.00      681.00        0.00
     0     0      374.00      679.00        0.00
     0     0      371.00      678.00        0.00
     0     0      365.00      675.00        0.00
     0     0      361.00      674.00        0.00
     0     0      358.00      672.00        0.00
     0     0      355.00      671.00        0.00
     0     0      351.00      669.00        0.00
     0     0      344.00      667.00        0.00
     0     0      340.00      666.00        0.00
     0     0      335.00      663.00        0.00
     0     0      330.00      662.00        0.00
     0     0      324.00      660.00        0.00
     0     0      321.00      659.00        0.00
     0     0      317.00      659.00        0.00
     0     0      314.00      658.00        0.00
     0     0      311.00      657.00        0.00
     0     0      306.00      656.00        0.00
     0     0      303.00      655.00        0.00
     0     0      299.00      654.00        0.00
     0     0      295.00      653.00        0.00
     0     0      288.00      652.00        0.00
     0     0      283.00      651.00        0.00
     0     0      280.00      650.00        0.00
     0     0      277.00      649.00        0.00
     0     0      269.00      647.00        0.00
     0     0      263.00      646.00        0.00
     0     0      257.00      644.00        0.00
     0     0      250.00      641.00        0.00
     0     0      246.00      639.00        0.00
     0     0      240.00      637.00        0.00
     0     0      236.00      635.00        0.00
     0     0      233.00      634.00        0.00
     0     0      230.00      632.00        0.00
     0     0      221.00      629.00        0.00
     0     0      216.00      627.00        0.00
     0     0      212.00      626.00        0.00
     0     0      208.00      624.00        0.00
     0     0      202.00      622.00        0.00
     0     0      196.00      621.00        0.00
     0     0      191.00      619.00        0.00
     0     0      188.00      618.00        0.00
     0     0      184.00      616.00        0.00
     0     0      177.00      613.00        0.00
     0     0      173.00      611.00        0.00
     0     0      170.00      610.00        0.00
     0     0      165.00      607.00        0.00
     0     0      160.00      605.00        0.00
     0     0      152.00      602.00        0.00
     0     0      146.00      598.00        0.00
     0     0      140.00      595.00        0.00
     0     0      135.00      591.00        0.00
     0     0      128.00      586.00        0.00
     0     0      125.00      583.00        0.00
     0     0      121.00      579.00        0.00
     0     0      116.00      573.00        0.00
     0     0      113.00      568.00        0.00
     0     0      109.00      563.00        0.00
     0     0      105.00      558.00        0.00
     0     0      102.00      554.00        0.00
     0     0       99.00      547.00        0.00
     0     0       97.00      541.00        0.00
     0     0       95.00      536.00        0.00
     0     0       95.00      529.00        0.00
     0     0       95.00      522.00        0.00
     0     0       94.00      517.00        0.00
     0     0       94.00      509.00        0.00
     0     0       93.00      499.00        0.00
     0     0       91.00      488.00        0.00
     0     0       91.00      483.00        0.00
     0     0       90.00      476.00        0.00
     0     0       90.00      471.00        0.00
     0     0       90.00      466.00        0.00
     0     0       90.00      460.00        0.00
     0     0       91.00      455.00        0.00
     0     0       92.00      449.00        0.00
     0     0       93.00      443.00        0.00
     0     0       94.00      436.00        0.00
     0     0       94.00      430.00        0.00
     0     0       95.00      425.00        0.00
     0     0       97.00      422.00        0.00
     0     0       98.00      418.00        0.00
     0     0      100.00      414.00        0.00
     0     0      103.00      410.00        0.00
     0     0      106.00      405.00        0.00
     0     0      108.00      402.00        0.00
     0     0      112.00      397.00        0.00
     0     0      114.00      394.00        0.00
     0     0      116.00      390.00        0.00
     0     0      117.00      386.00        0.00
     0     0      119.00      383.00        0.00
     0     0      122.00      381.00        0.00
     0     0      125.00      379.00        0.00
     0     0      128.00      377.00        0.00
     0     0      131.00      375.00        0.00
     0     0      134.00      373.00        0.00
     0     0      137.00      372.00        0.00
     0     0      140.00      370.00        0.00
     0     0      144.00      369.00        0.00
     0     0      147.00      367.00        0.00
     0     0      150.00      365.00        0.00
     0     0      153.00      363.00        0.00
     0     0      156.00      361.00        0.00
     0     0      159.00      359.00        0.00
     0     0      163.00      357.00        0.00
     0     0      166.00      356.00        0.00
     0     0      170.00      355.00        0.00
     0     0      174.00      355.00        0.00
     0     0      178.00      354.00        0.00
     0     0      184.00      354.00        0.00
     0     0      190.00      355.00        0.00
     0     0      197.00      357.00        0.00
     0     0      200.00      358.00        0.00
     0     0      206.00      361.00        0.00
     0     0      214.00      362.00        0.00
     0     0      220.00      364.00        0.00
     0     0      226.00      366.00        0.00
     0     0      231.00      367.00        0.00
     0     0      237.00      369.00        0.00
     0     0      243.00      371.00        0.00
     0     0      248.00      373.00        0.00
     0     0      252.00      375.00        0.00
     0     0      258.00      379.00        0.00
     0     0      263.00      381.00        0.00
     0     0      268.00      383.00        0.00
     0     0      272.00      385.00        0.00
     0     0      280.00      389.00        0.00
     0     0      286.00      392.00        0.00
     0     0      291.00      396.00        0.00
     0     0      297.00      399.00        0.00
     0     0      300.00      400.00        0.00
     0     0      308.00      404.00        0.00
     0     0      312.00      405.00        0.00
     0     0      315.00      408.00        0.00
     0     0      320.00      410.00        0.00
     0     0      324.00      413.00        0.00
     0     0      329.00      416.00        0.00
     0     0      334.00      419.00        0.00
     0     0      339.00      424.00        0.00
     0     0      343.00      427.00        0.00
     0     0      349.00      431.00        0.00
     0     0      354.00      435.00        0.00
     0     0      360.00      440.00        0.00
     0     0      364.00      443.00        0.00
     0     0      368.00      445.00        0.00
     0     0      372.00      448.00        0.00
     0     0      375.00      450.00        0.00
     0     0      381.00      452.00        0.00
     0     0      386.00      454.00        0.00
     0     0      393.00      458.00        0.00
     0     0      399.00      461.00        0.00
     0     0      406.00      465.00        0.00
     0     0      411.00      468.00        0.00
     0     0      417.00      472.00        0.00
     0     0      424.00      474.00        0.00
     0     0      430.00      477.00        0.00
     0     0      436.00      481.00        0.00
     0     0      441.00      484.00        0.00
     0     0      449.00      487.00        0.00
     0     0      455.00      490.00        0.00
     0     0      461.00      494.00        0.00
     0     0      464.00      496.00        0.00
     0     0      470.00      499.00        0.00
     0     0      477.00      501.00        0.00
     0     0      482.00      503.00        0.00
     0     0      488.00      506.00        0.00
     0     0      494.00      509.00        0.00
     0     0      499.00      512.00        0.00
     0     0      505.00      515.00        0.00
     0     0      509.00      516.00        0.00
     0     0      514.00      519.00        0.00
     0     0      519.00      521.00        0.00
     0     0      522.00      523.00        0.00
     0     0      527.00      524.00        0.00
     0     0      537.00      526.00        0.00
     0     0      542.00      528.00        0.00
     0     0      549.00      529.00        0.00
     0     0      554.00      530.00        0.00
     0     0      562.00      531.00        0.00
     0     0      571.00      533.00        0.00
     0     0      574.00      534.00        0.00
     0     0      579.00      535.00        0.00
     0     0      584.00      536.00        0.00
     0     0      589.00      537.00        0.00
     0     0      595.00      538.00        0.00
     0     0      601.00      539.00        0.00
     0     0      606.00      539.00        0.00
     0     0      615.00      539.00        0.00
     0     0      622.00      540.00        0.00
     0     0      627.00      541.00        0.00
     0     0      631.00      541.00        0.00
     0     0      635.00      541.00        0.00
     0     0      643.00      541.00        0.00
     0     0      650.00      541.00        0.00
     0     0      658.00      541.00        0.00
     0     0      665.00      541.00        0.00
     0     0      673.00      542.00        0.00
     0     0      682.00      542.00        0.00
     0     0      694.00      540.00        0.00
     0     0      706.00      538.00        0.00
     0     0      722.00      537.00        0.00
     0     0      735.00      537.00        0.00
     0     0      744.00      537.00        0.00
     0     0      750.00      537.00        0.00
     0     0      754.00      537.00        0.00
     0     0      755.00      540.00        0.00
     0     0      757.00      543.00        0.00
     0     0      761.00      544.00        0.00
     0     0      765.00      545.00        0.00
     0     0      770.00      546.00        0.00
     0     0      773.00      547.00        0.00
     0     0      777.00      549.00        0.00
     0     0      785.00      552.00        0.00
     0     0      793.00      554.00        0.00
     0     0      800.00      555.00        0.00
     0     0      808.00      557.00        0.00
     0     0      816.00      558.00        0.00
     0     0      826.00      560.00        0.00
     0     0      834.00      561.00        0.00
     0     0      839.00      562.00        0.00
     0     0      845.00      564.00        0.00
     0     0      853.00      565.00        0.00
     0     0      858.00      568.00        0.00
     0     0      866.00      571.00        0.00
     0     0      870.00      572.00        0.00
     0     0      874.00      572.00        0.00
     0     0      881.00      572.00        0.00
     0     0      885.00      572.00        0.00
     0     0      889.00      574.00        0.00
     0     0      895.00      575.00        0.00
     0     0      903.00      577.00        0.00
     0     0      914.00      579.00        0.00
     0     0      921.00      580.00        0.00
     0     0      927.00      582.00        0.00
     0     0      936.00      585.00        0.00
     0     0      942.00      587.00        0.00
     0     0      949.00      591.00        0.00
     0     0      953.00      595.00        0.00
     0     0      957.00      600.00        0.00
     0     0      962.00      606.00        0.00
     0     0      968.00      614.00        0.00
     0     0      972.00      619.00        0.00
     0     0      976.00      624.00        0.00
     0     0      981.00      630.00        0.00
     0     0      986.00      635.00        0.00
     0     0      990.00      640.00        0.00
     0     0      993.00      645.00        0.00
     0     0      996.00      649.00        0.00
     0     0      997.00      654.00        0.00
     0     0      997.00      661.00        0.00
     0     0      997.00      666.00        0.00
     0     0      996.00      672.00        0.00
     0     0      994.00      677.00        0.00
     0     0      990.00      683.00        0.00
     0     0      984.00      688.00        0.00
     0     0      979.00      692.00        0.00
     0     0      973.00      697.00        0.00
     0     0      967.00      702.00        0.00
     0     0      962.00      704.00        0.00
     0     0      954.00      707.00        0.00
     0     0      948.00      709.00        0.00
     0     0      940.00      712.00        0.00
     0     0      933.00      714.00        0.00
     0     0      925.00      715.00        0.00
     0     0      917.00      718.00        0.00
     0     0      911.00      720.00        0.00
     0     0      905.00      722.00        0.00
     0     0      896.00      724.00        0.00
     0     0      888.00      726.00        0.00
     0     0      882.00      727.00        0.00
     0     0      877.00      728.00        0.00
     0     0      869.00      728.00        0.00
     0     0      859.00      727.00        0.00
     0     0      850.00      725.00        0.00
     0     0      841.00      723.00        0.00
     0     0      832.00      721.00        0.00
     0     0      820.00      719.00        0.00
     0     0      812.00      716.00        0.00
     0     0      803.00      713.00        0.00
     0     0      798.00      711.00        0.00
     0     0      791.00      709.00        0.00
     0     0      784.00      707.00        0.00
     0     0      779.00      705.00        0.00
     0     0      776.00      704.00        0.00
     0     0      770.00      701.00        0.00
     0     0      765.00      700.00        0.00
     0     0      758.00      699.00        0.00
     0     0      751.00      698.00        0.00
     0     0      746.00      697.00        0.00
     0     0      739.00      695.00        0.00
     0     0      734.00      694.00        0.00
     0     0      728.00      694.00        0.00
     0     0      720.00      693.00        0.00
     0     0      713.00      693.00        0.00
     0     0      706.00      693.00        0.00
     0     0      701.00      692.00        0.00
     0     0      695.00      692.00        0.00
     0     0      691.00      691.00        0.00
     0     0      683.00      690.00        0.00
     0     0      678.00      690.00        0.00
     0     0      673.00      690.00        0.00
     0     0      665.00      690.00        0.00
     0     0      661.00      690.00        0.00
     0     0      658.00      689.00        0.00
     0     0      654.00      689.00        0.00
     0     0      647.00      689.00        0.00
     0     0      642.00      689.00        0.00
     0     0      637.00      689.00        0.00
     0     0      633.00      689.00        0.00
     0     0      628.00      689.00        0.00
     0     0      623.00      689.00        0.00
     0     0      618.00      689.00        0.00
     0     0      612.00      689.00        0.00
     0     0      605.00      688.00        0.00
     0     0      599.00      688.00        0.00
     0     0      594.00      687.00        0.00
     0     0      587.00      686.00        0.00
     0     0      583.00      686.00        0.00
     0     0      579.00      686.00        0.00
     0     0      575.00      687.00        0.00
     0     0      571.00      688.00        0.00
     0     0      566.00      689.00        0.00
     0     0      562.00      690.00        0.00
     0     0      558.00      691.00        0.00
     0     0      554.00      691.00        0.00
     0     0      550.00      691.00        0.00
     0     0      546.00      691.00        0.00
     0     0      543.00      692.00        0.00
     0     0      538.00      692.00        0.00
     0     0      535.00      693.00        0.00
     0     0      531.00      693.00        0.00
     0     0      528.00      694.00        0.00
     0     0      524.00      695.00        0.00
     1     0      337.00      685.00        0.00
     1     0      333.00      687.00        0.00
     1     0      330.00      688.00        0.00
     1     0      327.00      689.00        0.00
     1     0      323.00      689.00        0.00
     1     0      320.00      690.00        0.00
     1     0      316.00      690.00        0.00
     1     0      312.00      689.00        0.00
     1     0      309.00      688.00        0.00
     1     0      307.00      685.00        0.00
     1     0      305.00      682.00        0.00
     1     0      304.00      679.00        0.00
     1     0      305.00      676.00        0.00
     1     0      306.00      673.00        0.00
     1     0      308.00      670.00        0.00
     1     0      311.00      668.00        0.00
     1     0      314.00      666.00        0.00
     1     0      317.00      665.00        0.00
     1     0      321.00      665.00        0.00
     1     0      324.00      664.00        0.00
     1     0      328.00      664.00        0.00
     1     0      332.00      664.00        0.00
     1     0      335.00      665.00        0.00
     1     0      338.00      667.00        0.00
     1     0      341.00      669.00        0.00
     1     0      341.00      673.00        0.00
     1     0      342.00      676.00        0.00
     1     1      500.00      496.00        0.00
     1     1      499.00      499.00        0.00
     1     1      496.00      500.00        0.00
     1     1      493.00      501.00        0.00
     1     1      490.00      502.00        0.00
     1     1      486.00      502.00        0.00
     1     1      484.00      499.00        0.00
     1     1      483.00      496.00        0.00
     1     1      483.00      492.00        0.00
     1     1      483.00      488.00        0.00
     1     1      485.00      485.00        0.00
     1     1      488.00      483.00        0.00
     1     1      491.00      482.00        0.00
     1     1      494.00      481.00        0.00
     1     1      497.00      482.00        0.00
     1     1      500.00      483.00        0.00
     1     1      501.00      486.00        0.00
     1     1      502.00      489.00        0.00
     1     2      554.00      517.00        0.00
     1     2      553.00      520.00        0.00
     1     2      550.00      522.00        0.00
     1     2      547.00      524.00        0.00
     1     2      544.00      525.00        0.00
     1     2      541.00      526.00        0.00
     1     2      537.00      526.00        0.00
     1     2      534.00      524.00        0.00
     1     2      531.00      522.00        0.00
     1     2      530.00      519.00        0.00
     1     2      527.00      516.00        0.00
     1     2      527.00      512.00        0.00
     1     2      528.00      509.00        0.00
     1     2      531.00      507.00        0.00
     1     2      535.00      507.00        0.00
     1     2      539.00      507.00        0.00
     1     2      543.00      507.00        0.00
     1     2      546.00      508.00        0.00
     1     3      594.00      522.00        0.00
     1     3      595.00      528.00        0.00
     1     3      594.00      531.00        0.00
     1     3      591.00      532.00        0.00
     1     3      588.00      533.00        0.00
     1     3      584.00      533.00        0.00
     1     3      580.00      533.00        0.00
     1     3      577.00      531.00        0.00
     1     3      574.00      530.00        0.00
     1     3      572.00      527.00        0.00
     1     3      569.00      525.00        0.00
     1     3      568.00      522.00        0.00
     1     3      568.00      518.00        0.00
     1     3      571.00      515.00        0.00
     1     3      573.00      512.00        0.00
     1     3      576.00      511.00        0.00
     1     3      579.00      510.00        0.00
     1     3      583.00      510.00        0.00
     1     3      587.00      510.00        0.00
     1     3      590.00      511.00        0.00
     1     3      592.00      514.00        0.00
     1     4      924.00      723.00        0.00
     1     4      924.00      727.00        0.00
     1     4      923.00      730.00        0.00
     1     4      921.00      733.00        0.00
     1     4      918.00      734.00        0.00
     1     4      915.00      736.00        0.00
     1     4      912.00      737.00        0.00
     1     4      908.00      737.00        0.00
     1     4      904.00      737.00        0.00
     1     4      903.00      734.00        0.00
     1     4      902.00      731.00        0.00
     1     4      902.00      727.00        0.00
     1     4      903.00      724.00        0.00
     1     4      904.00      721.00        0.00
     1     4      906.00      718.00        0.00
     1     4      909.00      716.00        0.00
     1     4      912.00      715.00        0.00
     1     4      916.00      715.00        0.00
     1     4      919.00      714.00        0.00
     1     4      923.00      714.00        0.00
     1     4      926.00      716.00        0.00
     1     5     1006.00      704.00        0.00
     1     5     1001.00      710.00        0.00
     1     5      998.00      711.00        0.00
     1     5      994.00      711.00        0.00
     1     5      991.00      709.00        0.00
     1     5      989.00      706.00        0.00
     1     5      988.00      703.00        0.00
     1     5      988.00      699.00        0.00
     1     5      988.00      695.00        0.00
     1     5      990.00      692.00        0.00
     1     5      993.00      689.00        0.00
     1     5      996.00      688.00        0.00
     1     5     1000.00      688.00        0.00
     1     5     1004.00      688.00        0.00
     1     5     1007.00      690.00        0.00
     1     5     1009.00      693.00        0.00
     1     5     1009.00      697.00        0.00
