     0     0      734.00      636.00        0.00
     0     0      721.00      632.00        0.00
     0     0      714.00      630.00        0.00
     0     0      711.00      628.00        0.00
     0     0      708.00      626.00        0.00
     0     0      704.00      625.00        0.00
     0     0      701.00      623.00        0.00
     0     0      697.00      622.00        0.00
     0     0      692.00      621.00        0.00
     0     0      689.00      620.00        0.00
     0     0      685.00      619.00        0.00
     0     0      679.00      619.00        0.00
     0     0      676.00      618.00        0.00
     0     0      672.00      618.00        0.00
     0     0      668.00      617.00        0.00
     0     0      664.00      616.00        0.00
     0     0      661.00      615.00        0.00
     0     0      658.00      614.00        0.00
     0     0      655.00      613.00        0.00
     0     0      651.00      612.00        0.00
     0     0      647.00      611.00        0.00
     0     0      644.00      609.00        0.00
     0     0      640.00      607.00        0.00
     0     0      637.00      605.00        0.00
     0     0      634.00      604.00        0.00
     0     0      631.00      603.00        0.00
     0     0      628.00      602.00        0.00
     0     0      625.00      601.00        0.00
     0     0      622.00      600.00        0.00
     0     0      618.00      599.00        0.00
     0     0      614.00      597.00        0.00
     0     0      611.00      596.00        0.00
     0     0      606.00      594.00        0.00
     0     0      602.00      593.00        0.00
     0     0      599.00      591.00        0.00
     0     0      596.00      589.00        0.00
     0     0      593.00      588.00        0.00
     0     0      590.00      586.00        0.00
     0     0      587.00      584.00        0.00
     0     0      585.00      581.00        0.00
     0     0      584.00      578.00        0.00
     0     0      582.00      575.00        0.00
     0     0      581.00      571.00        0.00
     0     0      580.00      567.00        0.00
     0     0      579.00      564.00        0.00
     0     0      578.00      561.00        0.00
     0     0      577.00      556.00        0.00
     0     0      576.00      552.00        0.00
     0     0      575.00      549.00        0.00
     0     0      575.00      545.00        0.00
     0     0      575.00      541.00        0.00
     0     0      576.00      537.00        0.00
     0     0      577.00      534.00        0.00
     0     0      578.00      531.00        0.00
     0     0      580.00      528.00        0.00
     0     0      582.00      525.00        0.00
     0     0      584.00      522.00        0.00
     0     0      587.00      520.00        0.00
     0     0      591.00      517.00        0.00
     0     0      594.00      515.00        0.00
     0     0      597.00      513.00        0.00
     0     0      600.00      511.00        0.00
     0     0      603.00      509.00        0.00
     0     0      607.00      506.00        0.00
     0     0      610.00      503.00        0.00
     0     0      613.00      501.00        0.00
     0     0      616.00      499.00        0.00
     0     0      619.00      498.00        0.00
     0     0      623.00      497.00        0.00
     0     0      626.00      495.00        0.00
     0     0      632.00      494.00        0.00
     0     0      637.00      493.00        0.00
     0     0      642.00      492.00        0.00
     0     0      647.00      492.00        0.00
     0     0      653.00      492.00        0.00
     0     0      657.00      492.00        0.00
     0     0      663.00      492.00        0.00
     0     0      666.00      493.00        0.00
     0     0      672.00      493.00        0.00
     0     0      678.00      493.00        0.00
     0     0      682.00      493.00        0.00
     0     0      686.00      493.00        0.00
     0     0      692.00      494.00        0.00
     0     0      696.00      495.00        0.00
     0     0      702.00      496.00        0.00
     0     0      707.00      497.00        0.00
     0     0      711.00      498.00        0.00
     0     0      716.00      500.00        0.00
     0     0      719.00      502.00        0.00
     0     0      722.00      503.00        0.00
     0     0      726.00      505.00        0.00
     0     0      729.00      507.00        0.00
     0     0      732.00      508.00        0.00
     0     0      737.00      512.00        0.00
     0     0      740.00      514.00        0.00
     0     0      745.00      517.00        0.00
     0     0      749.00      520.00        0.00
     0     0      753.00      523.00        0.00
     0     0      756.00      525.00        0.00
     0     0      760.00      527.00        0.00
     0     0      763.00      528.00        0.00
     0     0      766.00      530.00        0.00
     0     0      769.00      532.00        0.00
     0     0      772.00      534.00        0.00
     0     0      775.00      536.00        0.00
     0     0      778.00      539.00        0.00
     0     0      781.00      542.00        0.00
     0     0      784.00      545.00        0.00
     0     0      786.00      548.00        0.00
     0     0      789.00      551.00        0.00
     0     0      792.00      554.00        0.00
     0     0      794.00      557.00        0.00
     0     0      796.00      560.00        0.00
     0     0      799.00      563.00        0.00
     0     0      800.00      566.00        0.00
     0     0      803.00      570.00        0.00
     0     0      805.00      574.00        0.00
     0     0      807.00      578.00        0.00
     0     0      808.00      581.00        0.00
     0     0      810.00      585.00        0.00
     0     0      812.00      588.00        0.00
     0     0      814.00      591.00        0.00
     0     0      816.00      594.00        0.00
     0     0      818.00      597.00        0.00
     0     0      820.00      600.00        0.00
     0     0      822.00      603.00        0.00
     0     0      824.00      606.00        0.00
     0     0      825.00      609.00        0.00
     0     0      826.00      612.00        0.00
     0     0      826.00      616.00        0.00
     0     0      826.00      620.00        0.00
     0     0      826.00      624.00        0.00
     0     0      826.00      628.00        0.00
     0     0      826.00      632.00        0.00
     0     0      825.00      636.00        0.00
     0     0      824.00      640.00        0.00
     0     0      823.00      643.00        0.00
     0     0      822.00      647.00        0.00
     0     0      822.00      651.00        0.00
     0     0      822.00      655.00        0.00
     0     0      822.00      659.00        0.00
     0     0      821.00      663.00        0.00
     0     0      819.00      666.00        0.00
     0     0      817.00      669.00        0.00
     0     0      813.00      669.00        0.00
     0     0      809.00      668.00        0.00
     0     0      806.00      666.00        0.00
     0     0      804.00      663.00        0.00
     0     0      801.00      661.00        0.00
     0     0      798.00      658.00        0.00
     0     0      794.00      655.00        0.00
     0     0      791.00      653.00        0.00
     0     0      788.00      651.00        0.00
     0     0      785.00      650.00        0.00
     0     0      780.00      649.00        0.00
     0     0      776.00      649.00        0.00
     0     0      772.00      649.00        0.00
     0     0      769.00      648.00        0.00
     0     0      765.00      648.00        0.00
     0     0      761.00      647.00        0.00
     0     0      758.00      646.00        0.00
     0     0      755.00      645.00        0.00
     0     0      752.00      643.00        0.00
     0     1      981.00      804.00        0.00
     0     1      971.00      804.00        0.00
     0     1      967.00      804.00        0.00
     0     1      961.00      804.00        0.00
     0     1      957.00      804.00        0.00
     0     1      952.00      804.00        0.00
     0     1      948.00      804.00        0.00
     0     1      944.00      804.00        0.00
     0     1      939.00      803.00        0.00
     0     1      933.00      803.00        0.00
     0     1      930.00      802.00        0.00
     0     1      926.00      801.00        0.00
     0     1      921.00      799.00        0.00
     0     1      917.00      798.00        0.00
     0     1      913.00      796.00        0.00
     0     1      909.00      794.00        0.00
     0     1      904.00      792.00        0.00
     0     1      901.00      791.00        0.00
     0     1      897.00      788.00        0.00
     0     1      894.00      787.00        0.00
     0     1      891.00      785.00        0.00
     0     1      888.00      784.00        0.00
     0     1      883.00      783.00        0.00
     0     1      880.00      782.00        0.00
     0     1      876.00      781.00        0.00
     0     1      872.00      779.00        0.00
     0     1      869.00      778.00        0.00
     0     1      866.00      777.00        0.00
     0     1      863.00      776.00        0.00
     0     1      859.00      775.00        0.00
     0     1      855.00      774.00        0.00
     0     1      851.00      773.00        0.00
     0     1      848.00      772.00        0.00
     0     1      843.00      771.00        0.00
     0     1      837.00      770.00        0.00
     0     1      833.00      769.00        0.00
     0     1      827.00      769.00        0.00
     0     1      819.00      768.00        0.00
     0     1      812.00      767.00        0.00
     0     1      807.00      767.00        0.00
     0     1      800.00      766.00        0.00
     0     1      797.00      765.00        0.00
     0     1      792.00      764.00        0.00
     0     1      784.00      763.00        0.00
     0     1      778.00      762.00        0.00
     0     1      775.00      761.00        0.00
     0     1      772.00      759.00        0.00
     0     1      768.00      758.00        0.00
     0     1      761.00      756.00        0.00
     0     1      755.00      755.00        0.00
     0     1      751.00      753.00        0.00
     0     1      748.00      751.00        0.00
     0     1      745.00      750.00        0.00
     0     1      741.00      749.00        0.00
     0     1      733.00      746.00        0.00
     0     1      729.00      746.00        0.00
     0     1      725.00      745.00        0.00
     0     1      719.00      745.00        0.00
     0     1      711.00      744.00        0.00
     0     1      706.00      744.00        0.00
     0     1      703.00      743.00        0.00
     0     1      695.00      741.00        0.00
     0     1      687.00      739.00        0.00
     0     1      682.00      739.00        0.00
     0     1      677.00      739.00        0.00
     0     1      674.00      738.00        0.00
     0     1      669.00      738.00        0.00
     0     1      663.00      737.00        0.00
     0     1      657.00      737.00        0.00
     0     1      652.00      737.00        0.00
     0     1      645.00      736.00        0.00
     0     1      638.00      735.00        0.00
     0     1      635.00      734.00        0.00
     0     1      632.00      732.00        0.00
     0     1      628.00      732.00        0.00
     0     1      623.00      731.00        0.00
     0     1      620.00      730.00        0.00
     0     1      616.00      730.00        0.00
     0     1      611.00      728.00        0.00
     0     1      606.00      727.00        0.00
     0     1      600.00      725.00        0.00
     0     1      596.00      725.00        0.00
     0     1      593.00      724.00        0.00
     0     1      589.00      723.00        0.00
     0     1      583.00      721.00        0.00
     0     1      578.00      719.00        0.00
     0     1      575.00      718.00        0.00
     0     1      572.00      717.00        0.00
     0     1      565.00      714.00        0.00
     0     1      561.00      713.00        0.00
     0     1      556.00      710.00        0.00
     0     1      551.00      708.00        0.00
     0     1      546.00      705.00        0.00
     0     1      543.00      704.00        0.00
     0     1      539.00      701.00        0.00
     0     1      535.00      698.00        0.00
     0     1      531.00      696.00        0.00
     0     1      527.00      694.00        0.00
     0     1      522.00      690.00        0.00
     0     1      517.00      688.00        0.00
     0     1      514.00      687.00        0.00
     0     1      510.00      684.00        0.00
     0     1      505.00      682.00        0.00
     0     1      499.00      679.00        0.00
     0     1      495.00      676.00        0.00
     0     1      492.00      675.00        0.00
     0     1      489.00      672.00        0.00
     0     1      486.00      670.00        0.00
     0     1      482.00      667.00        0.00
     0     1      479.00      665.00        0.00
     0     1      475.00      663.00        0.00
     0     1      472.00      661.00        0.00
     0     1      469.00      659.00        0.00
     0     1      466.00      657.00        0.00
     0     1      462.00      654.00        0.00
     0     1      459.00      652.00        0.00
     0     1      455.00      650.00        0.00
     0     1      450.00      646.00        0.00
     0     1      446.00      644.00        0.00
     0     1      442.00      640.00        0.00
     0     1      436.00      637.00        0.00
     0     1      433.00      634.00        0.00
     0     1      428.00      630.00        0.00
     0     1      424.00      627.00        0.00
     0     1      422.00      624.00        0.00
     0     1      419.00      620.00        0.00
     0     1      414.00      617.00        0.00
     0     1      411.00      614.00        0.00
     0     1      408.00      612.00        0.00
     0     1      405.00      608.00        0.00
     0     1      400.00      605.00        0.00
     0     1      396.00      603.00        0.00
     0     1      394.00      600.00        0.00
     0     1      391.00      597.00        0.00
     0     1      389.00      594.00        0.00
     0     1      387.00      591.00        0.00
     0     1      385.00      588.00        0.00
     0     1      383.00      585.00        0.00
     0     1      379.00      580.00        0.00
     0     1      378.00      577.00        0.00
     0     1      377.00      574.00        0.00
     0     1      376.00      571.00        0.00
     0     1      373.00      567.00        0.00
     0     1      361.00      547.00        0.00
     0     1      355.00      538.00        0.00
     0     1      354.00      534.00        0.00
     0     1      353.00      531.00        0.00
     0     1      351.00      527.00        0.00
     0     1      350.00      524.00        0.00
     0     1      349.00      521.00        0.00
     0     1      348.00      517.00        0.00
     0     1      346.00      513.00        0.00
     0     1      345.00      509.00        0.00
     0     1      344.00      504.00        0.00
     0     1      342.00      498.00        0.00
     0     1      341.00      495.00        0.00
     0     1      340.00      492.00        0.00
     0     1      338.00      487.00        0.00
     0     1      338.00      483.00        0.00
     0     1      338.00      479.00        0.00
     0     1      337.00      476.00        0.00
     0     1      337.00      472.00        0.00
     0     1      337.00      467.00        0.00
     0     1      337.00      461.00        0.00
     0     1      338.00      457.00        0.00
     0     1      339.00      453.00        0.00
     0     1      340.00      450.00        0.00
     0     1      341.00      446.00        0.00
     0     1      342.00      442.00        0.00
     0     1      342.00      437.00        0.00
     0     1      342.00      433.00        0.00
     0     1      342.00      427.00        0.00
     0     1      342.00      423.00        0.00
     0     1      342.00      419.00        0.00
     0     1      342.00      415.00        0.00
     0     1      342.00      409.00        0.00
     0     1      342.00      405.00        0.00
     0     1      343.00      400.00        0.00
     0     1      343.00      395.00        0.00
     0     1      344.00      390.00        0.00
     0     1      345.00      385.00        0.00
     0     1      345.00      381.00        0.00
     0     1      346.00      376.00        0.00
     0     1      347.00      373.00        0.00
     0     1      347.00      368.00        0.00
     0     1      347.00      363.00        0.00
     0     1      348.00      360.00        0.00
     0     1      349.00      357.00        0.00
     0     1      350.00      353.00        0.00
     0     1      351.00      350.00        0.00
     0     1      354.00      347.00        0.00
     0     1      358.00      344.00        0.00
     0     1      361.00      342.00        0.00
     0     1      364.00      341.00        0.00
     0     1      369.00      341.00        0.00
     0     1      374.00      342.00        0.00
     0     1      379.00      343.00        0.00
     0     1      382.00      344.00        0.00
     0     1      385.00      346.00        0.00
     0     1      389.00      348.00        0.00
     0     1      392.00      351.00        0.00
     0     1      395.00      355.00        0.00
     0     1      398.00      358.00        0.00
     0     1      399.00      361.00        0.00
     0     1      401.00      365.00        0.00
     0     1      404.00      369.00        0.00
     0     1      406.00      373.00        0.00
     0     1      408.00      377.00        0.00
     0     1      410.00      382.00        0.00
     0     1      412.00      385.00        0.00
     0     1      415.00      390.00        0.00
     0     1      417.00      393.00        0.00
     0     1      419.00      398.00        0.00
     0     1      423.00      402.00        0.00
     0     1      425.00      406.00        0.00
     0     1      429.00      411.00        0.00
     0     1      433.00      415.00        0.00
     0     1      438.00      418.00        0.00
     0     1      442.00      422.00        0.00
     0     1      447.00      425.00        0.00
     0     1      452.00      428.00        0.00
     0     1      456.00      431.00        0.00
     0     1      460.00      433.00        0.00
     0     1      464.00      435.00        0.00
     0     1      469.00      438.00        0.00
     0     1      474.00      441.00        0.00
     0     1      478.00      443.00        0.00
     0     1      481.00      444.00        0.00
     0     1      486.00      448.00        0.00
     0     1      489.00      450.00        0.00
     0     1      492.00      452.00        0.00
     0     1      495.00      455.00        0.00
     0     1      498.00      458.00        0.00
     0     1      500.00      462.00        0.00
     0     1      503.00      467.00        0.00
     0     1      504.00      470.00        0.00
     0     1      506.00      473.00        0.00
     0     1      507.00      477.00        0.00
     0     1      509.00      480.00        0.00
     0     1      510.00      484.00        0.00
     0     1      512.00      487.00        0.00
     0     1      513.00      491.00        0.00
     0     1      515.00      494.00        0.00
     0     1      516.00      498.00        0.00
     0     1      517.00      503.00        0.00
     0     1      526.00      528.00        0.00
     0     1      526.00      540.00        0.00
     0     1      526.00      545.00        0.00
     0     1      527.00      548.00        0.00
     0     1      528.00      552.00        0.00
     0     1      530.00      556.00        0.00
     0     1      531.00      560.00        0.00
     0     1      533.00      563.00        0.00
     0     1      535.00      566.00        0.00
     0     1      537.00      571.00        0.00
     0     1      539.00      574.00        0.00
     0     1      540.00      577.00        0.00
     0     1      542.00      580.00        0.00
     0     1      545.00      583.00        0.00
     0     1      547.00      586.00        0.00
     0     1      550.00      589.00        0.00
     0     1      553.00      591.00        0.00
     0     1      557.00      594.00        0.00
     0     1      560.00      596.00        0.00
     0     1      563.00      599.00        0.00
     0     1      568.00      602.00        0.00
     0     1      571.00      604.00        0.00
     0     1      576.00      607.00        0.00
     0     1      581.00      610.00        0.00
     0     1      584.00      612.00        0.00
     0     1      589.00      614.00        0.00
     0     1      593.00      615.00        0.00
     0     1      598.00      617.00        0.00
     0     1      602.00      619.00        0.00
     0     1      605.00      620.00        0.00
     0     1      609.00      622.00        0.00
     0     1      614.00      624.00        0.00
     0     1      618.00      626.00        0.00
     0     1      621.00      627.00        0.00
     0     1      626.00      629.00        0.00
     0     1      629.00      631.00        0.00
     0     1      632.00      632.00        0.00
     0     1      635.00      634.00        0.00
     0     1      639.00      636.00        0.00
     0     1      645.00      637.00        0.00
     0     1      648.00      639.00        0.00
     0     1      651.00      641.00        0.00
     0     1      656.00      642.00        0.00
     0     1      661.00      645.00        0.00
     0     1      666.00      646.00        0.00
     0     1      669.00      647.00        0.00
     0     1      673.00      649.00        0.00
     0     1      678.00      650.00        0.00
     0     1      684.00      651.00        0.00
     0     1      687.00      653.00        0.00
     0     1      690.00      654.00        0.00
     0     1      694.00      655.00        0.00
     0     1      702.00      657.00        0.00
     0     1      706.00      658.00        0.00
     0     1      709.00      659.00        0.00
     0     1      715.00      662.00        0.00
     0     1      720.00      663.00        0.00
     0     1      723.00      665.00        0.00
     0     1      727.00      666.00        0.00
     0     1      731.00      668.00        0.00
     0     1      736.00      669.00        0.00
     0     1      740.00      670.00        0.00
     0     1      744.00      671.00        0.00
     0     1      748.00      672.00        0.00
     0     1      753.00      673.00        0.00
     0     1      756.00      674.00        0.00
     0     1      760.00      675.00        0.00
     0     1      766.00      677.00        0.00
     0     1      769.00      678.00        0.00
     0     1      772.00      679.00        0.00
     0     1      776.00      680.00        0.00
     0     1      782.00      682.00        0.00
     0     1      785.00      683.00        0.00
     0     1      789.00      684.00        0.00
     0     1      795.00      685.00        0.00
     0     1      798.00      686.00        0.00
     0     1      802.00      687.00        0.00
     0     1      809.00      688.00        0.00
     0     1      814.00      689.00        0.00
     0     1      819.00      690.00        0.00
     0     1      825.00      692.00        0.00
     0     1      829.00      692.00        0.00
     0     1      834.00      692.00        0.00
     0     1      840.00      693.00        0.00
     0     1      844.00      692.00        0.00
     0     1      853.00      691.00        0.00
     0     1      860.00      690.00        0.00
     0     1      866.00      689.00        0.00
     0     1      872.00      689.00        0.00
     0     1      877.00      689.00        0.00
     0     1      882.00      687.00        0.00
     0     1      887.00      686.00        0.00
     0     1      891.00      686.00        0.00
     0     1      896.00      684.00        0.00
     0     1      900.00      683.00        0.00
     0     1      905.00      681.00        0.00
     0     1      910.00      680.00        0.00
     0     1      914.00      679.00        0.00
     0     1      918.00      678.00        0.00
     0     1      922.00      678.00        0.00
     0     1      929.00      677.00        0.00
     0     1      935.00      677.00        0.00
     0     1      942.00      677.00        0.00
     0     1      947.00      677.00        0.00
     0     1      955.00      677.00        0.00
     0     1      960.00      677.00        0.00
     0     1      966.00      678.00        0.00
     0     1      971.00      678.00        0.00
     0     1      974.00      679.00        0.00
     0     1      978.00      680.00        0.00
     0     1      981.00      681.00        0.00
     0     1      985.00      683.00        0.00
     0     1      988.00      685.00        0.00
     0     1      994.00      687.00        0.00
     0     1      997.00      689.00        0.00
     0     1     1001.00      692.00        0.00
     0     1     1004.00      694.00        0.00
     0     1     1007.00      697.00        0.00
     0     1     1009.00      700.00        0.00
     0     1     1011.00      703.00        0.00
     0     1     1013.00      707.00        0.00
     0     1     1014.00      710.00        0.00
     0     1     1015.00      713.00        0.00
     0     1     1016.00      718.00        0.00
     0     1     1017.00      722.00        0.00
     0     1     1018.00      725.00        0.00
     0     1     1021.00      729.00        0.00
     0     1     1023.00      733.00        0.00
     0     1     1025.00      737.00        0.00
     0     1     1027.00      740.00        0.00
     0     1     1029.00      743.00        0.00
     0     1     1031.00      746.00        0.00
     0     1     1032.00      749.00        0.00
     0     1     1032.00      753.00        0.00
     0     1     1033.00      756.00        0.00
     0     1     1033.00      760.00        0.00
     0     1     1032.00      763.00        0.00
     0     1     1031.00      766.00        0.00
     0     1     1030.00      770.00        0.00
     0     1     1028.00      773.00        0.00
     0     1     1027.00      776.00        0.00
     0     1     1026.00      779.00        0.00
     0     1     1024.00      782.00        0.00
     0     1     1022.00      785.00        0.00
     0     1     1020.00      788.00        0.00
     0     1     1017.00      791.00        0.00
     0     1     1014.00      794.00        0.00
     0     1     1012.00      797.00        0.00
     0     1     1009.00      800.00        0.00
     0     1     1006.00      803.00        0.00
     0     1     1002.00      803.00        0.00
     0     2      126.00      185.00        0.00
     0     2      126.00      195.00        0.00
     0     2      126.00      199.00        0.00
     0     2      126.00      204.00        0.00
     0     2      126.00      209.00        0.00
     0     2      127.00      213.00        0.00
     0     2      129.00      219.00        0.00
     0     2      129.00      223.00        0.00
     0     2      129.00      227.00        0.00
     0     2      130.00      232.00        0.00
     0     2      131.00      237.00        0.00
     0     2      132.00      241.00        0.00
     0     2      134.00      247.00        0.00
     0     2      134.00      252.00        0.00
     0     2      135.00      256.00        0.00
     0     2      136.00      261.00        0.00
     0     2      138.00      266.00        0.00
     0     2      139.00      270.00        0.00
     0     2      141.00      275.00        0.00
     0     2      142.00      280.00        0.00
     0     2      144.00      285.00        0.00
     0     2      145.00      289.00        0.00
     0     2      147.00      292.00        0.00
     0     2      149.00      296.00        0.00
     0     2      151.00      301.00        0.00
     0     2      152.00      305.00        0.00
     0     2      154.00      310.00        0.00
     0     2      156.00      316.00        0.00
     0     2      157.00      321.00        0.00
     0     2      159.00      324.00        0.00
     0     2      163.00      331.00        0.00
     0     2      165.00      336.00        0.00
     0     2      169.00      341.00        0.00
     0     2      172.00      346.00        0.00
     0     2      174.00      350.00        0.00
     0     2      179.00      356.00        0.00
     0     2      182.00      360.00        0.00
     0     2      184.00      364.00        0.00
     0     2      186.00      367.00        0.00
     0     2      188.00      371.00        0.00
     0     2      190.00      375.00        0.00
     0     2      192.00      378.00        0.00
     0     2      194.00      382.00        0.00
     0     2      197.00      386.00        0.00
     0     2      200.00      389.00        0.00
     0     2      202.00      394.00        0.00
     0     2      204.00      398.00        0.00
     0     2      207.00      401.00        0.00
     0     2      209.00      404.00        0.00
     0     2      210.00      407.00        0.00
     0     2      213.00      411.00        0.00
     0     2      215.00      414.00        0.00
     0     2      218.00      416.00        0.00
     0     2      222.00      420.00        0.00
     0     2      224.00      423.00        0.00
     0     2      228.00      427.00        0.00
     0     2      231.00      430.00        0.00
     0     2      234.00      433.00        0.00
     0     2      237.00      435.00        0.00
     0     2      240.00      437.00        0.00
     0     2      243.00      438.00        0.00
     0     2      246.00      439.00        0.00
     0     2      250.00      439.00        0.00
     0     2      254.00      439.00        0.00
     0     2      260.00      439.00        0.00
     0     2      264.00      439.00        0.00
     0     2      267.00      438.00        0.00
     0     2      271.00      437.00        0.00
     0     2      275.00      435.00        0.00
     0     2      279.00      433.00        0.00
     0     2      282.00      431.00        0.00
     0     2      285.00      429.00        0.00
     0     2      288.00      425.00        0.00
     0     2      292.00      421.00        0.00
     0     2      294.00      417.00        0.00
     0     2      295.00      414.00        0.00
     0     2      296.00      409.00        0.00
     0     2      297.00      406.00        0.00
     0     2      298.00      400.00        0.00
     0     2      299.00      396.00        0.00
     0     2      300.00      391.00        0.00
     0     2      300.00      387.00        0.00
     0     2      301.00      382.00        0.00
     0     2      302.00      376.00        0.00
     0     2      303.00      371.00        0.00
     0     2      304.00      368.00        0.00
     0     2      305.00      364.00        0.00
     0     2      306.00      361.00        0.00
     0     2      307.00      357.00        0.00
     0     2      308.00      354.00        0.00
     0     2      309.00      350.00        0.00
     0     2      310.00      347.00        0.00
     0     2      311.00      343.00        0.00
     0     2      311.00      338.00        0.00
     0     2      311.00      334.00        0.00
     0     2      311.00      330.00        0.00
     0     2      311.00      325.00        0.00
     0     2      311.00      320.00        0.00
     0     2      311.00      315.00        0.00
     0     2      310.00      311.00        0.00
     0     2      310.00      307.00        0.00
     0     2      309.00      302.00        0.00
     0     2      308.00      298.00        0.00
     0     2      307.00      293.00        0.00
     0     2      305.00      289.00        0.00
     0     2      304.00      285.00        0.00
     0     2      303.00      282.00        0.00
     0     2      300.00      278.00        0.00
     0     2      299.00      275.00        0.00
     0     2      297.00      272.00        0.00
     0     2      294.00      267.00        0.00
     0     2      292.00      264.00        0.00
     0     2      290.00      260.00        0.00
     0     2      288.00      255.00        0.00
     0     2      287.00      251.00        0.00
     0     2      286.00      247.00        0.00
     0     2      286.00      241.00        0.00
     0     2      285.00      237.00        0.00
     0     2      285.00      232.00        0.00
     0     2      284.00      227.00        0.00
     0     2      283.00      222.00        0.00
     0     2      282.00      216.00        0.00
     0     2      281.00      212.00        0.00
     0     2      279.00      208.00        0.00
     0     2      277.00      202.00        0.00
     0     2      276.00      198.00        0.00
     0     2      275.00      194.00        0.00
     0     2      274.00      191.00        0.00
     0     2      272.00      187.00        0.00
     0     2      271.00      184.00        0.00
     0     2      270.00      181.00        0.00
     0     2      268.00      178.00        0.00
     0     2      266.00      173.00        0.00
     0     2      265.00      170.00        0.00
     0     2      263.00      167.00        0.00
     0     2      260.00      162.00        0.00
     0     2      257.00      158.00        0.00
     0     2      255.00      155.00        0.00
     0     2      252.00      151.00        0.00
     0     2      250.00      148.00        0.00
     0     2      248.00      143.00        0.00
     0     2      246.00      139.00        0.00
     0     2      243.00      134.00        0.00
     0     2      242.00      130.00        0.00
     0     2      240.00      125.00        0.00
     0     2      238.00      121.00        0.00
     0     2      237.00      118.00        0.00
     0     2      236.00      114.00        0.00
     0     2      234.00      110.00        0.00
     0     2      232.00      106.00        0.00
     0     2      231.00      103.00        0.00
     0     2      229.00       99.00        0.00
     0     2      227.00       96.00        0.00
     0     2      226.00       93.00        0.00
     0     2      224.00       90.00        0.00
     0     2      223.00       87.00        0.00
     0     2      221.00       84.00        0.00
     0     2      219.00       80.00        0.00
     0     2      217.00       76.00        0.00
     0     2      215.00       73.00        0.00
     0     2      212.00       69.00        0.00
     0     2      210.00       66.00        0.00
     0     2      208.00       63.00        0.00
     0     2      204.00       59.00        0.00
     0     2      200.00       55.00        0.00
     0     2      197.00       51.00        0.00
     0     2      191.00       47.00        0.00
     0     2      185.00       42.00        0.00
     0     2      180.00       39.00        0.00
     0     2      174.00       35.00        0.00
     0     2      168.00       33.00        0.00
     0     2      162.00       32.00        0.00
     0     2      155.00       31.00        0.00
     0     2      149.00       29.00        0.00
     0     2      144.00       29.00        0.00
     0     2      136.00       29.00        0.00
     0     2      130.00       29.00        0.00
     0     2      125.00       30.00        0.00
     0     2      117.00       32.00        0.00
     0     2      110.00       33.00        0.00
     0     2      104.00       35.00        0.00
     0     2       99.00       38.00        0.00
     0     2       95.00       42.00        0.00
     0     2       92.00       45.00        0.00
     0     2       88.00       52.00        0.00
     0     2       85.00       57.00        0.00
     0     2       83.00       61.00        0.00
     0     2       82.00       66.00        0.00
     0     2       83.00       72.00        0.00
     0     2       84.00       78.00        0.00
     0     2       84.00       85.00        0.00
     0     2       85.00       89.00        0.00
     0     2       86.00       96.00        0.00
     0     2       87.00      101.00        0.00
     0     2       88.00      104.00        0.00
     0     2       89.00      109.00        0.00
     0     2       91.00      114.00        0.00
     0     2       93.00      120.00        0.00
     0     2       95.00      125.00        0.00
     0     2       96.00      129.00        0.00
     0     2       99.00      132.00        0.00
     0     2      100.00      135.00        0.00
     0     2      103.00      137.00        0.00
     0     2      105.00      141.00        0.00
     0     2      108.00      145.00        0.00
     0     2      110.00      148.00        0.00
     0     2      112.00      151.00        0.00
     0     2      114.00      154.00        0.00
     0     2      115.00      157.00        0.00
     0     2      116.00      160.00        0.00
     0     2      117.00      163.00        0.00
     0     4      956.67     1030.33        0.00
     0     4      957.33     1027.00        0.00
     0     4      958.67     1021.67        0.00
     0     4      960.67     1017.67        0.00
     0     4      962.67     1015.00        0.00
     0     4      965.33     1012.33        0.00
     0     4      968.00     1009.67        0.00
     0     4      970.00     1007.00        0.00
     0     4      972.00     1004.33        0.00
     0     4      974.00     1001.67        0.00
     0     4      977.33      999.67        0.00
     0     4      981.33      997.67        0.00
     0     4      986.67      995.67        0.00
     0     4      990.00      995.00        0.00
     0     4      994.00      993.67        0.00
     0     4      998.00      993.00        0.00
     0     4     1002.00      991.00        0.00
     0     4     1005.33      990.33        0.00
     0     4     1009.33      989.67        0.00
     0     4     1013.33      988.33        0.00
     0     4     1016.67      987.67        0.00
     0     4     1020.67      987.00        0.00
     0     4     1024.00      986.33        0.00
     0     4     1027.33      985.67        0.00
     0     4     1032.00      985.67        0.00
     0     4     1036.00      985.67        0.00
     0     4     1041.33      985.67        0.00
     0     4     1044.67      985.67        0.00
     0     4     1049.33      985.67        0.00
     0     4     1054.00      987.00        0.00
     0     4     1057.33      987.00        0.00
     0     4     1060.67      988.33        0.00
     0     4     1065.33      989.67        0.00
     0     4     1068.67      991.00        0.00
     0     4     1072.67      992.33        0.00
     0     4     1076.67      994.33        0.00
     0     4     1080.67      996.33        0.00
     0     4     1084.67      997.67        0.00
     0     4     1088.67      999.67        0.00
     0     4     1092.67     1001.67        0.00
     0     4     1097.33     1003.00        0.00
     0     4     1100.67     1004.33        0.00
     0     4     1104.00     1005.67        0.00
     0     4     1107.33     1007.67        0.00
     0     4     1110.67     1009.67        0.00
     0     4     1113.33     1011.67        0.00
     0     4     1116.00     1013.67        0.00
     0     4     1119.33     1015.00        0.00
     0     4     1122.67     1017.67        0.00
     0     4     1124.67     1020.33        0.00
     0     4     1127.33     1022.33        0.00
     0     4     1129.33     1025.00        0.00
     0     4     1131.33     1027.67        0.00
     0     4     1134.00     1029.67        0.00
     0     5     1008.00      973.67        0.00
     0     5     1002.67      973.00        0.00
     0     5      998.67      972.33        0.00
     0     5      995.33      971.67        0.00
     0     5      991.33      970.33        0.00
     0     5      987.33      969.67        0.00
     0     5      982.67      968.33        0.00
     0     5      978.00      967.00        0.00
     0     5      974.67      965.67        0.00
     0     5      970.00      963.67        0.00
     0     5      966.00      961.67        0.00
     0     5      962.00      960.33        0.00
     0     5      958.67      958.33        0.00
     0     5      955.33      957.00        0.00
     0     5      952.67      954.33        0.00
     0     5      948.00      951.00        0.00
     0     5      945.33      949.00        0.00
     0     5      943.33      945.67        0.00
     0     5      940.67      943.00        0.00
     0     5      937.33      940.33        0.00
     0     5      933.33      937.00        0.00
     0     5      930.67      933.00        0.00
     0     5      928.67      929.67        0.00
     0     5      926.67      927.00        0.00
     0     5      924.00      923.67        0.00
     0     5      922.67      919.67        0.00
     0     5      922.00      915.67        0.00
     0     5      921.33      912.33        0.00
     0     5      921.33      909.00        0.00
     0     5      920.67      905.67        0.00
     0     5      920.00      901.67        0.00
     0     5      918.00      897.67        0.00
     0     5      917.33      893.67        0.00
     0     5      917.33      889.67        0.00
     0     5      917.33      885.67        0.00
     0     5      917.33      881.67        0.00
     0     5      918.67      878.33        0.00
     0     5      920.00      875.00        0.00
     0     5      922.00      871.67        0.00
     0     5      924.00      869.00        0.00
     0     5      926.00      866.33        0.00
     0     5      928.00      863.67        0.00
     0     5      930.00      860.33        0.00
     0     5      933.33      857.67        0.00
     0     5      936.00      854.33        0.00
     0     5      938.00      851.00        0.00
     0     5      940.67      848.33        0.00
     0     5      942.67      845.67        0.00
     0     5      946.00      843.67        0.00
     0     5      949.33      841.67        0.00
     0     5      952.67      840.33        0.00
     0     5      957.33      838.33        0.00
     0     5      960.67      837.00        0.00
     0     5      964.00      835.67        0.00
     0     5      967.33      835.00        0.00
     0     5      970.67      833.67        0.00
     0     5      976.00      832.33        0.00
     0     5      979.33      831.00        0.00
     0     5      984.00      830.33        0.00
     0     5      988.67      829.67        0.00
     0     5      992.00      829.00        0.00
     0     5      995.33      827.67        0.00
     0     5      999.33      827.00        0.00
     0     5     1002.67      827.00        0.00
     0     5     1006.00      826.33        0.00
     0     5     1009.33      825.67        0.00
     0     5     1014.67      825.67        0.00
     0     5     1018.67      825.67        0.00
     0     5     1022.67      825.67        0.00
     0     5     1026.67      825.67        0.00
     0     5     1031.33      825.00        0.00
     0     5     1034.67      825.00        0.00
     0     5     1039.33      825.00        0.00
     0     5     1044.00      825.00        0.00
     0     5     1048.00      825.00        0.00
     0     5     1051.33      824.33        0.00
     0     5     1054.67      823.67        0.00
     0     5     1058.00      823.00        0.00
     0     5     1062.67      823.00        0.00
     0     5     1066.67      823.00        0.00
     0     5     1070.67      824.33        0.00
     0     5     1074.00      825.00        0.00
     0     5     1077.33      825.67        0.00
     0     5     1081.33      827.00        0.00
     0     5     1086.00      828.33        0.00
     0     5     1089.33      830.33        0.00
     0     5     1094.00      832.33        0.00
     0     5     1098.00      834.33        0.00
     0     5     1102.00      836.33        0.00
     0     5     1105.33      838.33        0.00
     0     5     1108.67      841.67        0.00
     0     5     1111.33      844.33        0.00
     0     5     1114.67      846.33        0.00
     0     5     1118.67      849.67        0.00
     0     5     1121.33      851.67        0.00
     0     5     1124.00      853.67        0.00
     0     5     1126.67      856.33        0.00
     0     5     1130.67      859.00        0.00
     0     5     1134.00      861.00        0.00
     0     5     1136.67      863.67        0.00
     0     5     1140.00      866.33        0.00
     0     5     1143.33      869.00        0.00
     0     5     1145.33      873.00        0.00
     0     5     1147.33      876.33        0.00
     0     5     1148.00      879.67        0.00
     0     5     1149.33      883.67        0.00
     0     5     1149.33      887.00        0.00
     0     5     1149.33      891.00        0.00
     0     5     1149.33      896.33        0.00
     0     5     1148.67      900.33        0.00
     0     5     1147.33      905.67        0.00
     0     5     1146.67      910.33        0.00
     0     5     1145.33      914.33        0.00
     0     5     1144.00      917.67        0.00
     0     5     1142.00      921.67        0.00
     0     5     1139.33      925.67        0.00
     0     5     1136.67      929.67        0.00
     0     5     1134.00      932.33        0.00
     0     5     1131.33      935.00        0.00
     0     5     1128.67      937.00        0.00
     0     5     1126.00      939.00        0.00
     0     5     1122.67      941.67        0.00
     0     5     1120.00      943.67        0.00
     0     5     1117.33      946.33        0.00
     0     5     1112.67      949.00        0.00
     0     5     1108.67      951.00        0.00
     0     5     1104.67      951.67        0.00
     0     5     1101.33      952.33        0.00
     0     5     1097.33      954.33        0.00
     0     5     1094.00      956.33        0.00
     0     5     1090.00      957.00        0.00
     0     5     1086.00      959.00        0.00
     0     5     1082.00      960.33        0.00
     0     5     1078.00      962.33        0.00
     0     5     1074.67      963.67        0.00
     0     5     1070.00      965.00        0.00
     0     5     1066.00      965.67        0.00
     0     5     1062.67      966.33        0.00
     0     5     1059.33      967.00        0.00
     0     5     1056.00      967.67        0.00
     0     5     1052.00      968.33        0.00
     0     5     1048.67      968.33        0.00
     0     5     1043.33      969.67        0.00
     0     5     1038.67      969.67        0.00
     0     5     1035.33      969.67        0.00
     0     5     1032.00      971.00        0.00
     0     5     1028.67      971.00        0.00
     0     5     1025.33      971.00        0.00
     1     0      908.00      925.00        0.00
     1     0      906.00      926.33        0.00
     1     0      902.67      927.00        0.00
     1     0      899.33      925.00        0.00
     1     0      898.00      921.67        0.00
     1     0      897.33      918.33        0.00
     1     0      896.67      915.00        0.00
     1     0      896.67      911.67        0.00
     1     0      899.33      909.00        0.00
     1     0      902.00      907.00        0.00
     1     0      905.33      907.00        0.00
     1     0      908.67      908.33        0.00
     1     0      911.33      911.67        0.00
     1     0      913.33      915.00        0.00
     1     0      914.00      918.33        0.00
     1     0      913.33      921.67        0.00
     1     1     1167.33      948.33        0.00
     1     1     1163.33      949.67        0.00
     1     1     1160.00      949.67        0.00
     1     1     1156.67      948.33        0.00
     1     1     1154.67      945.67        0.00
     1     1     1155.33      942.33        0.00
     1     1     1158.00      939.67        0.00
     1     1     1160.67      937.67        0.00
     1     1     1164.00      937.00        0.00
     1     1     1167.33      937.00        0.00
     1     1     1169.33      940.33        0.00
     1     2     1157.33      931.67        0.00
     1     2     1156.00      935.67        0.00
     1     2     1153.33      938.33        0.00
     1     2     1150.00      939.67        0.00
     1     2     1146.67      939.00        0.00
     1     2     1144.67      936.33        0.00
     1     2     1142.67      931.67        0.00
     1     2     1142.67      928.33        0.00
     1     2     1145.33      925.67        0.00
     1     2     1148.00      923.67        0.00
     1     2     1151.33      923.00        0.00
     1     2     1154.00      925.00        0.00
     1     2     1155.33      928.33        0.00
     1     3     1042.67      808.33        0.00
     1     3     1035.33      810.33        0.00
     1     3     1031.33      809.00        0.00
     1     3     1029.33      805.00        0.00
     1     3     1028.00      801.00        0.00
     1     3     1028.67      797.67        0.00
     1     3     1031.33      794.33        0.00
     1     3     1033.33      791.67        0.00
     1     3     1036.67      791.00        0.00
     1     3     1040.00      791.00        0.00
     1     3     1043.33      792.33        0.00
     1     3     1046.67      794.33        0.00
     1     3     1048.67      797.00        0.00
     1     3     1048.67      801.00        0.00
     1     3     1046.67      803.67        0.00
     1     4      792.00      776.00        0.00
     1     4      788.67      777.33        0.00
     1     4      784.67      777.33        0.00
     1     4      780.67      776.67        0.00
     1     4      776.67      774.00        0.00
     1     4      774.67      771.33        0.00
     1     4      774.00      768.00        0.00
     1     4      774.00      764.00        0.00
     1     4      774.67      760.00        0.00
     1     4      776.67      757.33        0.00
     1     4      779.33      755.33        0.00
     1     4      782.00      753.33        0.00
     1     4      785.33      753.33        0.00
     1     4      788.67      753.33        0.00
     1     4      791.33      755.33        0.00
     1     4      794.00      758.00        0.00
     1     4      794.67      761.33        0.00
     1     4      796.00      764.67        0.00
     1     4      796.00      768.00        0.00
     1     5      823.33      770.00        0.00
     1     5      819.33      771.33        0.00
     1     5      816.00      771.33        0.00
     1     5      812.67      771.33        0.00
     1     5      809.33      770.00        0.00
     1     5      808.67      766.67        0.00
     1     5      809.33      763.33        0.00
     1     5      812.00      760.67        0.00
     1     5      815.33      759.33        0.00
     1     5      818.67      759.33        0.00
     1     5      822.00      759.33        0.00
     1     5      824.67      761.33        0.00
     1     5      826.67      765.33        0.00
     1     6      856.67      770.00        0.00
     1     6      849.33      772.00        0.00
     1     6      846.00      772.00        0.00
     1     6      842.67      770.67        0.00
     1     6      840.67      768.00        0.00
     1     6      840.00      764.67        0.00
     1     6      841.33      761.33        0.00
     1     6      844.00      759.33        0.00
     1     6      847.33      758.00        0.00
     1     6      850.67      758.00        0.00
     1     6      854.00      758.67        0.00
     1     6      856.67      760.67        0.00
     1     6      858.00      764.00        0.00
     1     6      857.33      767.33        0.00
     1     7      834.67      752.67        0.00
     1     7      829.33      755.33        0.00
     1     7      825.33      755.33        0.00
     1     7      822.00      755.33        0.00
     1     7      818.67      753.33        0.00
     1     7      817.33      749.33        0.00
     1     7      817.33      745.33        0.00
     1     7      819.33      742.67        0.00
     1     7      824.67      742.00        0.00
     1     7      828.67      742.00        0.00
     1     7      831.33      744.00        0.00
     1     7      833.33      747.33        0.00
     1     8      844.00      744.00        0.00
     1     8      838.67      746.00        0.00
     1     8      835.33      745.33        0.00
     1     8      832.00      743.33        0.00
     1     8      830.67      739.33        0.00
     1     8      833.33      735.33        0.00
     1     8      835.33      732.67        0.00
     1     8      838.67      731.33        0.00
     1     8      842.67      730.67        0.00
     1     8      845.33      733.33        0.00
     1     8      847.33      736.67        0.00
     1     8      847.33      740.67        0.00
     1     9      810.00      738.67        0.00
     1     9      804.67      744.00        0.00
     1     9      802.00      746.00        0.00
     1     9      798.67      746.67        0.00
     1     9      795.33      746.00        0.00
     1     9      792.67      744.00        0.00
     1     9      790.67      740.67        0.00
     1     9      790.67      737.33        0.00
     1     9      792.00      734.00        0.00
     1     9      795.33      731.33        0.00
     1     9      799.33      730.67        0.00
     1     9      803.33      731.33        0.00
     1     9      806.00      734.00        0.00
     1    10      823.33      732.00        0.00
     1    10      816.67      732.67        0.00
     1    10      813.33      730.67        0.00
     1    10      810.67      728.00        0.00
     1    10      808.67      724.67        0.00
     1    10      808.67      721.33        0.00
     1    10      810.67      718.00        0.00
     1    10      812.67      715.33        0.00
     1    10      815.33      712.67        0.00
     1    10      818.67      711.33        0.00
     1    10      822.67      711.33        0.00
     1    10      826.67      712.00        0.00
     1    10      829.33      714.00        0.00
     1    10      830.00      717.33        0.00
     1    10      830.00      720.67        0.00
     1    10      826.00      723.33        0.00
     1    10      822.67      723.33        0.00
     1    11      644.00      625.00        0.00
     1    11      640.00      626.33        0.00
     1    11      636.67      625.00        0.00
     1    11      634.00      622.33        0.00
     1    11      631.33      619.67        0.00
     1    11      629.33      615.00        0.00
     1    11      630.00      611.00        0.00
     1    11      632.67      608.33        0.00
     1    11      636.00      608.33        0.00
     1    11      639.33      608.33        0.00
     1    11      641.33      611.00        0.00
     1    11      642.00      615.00        0.00
     1    11      643.33      618.33        0.00
     1    12      669.33      631.67        0.00
     1    12      665.33      634.33        0.00
     1    12      662.00      633.67        0.00
     1    12      659.33      631.67        0.00
     1    12      658.00      628.33        0.00
     1    12      658.00      624.33        0.00
     1    12      659.33      620.33        0.00
     1    12      662.00      617.67        0.00
     1    12      665.33      617.00        0.00
     1    12      668.67      617.67        0.00
     1    12      670.67      620.33        0.00
     1    12      671.33      624.33        0.00
     1    12      668.67      626.33        0.00
     1    13      693.33      641.67        0.00
     1    13      689.33      643.67        0.00
     1    13      686.00      643.67        0.00
     1    13      682.67      642.33        0.00
     1    13      680.67      639.00        0.00
     1    13      681.33      635.00        0.00
     1    13      684.00      632.33        0.00
     1    13      686.67      630.33        0.00
     1    13      691.33      629.00        0.00
     1    13      695.33      629.00        0.00
     1    13      699.33      628.33        0.00
     1    13      702.00      630.33        0.00
     1    13      701.33      633.67        0.00
     1    13      698.00      635.67        0.00
     1    14      739.33      659.67        0.00
     1    14      736.00      660.33        0.00
     1    14      732.67      661.00        0.00
     1    14      728.00      660.33        0.00
     1    14      724.00      658.33        0.00
     1    14      721.33      655.67        0.00
     1    14      720.00      651.00        0.00
     1    14      720.00      647.00        0.00
     1    14      722.00      643.00        0.00
     1    14      726.67      641.00        0.00
     1    14      730.00      640.33        0.00
     1    14      734.00      640.33        0.00
     1    14      736.67      643.00        0.00
     1    14      737.33      646.33        0.00
     1    14      738.00      649.67        0.00
     1    15      762.00      667.00        0.00
     1    15      756.00      669.00        0.00
     1    15      752.67      667.67        0.00
     1    15      750.67      665.00        0.00
     1    15      749.33      661.00        0.00
     1    15      750.00      657.00        0.00
     1    15      752.67      653.67        0.00
     1    15      755.33      651.67        0.00
     1    15      758.67      651.67        0.00
     1    15      762.00      651.67        0.00
     1    15      764.67      654.33        0.00
     1    15      766.00      657.67        0.00
     1    15      762.67      658.33        0.00
     1    16      836.67      642.33        0.00
     1    16      833.33      645.00        0.00
     1    16      830.00      645.67        0.00
     1    16      826.67      645.67        0.00
     1    16      822.67      645.67        0.00
     1    16      820.00      643.67        0.00
     1    16      819.33      639.67        0.00
     1    16      819.33      636.33        0.00
     1    16      822.67      633.67        0.00
     1    16      827.33      632.33        0.00
     1    16      830.67      631.00        0.00
     1    16      834.00      631.00        0.00
     1    16      837.33      631.67        0.00
     1    16      840.00      634.33        0.00
     1    16      840.67      637.67        0.00
     1    17      855.33      624.33        0.00
     1    17      848.00      627.00        0.00
     1    17      844.67      627.00        0.00
     1    17      841.33      625.00        0.00
     1    17      839.33      622.33        0.00
     1    17      838.67      619.00        0.00
     1    17      840.67      616.33        0.00
     1    17      844.67      613.67        0.00
     1    17      848.67      613.00        0.00
     1    17      853.33      614.33        0.00
     1    17      856.67      616.33        0.00
     1    17      856.67      619.67        0.00
     1    18      422.33      642.67        0.00
     1    18      419.67      644.67        0.00
     1    18      415.67      646.67        0.00
     1    18      412.33      646.00        0.00
     1    18      409.00      644.67        0.00
     1    18      406.33      642.67        0.00
     1    18      404.33      639.33        0.00
     1    18      404.33      636.00        0.00
     1    18      404.33      632.00        0.00
     1    18      406.33      628.67        0.00
     1    18      409.67      626.67        0.00
     1    18      413.00      625.33        0.00
     1    18      416.33      625.33        0.00
     1    18      420.33      627.33        0.00
     1    18      422.33      630.00        0.00
     1    18      422.33      633.33        0.00
     1    19      447.00      658.67        0.00
     1    19      441.00      660.00        0.00
     1    19      436.33      660.67        0.00
     1    19      433.00      659.33        0.00
     1    19      429.00      658.00        0.00
     1    19      427.00      654.67        0.00
     1    19      425.67      651.33        0.00
     1    19      425.67      648.00        0.00
     1    19      427.00      644.67        0.00
     1    19      429.67      642.67        0.00
     1    19      433.00      642.00        0.00
     1    19      436.33      642.00        0.00
     1    19      439.00      644.00        0.00
     1    19      442.33      645.33        0.00
     1    19      445.00      647.33        0.00
     1    19      447.67      650.00        0.00
     1    19      449.00      653.33        0.00
     1    20      407.00      620.00        0.00
     1    20      399.00      622.67        0.00
     1    20      395.67      622.67        0.00
     1    20      391.00      620.67        0.00
     1    20      388.33      618.67        0.00
     1    20      386.33      615.33        0.00
     1    20      385.67      610.00        0.00
     1    20      385.67      606.67        0.00
     1    20      387.67      604.00        0.00
     1    20      390.33      601.33        0.00
     1    20      393.67      600.00        0.00
     1    20      399.67      599.33        0.00
     1    20      403.00      602.00        0.00
     1    20      405.67      606.00        0.00
     1    20      407.00      609.33        0.00
     1    20      407.67      612.67        0.00
