     0     0      675.00     1030.00        0.00
     0     0      672.00     1028.00        0.00
     0     0      669.00     1026.00        0.00
     0     0      666.00     1024.00        0.00
     0     0      663.00     1023.00        0.00
     0     0      660.00     1021.00        0.00
     0     0      657.00     1019.00        0.00
     0     0      655.00     1016.00        0.00
     0     0      652.00     1015.00        0.00
     0     0      649.00     1014.00        0.00
     0     0      646.00     1012.00        0.00
     0     0      643.00     1011.00        0.00
     0     0      640.00     1009.00        0.00
     0     0      637.00     1008.00        0.00
     0     0      634.00     1006.00        0.00
     0     0      631.00     1005.00        0.00
     0     0      628.00     1003.00        0.00
     0     0      625.00     1001.00        0.00
     0     0      622.00      999.00        0.00
     0     0      619.00      998.00        0.00
     0     0      616.00      996.00        0.00
     0     0      613.00      994.00        0.00
     0     0      610.00      992.00        0.00
     0     0      607.00      990.00        0.00
     0     0      604.00      988.00        0.00
     0     0      603.00      985.00        0.00
     0     0      600.00      982.00        0.00
     0     0      597.00      979.00        0.00
     0     0      595.00      976.00        0.00
     0     0      592.00      974.00        0.00
     0     0      589.00      972.00        0.00
     0     0      586.00      970.00        0.00
     0     0      584.00      967.00        0.00
     0     0      581.00      964.00        0.00
     0     0      579.00      961.00        0.00
     0     0      576.00      958.00        0.00
     0     0      573.00      955.00        0.00
     0     0      571.00      952.00        0.00
     0     0      568.00      949.00        0.00
     0     0      565.00      947.00        0.00
     0     0      562.00      945.00        0.00
     0     0      559.00      942.00        0.00
     0     0      556.00      940.00        0.00
     0     0      553.00      937.00        0.00
     0     0      550.00      935.00        0.00
     0     0      548.00      932.00        0.00
     0     0      545.00      930.00        0.00
     0     0      543.00      927.00        0.00
     0     0      541.00      924.00        0.00
     0     0      539.00      921.00        0.00
     0     0      536.00      919.00        0.00
     0     0      533.00      917.00        0.00
     0     0      531.00      914.00        0.00
     0     0      529.00      911.00        0.00
     0     0      526.00      909.00        0.00
     0     0      523.00      908.00        0.00
     0     0      521.00      905.00        0.00
     0     0      518.00      904.00        0.00
     0     0      515.00      902.00        0.00
     0     0      512.00      900.00        0.00
     0     0      509.00      898.00        0.00
     0     0      506.00      896.00        0.00
     0     0      503.00      894.00        0.00
     0     0      500.00      892.00        0.00
     0     0      497.00      891.00        0.00
     0     0      494.00      889.00        0.00
     0     0      491.00      887.00        0.00
     0     0      488.00      885.00        0.00
     0     0      484.00      883.00        0.00
     0     0      481.00      881.00        0.00
     0     0      478.00      878.00        0.00
     0     0      475.00      876.00        0.00
     0     0      471.00      874.00        0.00
     0     0      467.00      871.00        0.00
     0     0      464.00      868.00        0.00
     0     0      461.00      865.00        0.00
     0     0      458.00      863.00        0.00
     0     0      455.00      860.00        0.00
     0     0      452.00      858.00        0.00
     0     0      449.00      855.00        0.00
     0     0      446.00      851.00        0.00
     0     0      443.00      848.00        0.00
     0     0      441.00      845.00        0.00
     0     0      438.00      842.00        0.00
     0     0      435.00      839.00        0.00
     0     0      432.00      836.00        0.00
     0     0      431.00      833.00        0.00
     0     0      429.00      830.00        0.00
     0     0      427.00      827.00        0.00
     0     0      426.00      824.00        0.00
     0     0      425.00      821.00        0.00
     0     0      424.00      818.00        0.00
     0     0      424.00      814.00        0.00
     0     0      423.00      811.00        0.00
     0     0      423.00      807.00        0.00
     0     0      423.00      803.00        0.00
     0     0      423.00      799.00        0.00
     0     0      423.00      795.00        0.00
     0     0      424.00      792.00        0.00
     0     0      425.00      789.00        0.00
     0     0      426.00      786.00        0.00
     0     0      427.00      782.00        0.00
     0     0      428.00      778.00        0.00
     0     0      429.00      775.00        0.00
     0     0      430.00      772.00        0.00
     0     0      431.00      769.00        0.00
     0     0      432.00      765.00        0.00
     0     0      432.00      761.00        0.00
     0     0      434.00      758.00        0.00
     0     0      435.00      755.00        0.00
     0     0      437.00      752.00        0.00
     0     0      439.00      749.00        0.00
     0     0      440.00      746.00        0.00
     0     0      441.00      743.00        0.00
     0     0      443.00      740.00        0.00
     0     0      445.00      737.00        0.00
     0     0      447.00      734.00        0.00
     0     0      449.00      731.00        0.00
     0     0      452.00      729.00        0.00
     0     0      455.00      726.00        0.00
     0     0      458.00      724.00        0.00
     0     0      461.00      722.00        0.00
     0     0      464.00      720.00        0.00
     0     0      467.00      719.00        0.00
     0     0      470.00      718.00        0.00
     0     0      473.00      716.00        0.00
     0     0      476.00      715.00        0.00
     0     0      481.00      714.00        0.00
     0     0      484.00      712.00        0.00
     0     0      488.00      712.00        0.00
     0     0      493.00      711.00        0.00
     0     0      497.00      710.00        0.00
     0     0      501.00      710.00        0.00
     0     0      506.00      710.00        0.00
     0     0      510.00      710.00        0.00
     0     0      513.00      711.00        0.00
     0     0      516.00      712.00        0.00
     0     0      519.00      713.00        0.00
     0     0      522.00      714.00        0.00
     0     0      525.00      716.00        0.00
     0     0      528.00      717.00        0.00
     0     0      532.00      718.00        0.00
     0     0      536.00      720.00        0.00
     0     0      540.00      721.00        0.00
     0     0      543.00      723.00        0.00
     0     0      546.00      725.00        0.00
     0     0      549.00      727.00        0.00
     0     0      552.00      729.00        0.00
     0     0      555.00      731.00        0.00
     0     0      558.00      733.00        0.00
     0     0      562.00      735.00        0.00
     0     0      565.00      737.00        0.00
     0     0      568.00      740.00        0.00
     0     0      572.00      743.00        0.00
     0     0      575.00      745.00        0.00
     0     0      579.00      748.00        0.00
     0     0      583.00      752.00        0.00
     0     0      585.00      755.00        0.00
     0     0      589.00      759.00        0.00
     0     0      593.00      763.00        0.00
     0     0      595.00      767.00        0.00
     0     0      599.00      771.00        0.00
     0     0      602.00      774.00        0.00
     0     0      604.00      778.00        0.00
     0     0      607.00      782.00        0.00
     0     0      610.00      785.00        0.00
     0     0      612.00      788.00        0.00
     0     0      615.00      790.00        0.00
     0     0      618.00      793.00        0.00
     0     0      624.00      797.00        0.00
     0     0      627.00      799.00        0.00
     0     0      630.00      800.00        0.00
     0     0      634.00      803.00        0.00
     0     0      637.00      804.00        0.00
     0     0      641.00      806.00        0.00
     0     0      648.00      808.00        0.00
     0     0      651.00      810.00        0.00
     0     0      654.00      811.00        0.00
     0     0      660.00      813.00        0.00
     0     0      663.00      814.00        0.00
     0     0      666.00      816.00        0.00
     0     0      671.00      817.00        0.00
     0     0      674.00      818.00        0.00
     0     0      678.00      820.00        0.00
     0     0      682.00      822.00        0.00
     0     0      685.00      823.00        0.00
     0     0      689.00      825.00        0.00
     0     0      692.00      826.00        0.00
     0     0      696.00      828.00        0.00
     0     0      700.00      830.00        0.00
     0     0      704.00      833.00        0.00
     0     0      708.00      835.00        0.00
     0     0      712.00      837.00        0.00
     0     0      716.00      840.00        0.00
     0     0      719.00      842.00        0.00
     0     0      725.00      845.00        0.00
     0     0      729.00      847.00        0.00
     0     0      732.00      849.00        0.00
     0     0      737.00      850.00        0.00
     0     0      741.00      852.00        0.00
     0     0      745.00      854.00        0.00
     0     0      751.00      857.00        0.00
     0     0      754.00      858.00        0.00
     0     0      757.00      860.00        0.00
     0     0      761.00      862.00        0.00
     0     0      764.00      864.00        0.00
     0     0      768.00      866.00        0.00
     0     0      773.00      868.00        0.00
     0     0      775.00      871.00        0.00
     0     0      778.00      873.00        0.00
     0     0      782.00      875.00        0.00
     0     0      785.00      878.00        0.00
     0     0      789.00      880.00        0.00
     0     0      794.00      882.00        0.00
     0     0      797.00      883.00        0.00
     0     0      803.00      885.00        0.00
     0     0      808.00      887.00        0.00
     0     0      813.00      888.00        0.00
     0     0      816.00      890.00        0.00
     0     0      821.00      892.00        0.00
     0     0      826.00      894.00        0.00
     0     0      830.00      895.00        0.00
     0     0      834.00      897.00        0.00
     0     0      838.00      898.00        0.00
     0     0      841.00      900.00        0.00
     0     0      845.00      902.00        0.00
     0     0      848.00      903.00        0.00
     0     0      851.00      904.00        0.00
     0     0      854.00      907.00        0.00
     0     0      857.00      908.00        0.00
     0     0      862.00      911.00        0.00
     0     0      864.00      914.00        0.00
     0     0      867.00      915.00        0.00
     0     0      871.00      917.00        0.00
     0     0      875.00      919.00        0.00
     0     0      878.00      921.00        0.00
     0     0      881.00      923.00        0.00
     0     0      884.00      926.00        0.00
     0     0      887.00      927.00        0.00
     0     0      890.00      929.00        0.00
     0     0      892.00      932.00        0.00
     0     0      895.00      934.00        0.00
     0     0      898.00      936.00        0.00
     0     0      902.00      938.00        0.00
     0     0      906.00      940.00        0.00
     0     0      909.00      943.00        0.00
     0     0      913.00      945.00        0.00
     0     0      917.00      948.00        0.00
     0     0      919.00      951.00        0.00
     0     0      921.00      954.00        0.00
     0     0      924.00      957.00        0.00
     0     0      926.00      960.00        0.00
     0     0      928.00      963.00        0.00
     0     0      929.00      966.00        0.00
     0     0      931.00      969.00        0.00
     0     0      932.00      972.00        0.00
     0     0      934.00      975.00        0.00
     0     0      935.00      978.00        0.00
     0     0      937.00      981.00        0.00
     0     0      938.00      984.00        0.00
     0     0      940.00      987.00        0.00
     0     0      942.00      990.00        0.00
     0     0      943.00      993.00        0.00
     0     0      944.00      996.00        0.00
     0     0      944.00     1000.00        0.00
     0     0      945.00     1003.00        0.00
     0     0      945.00     1007.00        0.00
     0     0      945.00     1011.00        0.00
     0     0      945.00     1015.00        0.00
     0     0      946.00     1018.00        0.00
     0     0      946.00     1022.00        0.00
     0     0      946.00     1026.00        0.00
     0     0      946.00     1030.00        0.00
     0     1       15.00      479.00        0.00
     0     1       20.00      487.00        0.00
     0     1       23.00      490.00        0.00
     0     1       25.00      493.00        0.00
     0     1       27.00      496.00        0.00
     0     1       30.00      498.00        0.00
     0     1       32.00      501.00        0.00
     0     1       35.00      503.00        0.00
     0     1       37.00      506.00        0.00
     0     1       39.00      509.00        0.00
     0     1       42.00      512.00        0.00
     0     1       44.00      515.00        0.00
     0     1       47.00      517.00        0.00
     0     1       49.00      520.00        0.00
     0     1       52.00      523.00        0.00
     0     1       53.00      526.00        0.00
     0     1       54.00      529.00        0.00
     0     1       55.00      532.00        0.00
     0     1       57.00      535.00        0.00
     0     1       59.00      538.00        0.00
     0     1       61.00      541.00        0.00
     0     1       63.00      544.00        0.00
     0     1       65.00      547.00        0.00
     0     1       68.00      549.00        0.00
     0     1       70.00      552.00        0.00
     0     1       73.00      555.00        0.00
     0     1       76.00      557.00        0.00
     0     1       79.00      559.00        0.00
     0     1       82.00      561.00        0.00
     0     1       85.00      564.00        0.00
     0     1       88.00      566.00        0.00
     0     1       91.00      569.00        0.00
     0     1       94.00      571.00        0.00
     0     1       97.00      573.00        0.00
     0     1      100.00      575.00        0.00
     0     1      103.00      577.00        0.00
     0     1      106.00      578.00        0.00
     0     1      109.00      580.00        0.00
     0     1      112.00      581.00        0.00
     0     1      115.00      582.00        0.00
     0     1      120.00      584.00        0.00
     0     1      125.00      586.00        0.00
     0     1      130.00      588.00        0.00
     0     1      133.00      589.00        0.00
     0     1      138.00      590.00        0.00
     0     1      143.00      591.00        0.00
     0     1      148.00      592.00        0.00
     0     1      152.00      593.00        0.00
     0     1      159.00      595.00        0.00
     0     1      164.00      597.00        0.00
     0     1      169.00      599.00        0.00
     0     1      173.00      600.00        0.00
     0     1      178.00      602.00        0.00
     0     1      181.00      603.00        0.00
     0     1      184.00      604.00        0.00
     0     1      188.00      606.00        0.00
     0     1      193.00      607.00        0.00
     0     1      197.00      609.00        0.00
     0     1      201.00      610.00        0.00
     0     1      207.00      612.00        0.00
     0     1      211.00      613.00        0.00
     0     1      215.00      614.00        0.00
     0     1      219.00      615.00        0.00
     0     1      223.00      616.00        0.00
     0     1      226.00      617.00        0.00
     0     1      231.00      618.00        0.00
     0     1      237.00      619.00        0.00
     0     1      242.00      619.00        0.00
     0     1      249.00      620.00        0.00
     0     1      254.00      622.00        0.00
     0     1      260.00      624.00        0.00
     0     1      264.00      625.00        0.00
     0     1      268.00      626.00        0.00
     0     1      275.00      628.00        0.00
     0     1      281.00      629.00        0.00
     0     1      287.00      631.00        0.00
     0     1      291.00      632.00        0.00
     0     1      295.00      633.00        0.00
     0     1      299.00      634.00        0.00
     0     1      303.00      636.00        0.00
     0     1      307.00      636.00        0.00
     0     1      310.00      637.00        0.00
     0     1      314.00      637.00        0.00
     0     1      318.00      638.00        0.00
     0     1      323.00      639.00        0.00
     0     1      328.00      639.00        0.00
     0     1      334.00      639.00        0.00
     0     1      340.00      639.00        0.00
     0     1      344.00      639.00        0.00
     0     1      349.00      639.00        0.00
     0     1      355.00      639.00        0.00
     0     1      362.00      640.00        0.00
     0     1      365.00      641.00        0.00
     0     1      369.00      641.00        0.00
     0     1      373.00      641.00        0.00
     0     1      376.00      642.00        0.00
     0     1      380.00      642.00        0.00
     0     1      384.00      642.00        0.00
     0     1      388.00      642.00        0.00
     0     1      392.00      642.00        0.00
     0     1      396.00      642.00        0.00
     0     1      401.00      642.00        0.00
     0     1      407.00      642.00        0.00
     0     1      411.00      641.00        0.00
     0     1      418.00      640.00        0.00
     0     1      425.00      639.00        0.00
     0     1      429.00      639.00        0.00
     0     1      433.00      639.00        0.00
     0     1      437.00      639.00        0.00
     0     1      441.00      639.00        0.00
     0     1      445.00      639.00        0.00
     0     1      452.00      639.00        0.00
     0     1      457.00      640.00        0.00
     0     1      461.00      640.00        0.00
     0     1      465.00      640.00        0.00
     0     1      469.00      640.00        0.00
     0     1      475.00      641.00        0.00
     0     1      479.00      642.00        0.00
     0     1      483.00      642.00        0.00
     0     1      489.00      643.00        0.00
     0     1      497.00      644.00        0.00
     0     1      502.00      644.00        0.00
     0     1      506.00      644.00        0.00
     0     1      511.00      644.00        0.00
     0     1      517.00      645.00        0.00
     0     1      521.00      645.00        0.00
     0     1      526.00      645.00        0.00
     0     1      530.00      645.00        0.00
     0     1      536.00      645.00        0.00
     0     1      542.00      646.00        0.00
     0     1      547.00      647.00        0.00
     0     1      553.00      648.00        0.00
     0     1      557.00      649.00        0.00
     0     1      561.00      650.00        0.00
     0     1      565.00      651.00        0.00
     0     1      569.00      651.00        0.00
     0     1      572.00      653.00        0.00
     0     1      576.00      654.00        0.00
     0     1      580.00      656.00        0.00
     0     1      586.00      658.00        0.00
     0     1      591.00      660.00        0.00
     0     1      596.00      661.00        0.00
     0     1      599.00      663.00        0.00
     0     1      602.00      665.00        0.00
     0     1      605.00      666.00        0.00
     0     1      608.00      668.00        0.00
     0     1      611.00      669.00        0.00
     0     1      614.00      671.00        0.00
     0     1      617.00      673.00        0.00
     0     1      619.00      676.00        0.00
     0     1      621.00      679.00        0.00
     0     1      624.00      681.00        0.00
     0     1      626.00      684.00        0.00
     0     1      628.00      687.00        0.00
     0     1      631.00      689.00        0.00
     0     1      634.00      692.00        0.00
     0     1      637.00      694.00        0.00
     0     1      640.00      696.00        0.00
     0     1      643.00      699.00        0.00
     0     1      646.00      702.00        0.00
     0     1      649.00      705.00        0.00
     0     1      652.00      707.00        0.00
     0     1      654.00      710.00        0.00
     0     1      657.00      712.00        0.00
     0     1      660.00      714.00        0.00
     0     1      663.00      716.00        0.00
     0     1      666.00      718.00        0.00
     0     1      669.00      719.00        0.00
     0     1      673.00      722.00        0.00
     0     1      676.00      723.00        0.00
     0     1      680.00      725.00        0.00
     0     1      684.00      727.00        0.00
     0     1      688.00      730.00        0.00
     0     1      691.00      732.00        0.00
     0     1      694.00      734.00        0.00
     0     1      698.00      738.00        0.00
     0     1      701.00      740.00        0.00
     0     1      704.00      743.00        0.00
     0     1      707.00      745.00        0.00
     0     1      709.00      748.00        0.00
     0     1      712.00      751.00        0.00
     0     1      715.00      753.00        0.00
     0     1      718.00      755.00        0.00
     0     1      721.00      757.00        0.00
     0     1      724.00      759.00        0.00
     0     1      727.00      760.00        0.00
     0     1      730.00      763.00        0.00
     0     1      733.00      764.00        0.00
     0     1      736.00      766.00        0.00
     0     1      739.00      769.00        0.00
     0     1      741.00      772.00        0.00
     0     1      744.00      773.00        0.00
     0     1      747.00      775.00        0.00
     0     1      750.00      776.00        0.00
     0     1      752.00      779.00        0.00
     0     1      755.00      781.00        0.00
     0     1      757.00      784.00        0.00
     0     1      760.00      786.00        0.00
     0     1      763.00      789.00        0.00
     0     1      766.00      791.00        0.00
     0     1      768.00      794.00        0.00
     0     1      771.00      797.00        0.00
     0     1      773.00      800.00        0.00
     0     1      776.00      803.00        0.00
     0     1      778.00      807.00        0.00
     0     1      782.00      812.00        0.00
     0     1      784.00      816.00        0.00
     0     1      787.00      819.00        0.00
     0     1      789.00      823.00        0.00
     0     1      791.00      826.00        0.00
     0     1      793.00      830.00        0.00
     0     1      794.00      833.00        0.00
     0     1      796.00      836.00        0.00
     0     1      797.00      839.00        0.00
     0     1      799.00      842.00        0.00
     0     1      801.00      845.00        0.00
     0     1      803.00      848.00        0.00
     0     1      806.00      850.00        0.00
     0     1      808.00      853.00        0.00
     0     1      835.00      871.00        0.00
     0     1      841.00      878.00        0.00
     0     1      844.00      880.00        0.00
     0     1      847.00      882.00        0.00
     0     1      850.00      885.00        0.00
     0     1      853.00      888.00        0.00
     0     1      856.00      890.00        0.00
     0     1      859.00      892.00        0.00
     0     1      862.00      893.00        0.00
     0     1      865.00      894.00        0.00
     0     1      868.00      896.00        0.00
     0     1      871.00      897.00        0.00
     0     1      874.00      898.00        0.00
     0     1      877.00      899.00        0.00
     0     1      881.00      899.00        0.00
     0     1      885.00      899.00        0.00
     0     1      889.00      899.00        0.00
     0     1      892.00      898.00        0.00
     0     1      895.00      897.00        0.00
     0     1      899.00      896.00        0.00
     0     1      902.00      895.00        0.00
     0     1      905.00      894.00        0.00
     0     1      908.00      893.00        0.00
     0     1      911.00      892.00        0.00
     0     1      914.00      890.00        0.00
     0     1      917.00      888.00        0.00
     0     1      920.00      886.00        0.00
     0     1      923.00      885.00        0.00
     0     1      926.00      883.00        0.00
     0     1      929.00      881.00        0.00
     0     1      932.00      878.00        0.00
     0     1      935.00      875.00        0.00
     0     1      937.00      872.00        0.00
     0     1      940.00      869.00        0.00
     0     1      942.00      866.00        0.00
     0     1      944.00      863.00        0.00
     0     1      945.00      860.00        0.00
     0     1      946.00      857.00        0.00
     0     1      947.00      854.00        0.00
     0     1      948.00      851.00        0.00
     0     1      949.00      848.00        0.00
     0     1      949.00      844.00        0.00
     0     1      950.00      841.00        0.00
     0     1      950.00      837.00        0.00
     0     1      950.00      833.00        0.00
     0     1      950.00      829.00        0.00
     0     1      950.00      825.00        0.00
     0     1      950.00      821.00        0.00
     0     1      949.00      817.00        0.00
     0     1      948.00      811.00        0.00
     0     1      947.00      806.00        0.00
     0     1      946.00      801.00        0.00
     0     1      945.00      796.00        0.00
     0     1      944.00      792.00        0.00
     0     1      943.00      789.00        0.00
     0     1      941.00      784.00        0.00
     0     1      940.00      780.00        0.00
     0     1      938.00      775.00        0.00
     0     1      935.00      770.00        0.00
     0     1      934.00      766.00        0.00
     0     1      932.00      762.00        0.00
     0     1      930.00      758.00        0.00
     0     1      929.00      755.00        0.00
     0     1      928.00      752.00        0.00
     0     1      927.00      748.00        0.00
     0     1      926.00      744.00        0.00
     0     1      926.00      740.00        0.00
     0     1      925.00      737.00        0.00
     0     1      924.00      733.00        0.00
     0     1      923.00      728.00        0.00
     0     1      922.00      725.00        0.00
     0     1      921.00      722.00        0.00
     0     1      919.00      718.00        0.00
     0     1      917.00      713.00        0.00
     0     1      915.00      710.00        0.00
     0     1      913.00      706.00        0.00
     0     1      910.00      701.00        0.00
     0     1      908.00      698.00        0.00
     0     1      906.00      695.00        0.00
     0     1      903.00      692.00        0.00
     0     1      901.00      688.00        0.00
     0     1      898.00      685.00        0.00
     0     1      896.00      682.00        0.00
     0     1      894.00      678.00        0.00
     0     1      891.00      673.00        0.00
     0     1      889.00      670.00        0.00
     0     1      887.00      667.00        0.00
     0     1      885.00      664.00        0.00
     0     1      883.00      660.00        0.00
     0     1      880.00      657.00        0.00
     0     1      878.00      654.00        0.00
     0     1      876.00      651.00        0.00
     0     1      873.00      648.00        0.00
     0     1      871.00      645.00        0.00
     0     1      868.00      642.00        0.00
     0     1      866.00      639.00        0.00
     0     1      863.00      637.00        0.00
     0     1      861.00      634.00        0.00
     0     1      858.00      633.00        0.00
     0     1      856.00      630.00        0.00
     0     1      853.00      628.00        0.00
     0     1      851.00      625.00        0.00
     0     1      849.00      622.00        0.00
     0     1      846.00      620.00        0.00
     0     1      844.00      617.00        0.00
     0     1      841.00      615.00        0.00
     0     1      841.00      611.00        0.00
     0     1      838.00      609.00        0.00
     0     1      835.00      607.00        0.00
     0     1      832.00      605.00        0.00
     0     1      829.00      603.00        0.00
     0     1      826.00      601.00        0.00
     0     1      823.00      600.00        0.00
     0     1      820.00      597.00        0.00
     0     1      817.00      596.00        0.00
     0     1      814.00      594.00        0.00
     0     1      811.00      592.00        0.00
     0     1      808.00      589.00        0.00
     0     1      805.00      588.00        0.00
     0     1      802.00      585.00        0.00
     0     1      799.00      584.00        0.00
     0     1      796.00      582.00        0.00
     0     1      793.00      580.00        0.00
     0     1      788.00      576.00        0.00
     0     1      783.00      573.00        0.00
     0     1      779.00      570.00        0.00
     0     1      775.00      566.00        0.00
     0     1      771.00      563.00        0.00
     0     1      766.00      559.00        0.00
     0     1      763.00      556.00        0.00
     0     1      760.00      554.00        0.00
     0     1      757.00      551.00        0.00
     0     1      754.00      547.00        0.00
     0     1      751.00      544.00        0.00
     0     1      747.00      541.00        0.00
     0     1      743.00      537.00        0.00
     0     1      740.00      534.00        0.00
     0     1      737.00      530.00        0.00
     0     1      734.00      528.00        0.00
     0     1      732.00      525.00        0.00
     0     1      728.00      522.00        0.00
     0     1      725.00      518.00        0.00
     0     1      722.00      516.00        0.00
     0     1      719.00      512.00        0.00
     0     1      716.00      509.00        0.00
     0     1      714.00      506.00        0.00
     0     1      711.00      503.00        0.00
     0     1      709.00      500.00        0.00
     0     1      706.00      498.00        0.00
     0     1      703.00      496.00        0.00
     0     1      700.00      494.00        0.00
     0     1      697.00      492.00        0.00
     0     1      694.00      491.00        0.00
     0     1      691.00      490.00        0.00
     0     1      687.00      489.00        0.00
     0     1      684.00      487.00        0.00
     0     1      681.00      486.00        0.00
     0     1      678.00      485.00        0.00
     0     1      675.00      484.00        0.00
     0     1      671.00      483.00        0.00
     0     1      668.00      481.00        0.00
     0     1      665.00      480.00        0.00
     0     1      662.00      477.00        0.00
     0     1      658.00      474.00        0.00
     0     1      657.00      471.00        0.00
     0     1      655.00      468.00        0.00
     0     1      653.00      465.00        0.00
     0     1      651.00      462.00        0.00
     0     1      648.00      460.00        0.00
     0     1      645.00      459.00        0.00
     0     1      642.00      457.00        0.00
     0     1      639.00      456.00        0.00
     0     1      636.00      455.00        0.00
     0     1      632.00      455.00        0.00
     0     1      618.00      454.00        0.00
     0     1      614.00      451.00        0.00
     0     1      611.00      449.00        0.00
     0     1      609.00      446.00        0.00
     0     1      607.00      443.00        0.00
     0     1      605.00      440.00        0.00
     0     1      602.00      438.00        0.00
     0     1      599.00      437.00        0.00
     0     1      595.00      437.00        0.00
     0     1      592.00      438.00        0.00
     0     1      588.00      438.00        0.00
     0     1      584.00      438.00        0.00
     0     1      581.00      437.00        0.00
     0     1      578.00      435.00        0.00
     0     1      575.00      434.00        0.00
     0     1      572.00      431.00        0.00
     0     1      570.00      428.00        0.00
     0     1      567.00      427.00        0.00
     0     1      564.00      425.00        0.00
     0     1      561.00      423.00        0.00
     0     1      558.00      422.00        0.00
     0     1      554.00      422.00        0.00
     0     1      550.00      422.00        0.00
     0     1      546.00      422.00        0.00
     0     1      542.00      422.00        0.00
     0     1      539.00      421.00        0.00
     0     1      535.00      420.00        0.00
     0     1      532.00      419.00        0.00
     0     1      528.00      418.00        0.00
     0     1      525.00      417.00        0.00
     0     1      522.00      416.00        0.00
     0     1      519.00      415.00        0.00
     0     1      516.00      414.00        0.00
     0     1      513.00      412.00        0.00
     0     1      510.00      411.00        0.00
     0     1      506.00      411.00        0.00
     0     1      502.00      411.00        0.00
     0     1      498.00      411.00        0.00
     0     1      495.00      412.00        0.00
     0     1      491.00      412.00        0.00
     0     1      487.00      412.00        0.00
     0     1      483.00      412.00        0.00
     0     1      479.00      412.00        0.00
     0     1      475.00      412.00        0.00
     0     1      471.00      412.00        0.00
     0     1      468.00      411.00        0.00
     0     1      465.00      410.00        0.00
     0     1      462.00      408.00        0.00
     0     1      459.00      407.00        0.00
     0     1      456.00      405.00        0.00
     0     1      453.00      403.00        0.00
     0     1      450.00      402.00        0.00
     0     1      446.00      401.00        0.00
     0     1      442.00      400.00        0.00
     0     1      438.00      400.00        0.00
     0     1      434.00      400.00        0.00
     0     1      430.00      400.00        0.00
     0     1      427.00      401.00        0.00
     0     1      423.00      401.00        0.00
     0     1      420.00      402.00        0.00
     0     1      416.00      402.00        0.00
     0     1      412.00      402.00        0.00
     0     1      408.00      402.00        0.00
     0     1      404.00      401.00        0.00
     0     1      401.00      400.00        0.00
     0     1      398.00      398.00        0.00
     0     1      395.00      397.00        0.00
     0     1      392.00      396.00        0.00
     0     1      388.00      396.00        0.00
     0     1      385.00      397.00        0.00
     0     1      382.00      398.00        0.00
     0     1      378.00      398.00        0.00
     0     1      374.00      398.00        0.00
     0     1      370.00      398.00        0.00
     0     1      367.00      397.00        0.00
     0     1      364.00      395.00        0.00
     0     1      362.00      392.00        0.00
     0     1      359.00      390.00        0.00
     0     1      355.00      390.00        0.00
     0     1      351.00      390.00        0.00
     0     1      348.00      389.00        0.00
     0     1      344.00      389.00        0.00
     0     1      341.00      388.00        0.00
     0     1      338.00      387.00        0.00
     0     1      335.00      386.00        0.00
     0     1      332.00      384.00        0.00
     0     1      329.00      383.00        0.00
     0     1      325.00      383.00        0.00
     0     1      322.00      384.00        0.00
     0     1      319.00      385.00        0.00
     0     1      316.00      386.00        0.00
     0     1      313.00      387.00        0.00
     0     1      310.00      388.00        0.00
     0     1      306.00      388.00        0.00
     0     1      303.00      387.00        0.00
     0     1      300.00      386.00        0.00
     0     1      297.00      385.00        0.00
     0     1      294.00      384.00        0.00
     0     1      290.00      383.00        0.00
     0     1      287.00      382.00        0.00
     0     1      284.00      380.00        0.00
     0     1      268.00      381.00        0.00
     0     1      264.00      381.00        0.00
     0     1      261.00      382.00        0.00
     0     1      257.00      382.00        0.00
     0     1      254.00      381.00        0.00
     0     1      250.00      381.00        0.00
     0     1      247.00      380.00        0.00
     0     1      244.00      379.00        0.00
     0     1      241.00      378.00        0.00
     0     1      237.00      378.00        0.00
     0     1      233.00      378.00        0.00
     0     1      229.00      378.00        0.00
     0     1      225.00      379.00        0.00
     0     1      221.00      380.00        0.00
     0     1      217.00      380.00        0.00
     0     1      213.00      381.00        0.00
     0     1      209.00      382.00        0.00
     0     1      205.00      382.00        0.00
     0     1      201.00      383.00        0.00
     0     1      197.00      383.00        0.00
     0     1      193.00      383.00        0.00
     0     1      189.00      383.00        0.00
     0     1      184.00      383.00        0.00
     0     1      180.00      383.00        0.00
     0     1      176.00      383.00        0.00
     0     1      172.00      383.00        0.00
     0     1      168.00      383.00        0.00
     0     1      165.00      382.00        0.00
     0     1      161.00      382.00        0.00
     0     1      157.00      382.00        0.00
     0     1      154.00      381.00        0.00
     0     1      150.00      381.00        0.00
     0     1      147.00      380.00        0.00
     0     1      144.00      379.00        0.00
     0     1      141.00      378.00        0.00
     0     1      137.00      376.00        0.00
     0     1      132.00      373.00        0.00
     0     1      126.00      370.00        0.00
     0     1      123.00      368.00        0.00
     0     1      120.00      365.00        0.00
     0     1      116.00      362.00        0.00
     0     1      112.00      360.00        0.00
     0     1      107.00      356.00        0.00
     0     1      104.00      354.00        0.00
     0     1      101.00      351.00        0.00
     0     1       98.00      349.00        0.00
     0     1       95.00      347.00        0.00
     0     1       92.00      345.00        0.00
     0     1       89.00      343.00        0.00
     0     1       86.00      342.00        0.00
     0     1       83.00      341.00        0.00
     0     1       80.00      340.00        0.00
     0     1       76.00      340.00        0.00
     0     1       72.00      340.00        0.00
     0     1       68.00      340.00        0.00
     0     1       64.00      340.00        0.00
     0     1       60.00      340.00        0.00
     0     1       56.00      340.00        0.00
     0     1       52.00      340.00        0.00
     0     1       48.00      340.00        0.00
     0     1       44.00      341.00        0.00
     0     1       40.00      342.00        0.00
     0     1       36.00      342.00        0.00
     0     1       32.00      342.00        0.00
     0     1       29.00      343.00        0.00
     0     1       25.00      343.00        0.00
     0     1       22.00      344.00        0.00
     0     1       18.00      344.00        0.00
     0     1       14.00      345.00        0.00
     0     1       11.00      346.00        0.00
     0     1        8.00      347.00        0.00
     0     1        5.00      349.00        0.00
     0     1        2.00      350.00        0.00
     0     2      573.00      177.00        0.00
     0     2      567.00      180.00        0.00
     0     2      564.00      181.00        0.00
     0     2      561.00      182.00        0.00
     0     2      558.00      183.00        0.00
     0     2      554.00      183.00        0.00
     0     2      551.00      184.00        0.00
     0     2      547.00      185.00        0.00
     0     2      541.00      186.00        0.00
     0     2      537.00      187.00        0.00
     0     2      532.00      187.00        0.00
     0     2      527.00      188.00        0.00
     0     2      522.00      188.00        0.00
     0     2      518.00      188.00        0.00
     0     2      513.00      188.00        0.00
     0     2      508.00      188.00        0.00
     0     2      502.00      187.00        0.00
     0     2      497.00      187.00        0.00
     0     2      492.00      186.00        0.00
     0     2      486.00      185.00        0.00
     0     2      479.00      184.00        0.00
     0     2      472.00      182.00        0.00
     0     2      466.00      182.00        0.00
     0     2      460.00      181.00        0.00
     0     2      454.00      179.00        0.00
     0     2      446.00      178.00        0.00
     0     2      439.00      176.00        0.00
     0     2      431.00      174.00        0.00
     0     2      425.00      173.00        0.00
     0     2      417.00      171.00        0.00
     0     2      411.00      170.00        0.00
     0     2      406.00      170.00        0.00
     0     2      397.00      170.00        0.00
     0     2      388.00      170.00        0.00
     0     2      381.00      171.00        0.00
     0     2      375.00      172.00        0.00
     0     2      371.00      174.00        0.00
     0     2      365.00      175.00        0.00
     0     2      358.00      177.00        0.00
     0     2      353.00      179.00        0.00
     0     2      348.00      182.00        0.00
     0     2      344.00      185.00        0.00
     0     2      336.00      187.00        0.00
     0     2      332.00      189.00        0.00
     0     2      328.00      192.00        0.00
     0     2      322.00      195.00        0.00
     0     2      318.00      197.00        0.00
     0     2      314.00      199.00        0.00
     0     2      311.00      202.00        0.00
     0     2      307.00      204.00        0.00
     0     2      304.00      206.00        0.00
     0     2      301.00      208.00        0.00
     0     2      298.00      210.00        0.00
     0     2      295.00      212.00        0.00
     0     2      291.00      214.00        0.00
     0     2      287.00      216.00        0.00
     0     2      283.00      219.00        0.00
     0     2      279.00      220.00        0.00
     0     2      274.00      222.00        0.00
     0     2      267.00      224.00        0.00
     0     2      262.00      225.00        0.00
     0     2      259.00      226.00        0.00
     0     2      253.00      228.00        0.00
     0     2      248.00      229.00        0.00
     0     2      245.00      230.00        0.00
     0     2      241.00      230.00        0.00
     0     2      237.00      230.00        0.00
     0     2      233.00      230.00        0.00
     0     2      230.00      229.00        0.00
     0     2      227.00      228.00        0.00
     0     2      224.00      227.00        0.00
     0     2      221.00      226.00        0.00
     0     2      218.00      225.00        0.00
     0     2      215.00      224.00        0.00
     0     2      210.00      223.00        0.00
     0     2      206.00      221.00        0.00
     0     2      203.00      219.00        0.00
     0     2      199.00      217.00        0.00
     0     2      194.00      215.00        0.00
     0     2      190.00      213.00        0.00
     0     2      184.00      212.00        0.00
     0     2      179.00      211.00        0.00
     0     2      174.00      211.00        0.00
     0     2      170.00      211.00        0.00
     0     2      166.00      210.00        0.00
     0     2      162.00      210.00        0.00
     0     2      159.00      209.00        0.00
     0     2      154.00      208.00        0.00
     0     2      150.00      207.00        0.00
     0     2      146.00      205.00        0.00
     0     2      143.00      204.00        0.00
     0     2      139.00      202.00        0.00
     0     2      136.00      201.00        0.00
     0     2      133.00      199.00        0.00
     0     2      128.00      195.00        0.00
     0     2      125.00      192.00        0.00
     0     2      121.00      188.00        0.00
     0     2      117.00      185.00        0.00
     0     2      114.00      182.00        0.00
     0     2      111.00      180.00        0.00
     0     2      108.00      178.00        0.00
     0     2      105.00      176.00        0.00
     0     2      102.00      173.00        0.00
     0     2       99.00      171.00        0.00
     0     2       96.00      168.00        0.00
     0     2       92.00      165.00        0.00
     0     2       90.00      161.00        0.00
     0     2       88.00      157.00        0.00
     0     2       87.00      153.00        0.00
     0     2       85.00      148.00        0.00
     0     2       84.00      144.00        0.00
     0     2       82.00      140.00        0.00
     0     2       81.00      135.00        0.00
     0     2       80.00      131.00        0.00
     0     2       79.00      126.00        0.00
     0     2       79.00      122.00        0.00
     0     2       78.00      117.00        0.00
     0     2       78.00      113.00        0.00
     0     2       78.00      108.00        0.00
     0     2       78.00      104.00        0.00
     0     2       79.00      100.00        0.00
     0     2       79.00       96.00        0.00
     0     2       81.00       92.00        0.00
     0     2       82.00       89.00        0.00
     0     2       84.00       85.00        0.00
     0     2       86.00       81.00        0.00
     0     2       88.00       78.00        0.00
     0     2       90.00       75.00        0.00
     0     2       93.00       72.00        0.00
     0     2       95.00       69.00        0.00
     0     2       99.00       65.00        0.00
     0     2      103.00       63.00        0.00
     0     2      106.00       60.00        0.00
     0     2      111.00       56.00        0.00
     0     2      115.00       53.00        0.00
     0     2      117.00       50.00        0.00
     0     2      120.00       47.00        0.00
     0     2      123.00       44.00        0.00
     0     2      125.00       41.00        0.00
     0     2      128.00       39.00        0.00
     0     2      131.00       36.00        0.00
     0     2      134.00       34.00        0.00
     0     2      137.00       32.00        0.00
     0     2      141.00       31.00        0.00
     0     2      147.00       29.00        0.00
     0     2      153.00       27.00        0.00
     0     2      158.00       26.00        0.00
     0     2      163.00       24.00        0.00
     0     2      166.00       23.00        0.00
     0     2      170.00       23.00        0.00
     0     2      175.00       22.00        0.00
     0     2      179.00       21.00        0.00
     0     2      183.00       20.00        0.00
     0     2      189.00       19.00        0.00
     0     2      196.00       18.00        0.00
     0     2      200.00       17.00        0.00
     0     2      204.00       17.00        0.00
     0     2      208.00       17.00        0.00
     0     2      212.00       17.00        0.00
     0     2      217.00       19.00        0.00
     0     2      220.00       20.00        0.00
     0     2      223.00       21.00        0.00
     0     2      226.00       22.00        0.00
     0     2      230.00       24.00        0.00
     0     2      233.00       26.00        0.00
     0     2      236.00       27.00        0.00
     0     2      241.00       30.00        0.00
     0     2      244.00       32.00        0.00
     0     2      250.00       35.00        0.00
     0     2      255.00       38.00        0.00
     0     2      261.00       41.00        0.00
     0     2      266.00       44.00        0.00
     0     2      271.00       46.00        0.00
     0     2      274.00       48.00        0.00
     0     2      279.00       50.00        0.00
     0     2      282.00       51.00        0.00
     0     2      286.00       53.00        0.00
     0     2      290.00       56.00        0.00
     0     2      294.00       58.00        0.00
     0     2      297.00       60.00        0.00
     0     2      301.00       62.00        0.00
     0     2      306.00       65.00        0.00
     0     2      309.00       66.00        0.00
     0     2      314.00       69.00        0.00
     0     2      317.00       70.00        0.00
     0     2      320.00       71.00        0.00
     0     2      324.00       73.00        0.00
     0     2      327.00       74.00        0.00
     0     2      330.00       76.00        0.00
     0     2      333.00       78.00        0.00
     0     2      336.00       80.00        0.00
     0     2      339.00       81.00        0.00
     0     2      344.00       84.00        0.00
     0     2      347.00       86.00        0.00
     0     2      350.00       88.00        0.00
     0     2      353.00       90.00        0.00
     0     2      358.00       91.00        0.00
     0     2      362.00       92.00        0.00
     0     2      367.00       94.00        0.00
     0     2      373.00       96.00        0.00
     0     2      377.00       96.00        0.00
     0     2      381.00       97.00        0.00
     0     2      385.00       97.00        0.00
     0     2      389.00       97.00        0.00
     0     2      393.00       96.00        0.00
     0     2      396.00       95.00        0.00
     0     2      399.00       94.00        0.00
     0     2      402.00       93.00        0.00
     0     2      408.00       93.00        0.00
     0     2      418.00       91.00        0.00
     0     2      425.00       89.00        0.00
     0     2      429.00       86.00        0.00
     0     2      435.00       83.00        0.00
     0     2      440.00       81.00        0.00
     0     2      446.00       79.00        0.00
     0     2      451.00       77.00        0.00
     0     2      457.00       74.00        0.00
     0     2      460.00       71.00        0.00
     0     2      463.00       66.00        0.00
     0     2      466.00       63.00        0.00
     0     2      469.00       60.00        0.00
     0     2      472.00       56.00        0.00
     0     2      474.00       53.00        0.00
     0     2      476.00       48.00        0.00
     0     2      478.00       44.00        0.00
     0     2      480.00       41.00        0.00
     0     2      482.00       38.00        0.00
     0     2      483.00       35.00        0.00
     0     2      484.00       32.00        0.00
     0     2      486.00       29.00        0.00
     0     2      488.00       26.00        0.00
     0     2      491.00       23.00        0.00
     0     2      494.00       21.00        0.00
     0     2      497.00       18.00        0.00
     0     2      500.00       16.00        0.00
     0     2      503.00       15.00        0.00
     0     2      506.00       12.00        0.00
     0     2      509.00       11.00        0.00
     0     2      512.00        9.00        0.00
     0     2      515.00        6.00        0.00
     0     2      518.00        4.00        0.00
     0     2      521.00        2.00        0.00
     0     2      524.00        1.00        0.00
     0     2     1015.00        0.00        0.00
     0     2     1019.00        5.00        0.00
     0     2     1020.00        8.00        0.00
     0     2     1022.00       11.00        0.00
     0     2     1025.00       13.00        0.00
     0     2     1027.00       16.00        0.00
     0     2     1029.00       19.00        0.00
     0     2     1031.00       22.00        0.00
     0     2     1032.00       25.00        0.00
     0     2     1035.00       28.00        0.00
     0     2     1036.00       31.00        0.00
     0     2     1038.00       34.00        0.00
     0     2     1040.00       37.00        0.00
     0     2     1042.00       40.00        0.00
     0     2     1044.00       43.00        0.00
     0     2     1047.00       45.00        0.00
     0     2     1050.00       48.00        0.00
     0     2     1052.00       51.00        0.00
     0     2     1055.00       54.00        0.00
     0     2     1057.00       57.00        0.00
     0     2     1059.00       60.00        0.00
     0     2     1061.00       63.00        0.00
     0     2     1064.00       65.00        0.00
     0     2     1066.00       68.00        0.00
     0     2     1069.00       71.00        0.00
     0     2     1072.00       74.00        0.00
     0     2     1075.00       76.00        0.00
     0     2     1078.00       79.00        0.00
     0     2     1081.00       81.00        0.00
     0     2     1084.00       83.00        0.00
     0     2     1087.00       85.00        0.00
     0     2     1090.00       87.00        0.00
     0     2     1093.00       89.00        0.00
     0     2     1096.00       91.00        0.00
     0     2     1099.00       93.00        0.00
     0     2     1103.00       95.00        0.00
     0     2     1106.00       96.00        0.00
     0     2     1110.00       98.00        0.00
     0     2     1113.00      100.00        0.00
     0     2     1116.00      101.00        0.00
     0     2     1119.00      102.00        0.00
     0     2     1123.00      104.00        0.00
     0     2     1127.00      106.00        0.00
     0     2     1131.00      108.00        0.00
     0     2     1135.00      109.00        0.00
     0     2     1139.00      113.00        0.00
     0     2     1142.00      115.00        0.00
     0     2     1145.00      118.00        0.00
     0     2     1148.00      120.00        0.00
     0     2     1150.00      123.00        0.00
     0     2     1153.00      126.00        0.00
     0     2     1156.00      129.00        0.00
     0     2     1159.00      132.00        0.00
     0     2     1162.00      134.00        0.00
     0     2     1163.00      137.00        0.00
     0     2     1165.00      140.00        0.00
     0     2     1168.00      142.00        0.00
     0     2     1170.00      146.00        0.00
     0     2     1173.00      150.00        0.00
     0     2     1176.00      153.00        0.00
     0     2     1178.00      156.00        0.00
     0     2     1181.00      159.00        0.00
     0     2     1184.00      162.00        0.00
     0     2     1188.00      166.00        0.00
     0     2     1191.00      170.00        0.00
     0     2     1195.00      174.00        0.00
     0     2     1197.00      178.00        0.00
     0     2     1200.00      181.00        0.00
     0     2     1203.00      186.00        0.00
     0     2     1205.00      189.00        0.00
     0     2     1208.00      195.00        0.00
     0     2     1211.00      200.00        0.00
     0     2     1213.00      204.00        0.00
     0     2     1216.00      209.00        0.00
     0     2     1218.00      214.00        0.00
     0     2     1219.00      218.00        0.00
     0     2     1223.00      224.00        0.00
     0     2     1225.00      228.00        0.00
     0     2     1227.00      235.00        0.00
     0     2     1229.00      240.00        0.00
     0     2     1230.00      245.00        0.00
     0     2     1231.00      249.00        0.00
     0     2     1232.00      253.00        0.00
     0     2     1233.00      256.00        0.00
     0     2     1234.00      260.00        0.00
     0     2     1234.00      264.00        0.00
     0     2     1234.00      269.00        0.00
     0     2     1235.00      272.00        0.00
     0     2     1235.00      276.00        0.00
     0     2     1236.00      280.00        0.00
     0     2     1236.00      284.00        0.00
     0     2     1237.00      288.00        0.00
     0     2     1237.00      292.00        0.00
     0     2     1237.00      296.00        0.00
     0     2     1237.00      300.00        0.00
     0     2     1237.00      304.00        0.00
     0     2     1236.00      307.00        0.00
     0     2     1234.00      310.00        0.00
     0     2     1232.00      313.00        0.00
     0     2     1229.00      315.00        0.00
     0     2     1226.00      317.00        0.00
     0     2     1223.00      319.00        0.00
     0     2     1220.00      320.00        0.00
     0     2     1217.00      321.00        0.00
     0     2     1213.00      321.00        0.00
     0     2     1209.00      321.00        0.00
     0     2     1205.00      321.00        0.00
     0     2     1202.00      320.00        0.00
     0     2     1198.00      319.00        0.00
     0     2     1195.00      318.00        0.00
     0     2     1191.00      318.00        0.00
     0     2     1188.00      317.00        0.00
     0     2     1185.00      316.00        0.00
     0     2     1181.00      316.00        0.00
     0     2     1178.00      315.00        0.00
     0     2     1174.00      314.00        0.00
     0     2     1170.00      314.00        0.00
     0     2     1167.00      313.00        0.00
     0     2     1163.00      313.00        0.00
     0     2     1160.00      312.00        0.00
     0     2     1157.00      311.00        0.00
     0     2     1153.00      311.00        0.00
     0     2     1150.00      310.00        0.00
     0     2     1147.00      309.00        0.00
     0     2     1141.00      307.00        0.00
     0     2     1135.00      306.00        0.00
     0     2     1131.00      304.00        0.00
     0     2     1127.00      303.00        0.00
     0     2     1121.00      300.00        0.00
     0     2     1118.00      299.00        0.00
     0     2     1116.00      296.00        0.00
     0     2     1112.00      293.00        0.00
     0     2     1108.00      290.00        0.00
     0     2     1105.00      287.00        0.00
     0     2     1102.00      284.00        0.00
     0     2     1097.00      280.00        0.00
     0     2     1094.00      276.00        0.00
     0     2     1090.00      272.00        0.00
     0     2     1088.00      269.00        0.00
     0     2     1082.00      264.00        0.00
     0     2     1077.00      261.00        0.00
     0     2     1072.00      257.00        0.00
     0     2     1069.00      253.00        0.00
     0     2     1066.00      249.00        0.00
     0     2     1062.00      245.00        0.00
     0     2     1059.00      242.00        0.00
     0     2     1054.00      237.00        0.00
     0     2     1052.00      233.00        0.00
     0     2     1049.00      229.00        0.00
     0     2     1044.00      225.00        0.00
     0     2     1041.00      222.00        0.00
     0     2     1038.00      218.00        0.00
     0     2     1034.00      214.00        0.00
     0     2     1029.00      209.00        0.00
     0     2     1027.00      206.00        0.00
     0     2     1023.00      202.00        0.00
     0     2     1020.00      198.00        0.00
     0     2     1016.00      193.00        0.00
     0     2     1014.00      189.00        0.00
     0     2     1012.00      186.00        0.00
     0     2     1010.00      182.00        0.00
     0     2     1008.00      179.00        0.00
     0     2     1006.00      176.00        0.00
     0     2     1004.00      173.00        0.00
     0     2     1001.00      170.00        0.00
     0     2     1000.00      167.00        0.00
     0     2      998.00      164.00        0.00
     0     2      996.00      161.00        0.00
     0     2      994.00      158.00        0.00
     0     2      992.00      155.00        0.00
     0     2      989.00      153.00        0.00
     0     2      986.00      151.00        0.00
     0     2      983.00      149.00        0.00
     0     2      980.00      148.00        0.00
     0     2      977.00      147.00        0.00
     0     2      974.00      145.00        0.00
     0     2      971.00      144.00        0.00
     0     2      968.00      143.00        0.00
     0     2      965.00      142.00        0.00
     0     2      962.00      141.00        0.00
     0     2      959.00      139.00        0.00
     0     2      955.00      138.00        0.00
     0     2      950.00      137.00        0.00
     0     2      947.00      136.00        0.00
     0     2      944.00      135.00        0.00
     0     2      940.00      135.00        0.00
     0     2      937.00      134.00        0.00
     0     2      934.00      133.00        0.00
     0     2      930.00      132.00        0.00
     0     2      927.00      130.00        0.00
     0     2      924.00      129.00        0.00
     0     2      920.00      127.00        0.00
     0     2      917.00      125.00        0.00
     0     2      915.00      122.00        0.00
     0     2      912.00      120.00        0.00
     0     2      909.00      118.00        0.00
     0     2      906.00      117.00        0.00
     0     2      903.00      116.00        0.00
     0     2      900.00      114.00        0.00
     0     2      896.00      113.00        0.00
     0     2      893.00      112.00        0.00
     0     2      890.00      111.00        0.00
     0     2      886.00      111.00        0.00
     0     2      882.00      111.00        0.00
     0     2      879.00      110.00        0.00
     0     2      875.00      110.00        0.00
     0     2      872.00      109.00        0.00
     0     2      849.00      109.00        0.00
     0     2      844.00      108.00        0.00
     0     2      840.00      107.00        0.00
     0     2      836.00      107.00        0.00
     0     2      833.00      106.00        0.00
     0     2      830.00      105.00        0.00
     0     2      827.00      104.00        0.00
     0     2      823.00      104.00        0.00
     0     2      819.00      104.00        0.00
     0     2      815.00      104.00        0.00
     0     2      811.00      104.00        0.00
     0     2      808.00      105.00        0.00
     0     2      805.00      106.00        0.00
     0     2      801.00      107.00        0.00
     0     2      797.00      107.00        0.00
     0     2      793.00      108.00        0.00
     0     2      786.00      108.00        0.00
     0     2      779.00      108.00        0.00
     0     2      773.00      108.00        0.00
     0     2      768.00      107.00        0.00
     0     2      764.00      107.00        0.00
     0     2      760.00      107.00        0.00
     0     2      756.00      106.00        0.00
     0     2      752.00      106.00        0.00
     0     2      748.00      106.00        0.00
     0     2      744.00      105.00        0.00
     0     2      740.00      105.00        0.00
     0     2      736.00      105.00        0.00
     0     2      733.00      104.00        0.00
     0     2      729.00      104.00        0.00
     0     2      725.00      104.00        0.00
     0     2      721.00      105.00        0.00
     0     2      715.00      105.00        0.00
     0     2      710.00      105.00        0.00
     0     2      706.00      106.00        0.00
     0     2      702.00      106.00        0.00
     0     2      696.00      107.00        0.00
     0     2      692.00      107.00        0.00
     0     2      689.00      108.00        0.00
     0     2      684.00      110.00        0.00
     0     2      679.00      113.00        0.00
     0     2      676.00      115.00        0.00
     0     2      672.00      118.00        0.00
     0     2      669.00      121.00        0.00
     0     2      666.00      123.00        0.00
     0     2      663.00      125.00        0.00
     0     2      659.00      128.00        0.00
     0     2      656.00      131.00        0.00
     0     2      653.00      134.00        0.00
     0     2      649.00      137.00        0.00
     0     2      646.00      139.00        0.00
     0     2      643.00      141.00        0.00
     0     2      641.00      144.00        0.00
     0     2      638.00      146.00        0.00
     0     2      635.00      147.00        0.00
     0     2      632.00      149.00        0.00
     0     2      629.00      150.00        0.00
     0     2      625.00      152.00        0.00
     0     2      622.00      153.00        0.00
     0     2      618.00      155.00        0.00
     0     2      615.00      157.00        0.00
     0     2      612.00      159.00        0.00
     0     2      609.00      160.00        0.00
     0     2      606.00      163.00        0.00
     0     2      603.00      164.00        0.00
     0     2      600.00      165.00        0.00
     0     2      596.00      165.00        0.00
     0     2      593.00      166.00        0.00
     0     2      590.00      168.00        0.00
     1     0     1038.00      230.00        0.00
     1     0     1037.00      233.00        0.00
     1     0     1034.00      235.00        0.00
     1     0     1031.00      236.00        0.00
     1     0     1028.00      235.00        0.00
     1     0     1025.00      234.00        0.00
     1     0     1024.00      231.00        0.00
     1     0     1023.00      228.00        0.00
     1     0     1023.00      224.00        0.00
     1     0     1026.00      221.00        0.00
     1     0     1029.00      220.00        0.00
     1     0     1033.00      220.00        0.00
     1     0     1036.00      221.00        0.00
     1     1     1053.00      250.00        0.00
     1     1     1056.00      251.00        0.00
     1     1     1058.00      254.00        0.00
     1     1     1059.00      257.00        0.00
     1     1     1058.00      261.00        0.00
     1     1     1055.00      263.00        0.00
     1     1     1052.00      264.00        0.00
     1     1     1049.00      265.00        0.00
     1     1     1046.00      264.00        0.00
     1     1     1044.00      261.00        0.00
     1     1     1044.00      257.00        0.00
     1     1     1045.00      254.00        0.00
     1     1     1047.00      251.00        0.00
