     0     0       69.33      590.67        0.00
     0     0       64.00      594.67        0.00
     0     0       61.33      597.33        0.00
     0     0       57.33      598.67        0.00
     0     0       54.67      601.33        0.00
     0     0       52.00      604.00        0.00
     0     0       48.00      605.33        0.00
     0     0       44.00      608.00        0.00
     0     0       41.33      610.67        0.00
     0     0       37.33      612.00        0.00
     0     0       34.67      614.67        0.00
     0     0       30.67      616.00        0.00
     0     0       26.67      617.33        0.00
     0     0       22.67      618.67        0.00
     0     0       18.67      620.00        0.00
     0     0       14.67      620.00        0.00
     0     0       10.67      618.67        0.00
     0     0        6.67      616.00        0.00
     0     0        4.00      612.00        0.00
     0     0        1.33      608.00        0.00
     0     0        1.33      604.00        0.00
     0     0        0.00      600.00        0.00
     0     0        0.00      596.00        0.00
     0     0        0.00      592.00        0.00
     0     0        0.00      588.00        0.00
     0     0        0.00      582.67        0.00
     0     0        0.00      577.33        0.00
     0     0        0.00      570.67        0.00
     0     0        0.00      564.00        0.00
     0     0        0.00      558.67        0.00
     0     0        0.00      553.33        0.00
     0     0        0.00      548.00        0.00
     0     0        0.00      544.00        0.00
     0     0        0.00      537.33        0.00
     0     0        0.00      533.33        0.00
     0     0        0.00      529.33        0.00
     0     0        0.00      525.33        0.00
     0     0        0.00      521.33        0.00
     0     0        0.00      517.33        0.00
     0     0        1.33      513.33        0.00
     0     0        2.67      509.33        0.00
     0     0        4.00      505.33        0.00
     0     0        4.00      501.33        0.00
     0     0        4.00      497.33        0.00
     0     0        4.00      493.33        0.00
     0     0        5.33      489.33        0.00
     0     0        8.00      486.67        0.00
     0     0       10.67      482.67        0.00
     0     0       13.33      480.00        0.00
     0     0       16.00      477.33        0.00
     0     0       17.33      473.33        0.00
     0     0       21.33      470.67        0.00
     0     0       24.00      468.00        0.00
     0     0       28.00      466.67        0.00
     0     0       30.67      464.00        0.00
     0     0       34.67      462.67        0.00
     0     0       40.00      458.67        0.00
     0     0       44.00      456.00        0.00
     0     0       50.67      453.33        0.00
     0     0       56.00      450.67        0.00
     0     0       62.67      448.00        0.00
     0     0       68.00      446.67        0.00
     0     0       74.67      445.33        0.00
     0     0       81.33      442.67        0.00
     0     0       89.33      442.67        0.00
     0     0       98.67      441.33        0.00
     0     0      105.33      440.00        0.00
     0     0      114.67      440.00        0.00
     0     0      118.67      440.00        0.00
     0     0      122.67      438.67        0.00
     0     0      128.00      438.67        0.00
     0     0      134.67      437.33        0.00
     0     0      141.33      436.00        0.00
     0     0      145.33      436.00        0.00
     0     0      149.33      436.00        0.00
     0     0      153.33      436.00        0.00
     0     0      157.33      436.00        0.00
     0     0      161.33      437.33        0.00
     0     0      166.67      438.67        0.00
     0     0      172.00      440.00        0.00
     0     0      174.67      442.67        0.00
     0     0      180.00      445.33        0.00
     0     0      182.67      448.00        0.00
     0     0      185.33      450.67        0.00
     0     0      188.00      453.33        0.00
     0     0      190.67      456.00        0.00
     0     0      192.00      460.00        0.00
     0     0      194.67      462.67        0.00
     0     0      194.67      466.67        0.00
     0     0      194.67      470.67        0.00
     0     0      194.67      474.67        0.00
     0     0      193.33      478.67        0.00
     0     0      192.00      482.67        0.00
     0     0      190.67      486.67        0.00
     0     0      189.33      490.67        0.00
     0     0      186.67      493.33        0.00
     0     0      185.33      497.33        0.00
     0     0      184.00      501.33        0.00
     0     0      181.33      504.00        0.00
     0     0      178.67      506.67        0.00
     0     0      176.00      510.67        0.00
     0     0      173.33      514.67        0.00
     0     0      169.33      520.00        0.00
     0     0      165.33      524.00        0.00
     0     0      161.33      528.00        0.00
     0     0      158.67      532.00        0.00
     0     0      154.67      537.33        0.00
     0     0      150.67      541.33        0.00
     0     0      148.00      544.00        0.00
     0     0      145.33      548.00        0.00
     0     0      142.67      550.67        0.00
     0     0      138.67      553.33        0.00
     0     0      136.00      557.33        0.00
     0     0      132.00      560.00        0.00
     0     0      126.67      564.00        0.00
     0     0      121.33      566.67        0.00
     0     0      117.33      569.33        0.00
     0     0      113.33      572.00        0.00
     0     0      106.67      574.67        0.00
     0     0      101.33      577.33        0.00
     0     0       97.33      580.00        0.00
     0     0       92.00      582.67        0.00
     0     0       90.67      586.67        0.00
     0     1      257.33      681.33        0.00
     0     1      252.00      684.00        0.00
     0     1      248.00      685.33        0.00
     0     1      244.00      686.67        0.00
     0     1      240.00      686.67        0.00
     0     1      236.00      686.67        0.00
     0     1      232.00      686.67        0.00
     0     1      228.00      686.67        0.00
     0     1      224.00      686.67        0.00
     0     1      220.00      686.67        0.00
     0     1      216.00      685.33        0.00
     0     1      212.00      685.33        0.00
     0     1      208.00      685.33        0.00
     0     1      204.00      684.00        0.00
     0     1      200.00      682.67        0.00
     0     1      196.00      681.33        0.00
     0     1      192.00      678.67        0.00
     0     1      188.00      676.00        0.00
     0     1      184.00      674.67        0.00
     0     1      181.33      672.00        0.00
     0     1      177.33      669.33        0.00
     0     1      174.67      666.67        0.00
     0     1      172.00      664.00        0.00
     0     1      169.33      661.33        0.00
     0     1      168.00      657.33        0.00
     0     1      166.67      653.33        0.00
     0     1      166.67      649.33        0.00
     0     1      165.33      645.33        0.00
     0     1      164.00      641.33        0.00
     0     1      162.67      637.33        0.00
     0     1      161.33      633.33        0.00
     0     1      161.33      629.33        0.00
     0     1      160.00      625.33        0.00
     0     1      160.00      621.33        0.00
     0     1      160.00      617.33        0.00
     0     1      160.00      613.33        0.00
     0     1      160.00      609.33        0.00
     0     1      160.00      605.33        0.00
     0     1      161.33      601.33        0.00
     0     1      162.67      597.33        0.00
     0     1      162.67      593.33        0.00
     0     1      164.00      589.33        0.00
     0     1      165.33      585.33        0.00
     0     1      166.67      581.33        0.00
     0     1      168.00      577.33        0.00
     0     1      169.33      573.33        0.00
     0     1      172.00      569.33        0.00
     0     1      173.33      565.33        0.00
     0     1      176.00      562.67        0.00
     0     1      178.67      560.00        0.00
     0     1      180.00      556.00        0.00
     0     1      182.67      553.33        0.00
     0     1      185.33      550.67        0.00
     0     1      188.00      548.00        0.00
     0     1      190.67      545.33        0.00
     0     1      193.33      541.33        0.00
     0     1      196.00      538.67        0.00
     0     1      198.67      536.00        0.00
     0     1      201.33      533.33        0.00
     0     1      204.00      529.33        0.00
     0     1      206.67      526.67        0.00
     0     1      208.00      522.67        0.00
     0     1      210.67      520.00        0.00
     0     1      212.00      516.00        0.00
     0     1      214.67      513.33        0.00
     0     1      216.00      509.33        0.00
     0     1      217.33      505.33        0.00
     0     1      218.67      501.33        0.00
     0     1      220.00      497.33        0.00
     0     1      221.33      493.33        0.00
     0     1      222.67      489.33        0.00
     0     1      224.00      485.33        0.00
     0     1      225.33      481.33        0.00
     0     1      225.33      477.33        0.00
     0     1      226.67      473.33        0.00
     0     1      226.67      469.33        0.00
     0     1      228.00      465.33        0.00
     0     1      229.33      461.33        0.00
     0     1      230.67      457.33        0.00
     0     1      232.00      453.33        0.00
     0     1      233.33      449.33        0.00
     0     1      233.33      445.33        0.00
     0     1      234.67      441.33        0.00
     0     1      234.67      437.33        0.00
     0     1      236.00      433.33        0.00
     0     1      237.33      429.33        0.00
     0     1      238.67      425.33        0.00
     0     1      241.33      422.67        0.00
     0     1      244.00      418.67        0.00
     0     1      246.67      416.00        0.00
     0     1      248.00      412.00        0.00
     0     1      249.33      408.00        0.00
     0     1      250.67      404.00        0.00
     0     1      252.00      400.00        0.00
     0     1      253.33      396.00        0.00
     0     1      254.67      392.00        0.00
     0     1      256.00      388.00        0.00
     0     1      257.33      384.00        0.00
     0     1      258.67      380.00        0.00
     0     1      260.00      376.00        0.00
     0     1      260.00      372.00        0.00
     0     1      262.67      368.00        0.00
     0     1      262.67      364.00        0.00
     0     1      265.33      360.00        0.00
     0     1      265.33      356.00        0.00
     0     1      268.00      352.00        0.00
     0     1      269.33      348.00        0.00
     0     1      270.67      344.00        0.00
     0     1      270.67      340.00        0.00
     0     1      273.33      336.00        0.00
     0     1      274.67      332.00        0.00
     0     1      276.00      328.00        0.00
     0     1      278.67      325.33        0.00
     0     1      280.00      321.33        0.00
     0     1      282.67      317.33        0.00
     0     1      285.33      313.33        0.00
     0     1      286.67      309.33        0.00
     0     1      289.33      305.33        0.00
     0     1      293.33      301.33        0.00
     0     1      297.33      298.67        0.00
     0     1      300.00      294.67        0.00
     0     1      304.00      290.67        0.00
     0     1      308.00      288.00        0.00
     0     1      312.00      282.67        0.00
     0     1      316.00      278.67        0.00
     0     1      321.33      273.33        0.00
     0     1      326.67      269.33        0.00
     0     1      332.00      266.67        0.00
     0     1      337.33      262.67        0.00
     0     1      342.67      260.00        0.00
     0     1      349.33      256.00        0.00
     0     1      354.67      253.33        0.00
     0     1      360.00      249.33        0.00
     0     1      364.00      246.67        0.00
     0     1      370.67      242.67        0.00
     0     1      374.67      240.00        0.00
     0     1      378.67      237.33        0.00
     0     1      381.33      234.67        0.00
     0     1      384.00      232.00        0.00
     0     1      388.00      229.33        0.00
     0     1      392.00      226.67        0.00
     0     1      397.33      222.67        0.00
     0     1      401.33      220.00        0.00
     0     1      405.33      217.33        0.00
     0     1      410.67      214.67        0.00
     0     1      413.33      212.00        0.00
     0     1      418.67      209.33        0.00
     0     1      424.00      205.33        0.00
     0     1      432.00      201.33        0.00
     0     1      440.00      198.67        0.00
     0     1      452.00      194.67        0.00
     0     1      461.33      190.67        0.00
     0     1      470.67      188.00        0.00
     0     1      478.67      184.00        0.00
     0     1      485.33      180.00        0.00
     0     1      492.00      177.33        0.00
     0     1      497.33      173.33        0.00
     0     1      504.00      170.67        0.00
     0     1      509.33      168.00        0.00
     0     1      514.67      164.00        0.00
     0     1      520.00      161.33        0.00
     0     1      526.67      158.67        0.00
     0     1      532.00      156.00        0.00
     0     1      537.33      154.67        0.00
     0     1      541.33      152.00        0.00
     0     1      549.33      149.33        0.00
     0     1      557.33      146.67        0.00
     0     1      564.00      144.00        0.00
     0     1      573.33      141.33        0.00
     0     1      578.67      138.67        0.00
     0     1      584.00      136.00        0.00
     0     1      588.00      133.33        0.00
     0     1      592.00      132.00        0.00
     0     1      594.67      129.33        0.00
     0     1      601.33      126.67        0.00
     0     1      605.33      125.33        0.00
     0     1      610.67      122.67        0.00
     0     1      614.67      121.33        0.00
     0     1      618.67      120.00        0.00
     0     1      622.67      118.67        0.00
     0     1      626.67      117.33        0.00
     0     1      630.67      116.00        0.00
     0     1      634.67      114.67        0.00
     0     1      638.67      114.67        0.00
     0     1      642.67      113.33        0.00
     0     1      646.67      112.00        0.00
     0     1      650.67      110.67        0.00
     0     1      654.67      110.67        0.00
     0     1      658.67      109.33        0.00
     0     1      662.67      109.33        0.00
     0     1      668.00      109.33        0.00
     0     1      673.33      108.00        0.00
     0     1      680.00      108.00        0.00
     0     1      684.00      108.00        0.00
     0     1      688.00      108.00        0.00
     0     1      692.00      108.00        0.00
     0     1      696.00      108.00        0.00
     0     1      700.00      108.00        0.00
     0     1      704.00      108.00        0.00
     0     1      708.00      108.00        0.00
     0     1      712.00      109.33        0.00
     0     1      716.00      109.33        0.00
     0     1      720.00      109.33        0.00
     0     1      724.00      109.33        0.00
     0     1      728.00      109.33        0.00
     0     1      732.00      109.33        0.00
     0     1      736.00      110.67        0.00
     0     1      740.00      110.67        0.00
     0     1      744.00      110.67        0.00
     0     1      748.00      110.67        0.00
     0     1      752.00      110.67        0.00
     0     1      756.00      110.67        0.00
     0     1      760.00      109.33        0.00
     0     1      764.00      109.33        0.00
     0     1      768.00      109.33        0.00
     0     1      772.00      108.00        0.00
     0     1      776.00      108.00        0.00
     0     1      780.00      108.00        0.00
     0     1      784.00      108.00        0.00
     0     1      788.00      108.00        0.00
     0     1      792.00      106.67        0.00
     0     1      798.67      105.33        0.00
     0     1      804.00      105.33        0.00
     0     1      808.00      104.00        0.00
     0     1      812.00      102.67        0.00
     0     1      816.00      101.33        0.00
     0     1      820.00      100.00        0.00
     0     1      824.00       98.67        0.00
     0     1      828.00       97.33        0.00
     0     1      832.00       96.00        0.00
     0     1      836.00       94.67        0.00
     0     1      840.00       93.33        0.00
     0     1      844.00       90.67        0.00
     0     1      848.00       90.67        0.00
     0     1      852.00       89.33        0.00
     0     1      856.00       88.00        0.00
     0     1      860.00       86.67        0.00
     0     1      864.00       85.33        0.00
     0     1      868.00       85.33        0.00
     0     1      872.00       84.00        0.00
     0     1      876.00       82.67        0.00
     0     1      880.00       81.33        0.00
     0     1      884.00       81.33        0.00
     0     1      888.00       81.33        0.00
     0     1      892.00       81.33        0.00
     0     1      896.00       80.00        0.00
     0     1      900.00       80.00        0.00
     0     1      904.00       80.00        0.00
     0     1      908.00       80.00        0.00
     0     1      912.00       80.00        0.00
     0     1      916.00       80.00        0.00
     0     1      920.00       80.00        0.00
     0     1      924.00       80.00        0.00
     0     1      928.00       80.00        0.00
     0     1      932.00       80.00        0.00
     0     1      936.00       80.00        0.00
     0     1      940.00       80.00        0.00
     0     1      944.00       80.00        0.00
     0     1      948.00       81.33        0.00
     0     1      952.00       81.33        0.00
     0     1      954.67       84.00        0.00
     0     1      958.67       85.33        0.00
     0     1      962.67       88.00        0.00
     0     1      966.67       89.33        0.00
     0     1      970.67       92.00        0.00
     0     1      974.67       93.33        0.00
     0     1      978.67       94.67        0.00
     0     1      982.67       96.00        0.00
     0     1      985.33       98.67        0.00
     0     1      988.00      101.33        0.00
     0     1      990.67      104.00        0.00
     0     1      993.33      108.00        0.00
     0     1      994.67      112.00        0.00
     0     1      996.00      116.00        0.00
     0     1      997.33      120.00        0.00
     0     1     1000.00      124.00        0.00
     0     1     1002.67      128.00        0.00
     0     1     1004.00      132.00        0.00
     0     1     1006.67      136.00        0.00
     0     1     1008.00      140.00        0.00
     0     1     1009.33      144.00        0.00
     0     1     1009.33      148.00        0.00
     0     1     1009.33      152.00        0.00
     0     1     1009.33      156.00        0.00
     0     1     1008.00      160.00        0.00
     0     1     1006.67      164.00        0.00
     0     1     1004.00      168.00        0.00
     0     1     1001.33      172.00        0.00
     0     1      998.67      176.00        0.00
     0     1      996.00      178.67        0.00
     0     1      994.67      182.67        0.00
     0     1      993.33      186.67        0.00
     0     1      990.67      189.33        0.00
     0     1      989.33      193.33        0.00
     0     1      988.00      197.33        0.00
     0     1      984.00      198.67        0.00
     0     1      981.33      202.67        0.00
     0     1      978.67      205.33        0.00
     0     1      976.00      208.00        0.00
     0     1      973.33      210.67        0.00
     0     1      970.67      213.33        0.00
     0     1      966.67      216.00        0.00
     0     1      962.67      217.33        0.00
     0     1      958.67      220.00        0.00
     0     1      954.67      221.33        0.00
     0     1      952.00      224.00        0.00
     0     1      948.00      224.00        0.00
     0     1      942.67      226.67        0.00
     0     1      938.67      228.00        0.00
     0     1      934.67      229.33        0.00
     0     1      930.67      230.67        0.00
     0     1      926.67      230.67        0.00
     0     1      922.67      230.67        0.00
     0     1      918.67      230.67        0.00
     0     1      914.67      230.67        0.00
     0     1      909.33      232.00        0.00
     0     1      900.00      232.00        0.00
     0     1      893.33      233.33        0.00
     0     1      886.67      233.33        0.00
     0     1      882.67      234.67        0.00
     0     1      878.67      234.67        0.00
     0     1      874.67      234.67        0.00
     0     1      870.67      234.67        0.00
     0     1      866.67      234.67        0.00
     0     1      862.67      234.67        0.00
     0     1      858.67      234.67        0.00
     0     1      854.67      234.67        0.00
     0     1      850.67      234.67        0.00
     0     1      846.67      234.67        0.00
     0     1      842.67      233.33        0.00
     0     1      838.67      233.33        0.00
     0     1      834.67      233.33        0.00
     0     1      830.67      233.33        0.00
     0     1      826.67      233.33        0.00
     0     1      822.67      233.33        0.00
     0     1      818.67      233.33        0.00
     0     1      814.67      233.33        0.00
     0     1      810.67      234.67        0.00
     0     1      806.67      234.67        0.00
     0     1      802.67      236.00        0.00
     0     1      798.67      237.33        0.00
     0     1      794.67      237.33        0.00
     0     1      790.67      237.33        0.00
     0     1      786.67      237.33        0.00
     0     1      782.67      237.33        0.00
     0     1      778.67      237.33        0.00
     0     1      774.67      237.33        0.00
     0     1      770.67      238.67        0.00
     0     1      766.67      238.67        0.00
     0     1      762.67      238.67        0.00
     0     1      758.67      238.67        0.00
     0     1      754.67      238.67        0.00
     0     1      750.67      238.67        0.00
     0     1      746.67      240.00        0.00
     0     1      742.67      241.33        0.00
     0     1      738.67      241.33        0.00
     0     1      734.67      241.33        0.00
     0     1      730.67      241.33        0.00
     0     1      726.67      242.67        0.00
     0     1      722.67      242.67        0.00
     0     1      718.67      242.67        0.00
     0     1      714.67      242.67        0.00
     0     1      709.33      242.67        0.00
     0     1      702.67      244.00        0.00
     0     1      697.33      245.33        0.00
     0     1      693.33      246.67        0.00
     0     1      689.33      246.67        0.00
     0     1      685.33      246.67        0.00
     0     1      681.33      248.00        0.00
     0     1      677.33      248.00        0.00
     0     1      673.33      248.00        0.00
     0     1      669.33      248.00        0.00
     0     1      665.33      248.00        0.00
     0     1      661.33      248.00        0.00
     0     1      657.33      249.33        0.00
     0     1      653.33      249.33        0.00
     0     1      649.33      250.67        0.00
     0     1      645.33      250.67        0.00
     0     1      641.33      250.67        0.00
     0     1      637.33      250.67        0.00
     0     1      633.33      250.67        0.00
     0     1      629.33      252.00        0.00
     0     1      625.33      252.00        0.00
     0     1      621.33      252.00        0.00
     0     1      616.00      252.00        0.00
     0     1      612.00      252.00        0.00
     0     1      608.00      252.00        0.00
     0     1      604.00      252.00        0.00
     0     1      600.00      252.00        0.00
     0     1      596.00      252.00        0.00
     0     1      592.00      252.00        0.00
     0     1      588.00      252.00        0.00
     0     1      584.00      252.00        0.00
     0     1      580.00      252.00        0.00
     0     1      576.00      252.00        0.00
     0     1      572.00      252.00        0.00
     0     1      568.00      252.00        0.00
     0     1      564.00      252.00        0.00
     0     1      560.00      252.00        0.00
     0     1      556.00      253.33        0.00
     0     1      552.00      254.67        0.00
     0     1      548.00      256.00        0.00
     0     1      545.33      258.67        0.00
     0     1      541.33      260.00        0.00
     0     1      537.33      262.67        0.00
     0     1      534.67      265.33        0.00
     0     1      532.00      268.00        0.00
     0     1      528.00      270.67        0.00
     0     1      524.00      273.33        0.00
     0     1      520.00      274.67        0.00
     0     1      517.33      277.33        0.00
     0     1      513.33      278.67        0.00
     0     1      509.33      280.00        0.00
     0     1      506.67      282.67        0.00
     0     1      502.67      284.00        0.00
     0     1      500.00      286.67        0.00
     0     1      497.33      289.33        0.00
     0     1      494.67      292.00        0.00
     0     1      492.00      294.67        0.00
     0     1      489.33      297.33        0.00
     0     1      486.67      300.00        0.00
     0     1      484.00      302.67        0.00
     0     1      481.33      305.33        0.00
     0     1      478.67      308.00        0.00
     0     1      474.67      310.67        0.00
     0     1      472.00      313.33        0.00
     0     1      469.33      316.00        0.00
     0     1      466.67      318.67        0.00
     0     1      464.00      321.33        0.00
     0     1      461.33      324.00        0.00
     0     1      458.67      326.67        0.00
     0     1      456.00      329.33        0.00
     0     1      453.33      333.33        0.00
     0     1      450.67      336.00        0.00
     0     1      449.33      340.00        0.00
     0     1      446.67      344.00        0.00
     0     1      442.67      348.00        0.00
     0     1      440.00      352.00        0.00
     0     1      437.33      356.00        0.00
     0     1      436.00      360.00        0.00
     0     1      434.67      364.00        0.00
     0     1      432.00      368.00        0.00
     0     1      430.67      372.00        0.00
     0     1      428.00      376.00        0.00
     0     1      426.67      380.00        0.00
     0     1      425.33      384.00        0.00
     0     1      424.00      388.00        0.00
     0     1      421.33      390.67        0.00
     0     1      420.00      394.67        0.00
     0     1      417.33      397.33        0.00
     0     1      416.00      401.33        0.00
     0     1      413.33      404.00        0.00
     0     1      412.00      408.00        0.00
     0     1      410.67      412.00        0.00
     0     1      409.33      416.00        0.00
     0     1      409.33      420.00        0.00
     0     1      408.00      424.00        0.00
     0     1      408.00      428.00        0.00
     0     1      408.00      432.00        0.00
     0     1      409.33      436.00        0.00
     0     1      409.33      440.00        0.00
     0     1      409.33      444.00        0.00
     0     1      410.67      448.00        0.00
     0     1      410.67      452.00        0.00
     0     1      410.67      456.00        0.00
     0     1      410.67      460.00        0.00
     0     1      409.33      464.00        0.00
     0     1      408.00      468.00        0.00
     0     1      406.67      472.00        0.00
     0     1      405.33      476.00        0.00
     0     1      402.67      480.00        0.00
     0     1      401.33      484.00        0.00
     0     1      398.67      486.67        0.00
     0     1      396.00      490.67        0.00
     0     1      393.33      494.67        0.00
     0     1      392.00      498.67        0.00
     0     1      389.33      501.33        0.00
     0     1      388.00      505.33        0.00
     0     1      386.67      509.33        0.00
     0     1      385.33      513.33        0.00
     0     1      384.00      517.33        0.00
     0     1      382.67      521.33        0.00
     0     1      380.00      524.00        0.00
     0     1      380.00      528.00        0.00
     0     1      378.67      532.00        0.00
     0     1      378.67      536.00        0.00
     0     1      377.33      540.00        0.00
     0     1      376.00      544.00        0.00
     0     1      374.67      548.00        0.00
     0     1      372.00      552.00        0.00
     0     1      370.67      556.00        0.00
     0     1      369.33      560.00        0.00
     0     1      368.00      564.00        0.00
     0     1      365.33      568.00        0.00
     0     1      362.67      572.00        0.00
     0     1      361.33      576.00        0.00
     0     1      358.67      578.67        0.00
     0     1      356.00      581.33        0.00
     0     1      353.33      585.33        0.00
     0     1      352.00      589.33        0.00
     0     1      349.33      592.00        0.00
     0     1      348.00      596.00        0.00
     0     1      348.00      600.00        0.00
     0     1      345.33      602.67        0.00
     0     1      344.00      606.67        0.00
     0     1      341.33      609.33        0.00
     0     1      338.67      612.00        0.00
     0     1      334.67      613.33        0.00
     0     1      330.67      614.67        0.00
     0     1      328.00      617.33        0.00
     0     1      324.00      618.67        0.00
     0     1      321.33      622.67        0.00
     0     1      320.00      626.67        0.00
     0     1      318.67      630.67        0.00
     0     1      317.33      634.67        0.00
     0     1      316.00      638.67        0.00
     0     1      313.33      641.33        0.00
     0     1      310.67      644.00        0.00
     0     1      308.00      646.67        0.00
     0     1      305.33      649.33        0.00
     0     1      301.33      652.00        0.00
     0     1      298.67      654.67        0.00
     0     1      294.67      657.33        0.00
     0     1      290.67      658.67        0.00
     0     1      288.00      661.33        0.00
     0     1      284.00      664.00        0.00
     0     1      280.00      665.33        0.00
     0     1      276.00      665.33        0.00
     0     3      534.67      920.00        0.00
     0     3      532.00      925.33        0.00
     0     3      530.67      929.33        0.00
     0     3      530.67      933.33        0.00
     0     3      529.33      937.33        0.00
     0     3      528.00      941.33        0.00
     0     3      525.33      945.33        0.00
     0     3      524.00      949.33        0.00
     0     3      522.67      953.33        0.00
     0     3      520.00      956.00        0.00
     0     3      517.33      960.00        0.00
     0     3      514.67      964.00        0.00
     0     3      512.00      966.67        0.00
     0     3      509.33      969.33        0.00
     0     3      506.67      972.00        0.00
     0     3      502.67      973.33        0.00
     0     3      498.67      974.67        0.00
     0     3      494.67      976.00        0.00
     0     3      490.67      976.00        0.00
     0     3      486.67      976.00        0.00
     0     3      482.67      977.33        0.00
     0     3      478.67      977.33        0.00
     0     3      474.67      977.33        0.00
     0     3      470.67      976.00        0.00
     0     3      466.67      976.00        0.00
     0     3      461.33      973.33        0.00
     0     3      454.67      969.33        0.00
     0     3      448.00      966.67        0.00
     0     3      441.33      962.67        0.00
     0     3      434.67      958.67        0.00
     0     3      429.33      956.00        0.00
     0     3      424.00      950.67        0.00
     0     3      418.67      946.67        0.00
     0     3      413.33      942.67        0.00
     0     3      406.67      938.67        0.00
     0     3      404.00      936.00        0.00
     0     3      400.00      932.00        0.00
     0     3      396.00      928.00        0.00
     0     3      392.00      925.33        0.00
     0     3      388.00      921.33        0.00
     0     3      385.33      917.33        0.00
     0     3      382.67      913.33        0.00
     0     3      380.00      910.67        0.00
     0     3      377.33      906.67        0.00
     0     3      373.33      902.67        0.00
     0     3      369.33      897.33        0.00
     0     3      364.00      892.00        0.00
     0     3      360.00      886.67        0.00
     0     3      357.33      884.00        0.00
     0     3      354.67      880.00        0.00
     0     3      350.67      876.00        0.00
     0     3      348.00      873.33        0.00
     0     3      345.33      869.33        0.00
     0     3      342.67      866.67        0.00
     0     3      338.67      865.33        0.00
     0     3      336.00      862.67        0.00
     0     3      332.00      860.00        0.00
     0     3      328.00      856.00        0.00
     0     3      324.00      853.33        0.00
     0     3      320.00      849.33        0.00
     0     3      316.00      845.33        0.00
     0     3      313.33      842.67        0.00
     0     3      310.67      840.00        0.00
     0     3      308.00      836.00        0.00
     0     3      305.33      833.33        0.00
     0     3      302.67      829.33        0.00
     0     3      300.00      826.67        0.00
     0     3      298.67      822.67        0.00
     0     3      296.00      818.67        0.00
     0     3      293.33      816.00        0.00
     0     3      292.00      812.00        0.00
     0     3      290.67      808.00        0.00
     0     3      289.33      804.00        0.00
     0     3      288.00      800.00        0.00
     0     3      286.67      796.00        0.00
     0     3      285.33      792.00        0.00
     0     3      285.33      788.00        0.00
     0     3      284.00      784.00        0.00
     0     3      282.67      780.00        0.00
     0     3      282.67      776.00        0.00
     0     3      281.33      772.00        0.00
     0     3      281.33      768.00        0.00
     0     3      281.33      762.67        0.00
     0     3      281.33      758.67        0.00
     0     3      281.33      754.67        0.00
     0     3      281.33      750.67        0.00
     0     3      281.33      746.67        0.00
     0     3      281.33      742.67        0.00
     0     3      281.33      738.67        0.00
     0     3      282.67      734.67        0.00
     0     3      282.67      730.67        0.00
     0     3      282.67      726.67        0.00
     0     3      284.00      722.67        0.00
     0     3      285.33      718.67        0.00
     0     3      286.67      714.67        0.00
     0     3      289.33      712.00        0.00
     0     3      292.00      709.33        0.00
     0     3      293.33      705.33        0.00
     0     3      296.00      702.67        0.00
     0     3      298.67      700.00        0.00
     0     3      301.33      697.33        0.00
     0     3      304.00      694.67        0.00
     0     3      306.67      692.00        0.00
     0     3      309.33      689.33        0.00
     0     3      310.67      685.33        0.00
     0     3      313.33      682.67        0.00
     0     3      316.00      680.00        0.00
     0     3      318.67      677.33        0.00
     0     3      321.33      674.67        0.00
     0     3      324.00      672.00        0.00
     0     3      328.00      669.33        0.00
     0     3      330.67      666.67        0.00
     0     3      333.33      664.00        0.00
     0     3      337.33      661.33        0.00
     0     3      340.00      658.67        0.00
     0     3      342.67      656.00        0.00
     0     3      346.67      654.67        0.00
     0     3      349.33      650.67        0.00
     0     3      352.00      648.00        0.00
     0     3      354.67      645.33        0.00
     0     3      357.33      642.67        0.00
     0     3      360.00      640.00        0.00
     0     3      362.67      637.33        0.00
     0     3      365.33      634.67        0.00
     0     3      368.00      632.00        0.00
     0     3      370.67      629.33        0.00
     0     3      372.00      625.33        0.00
     0     3      374.67      621.33        0.00
     0     3      377.33      618.67        0.00
     0     3      377.33      614.67        0.00
     0     3      380.00      612.00        0.00
     0     3      381.33      608.00        0.00
     0     3      382.67      604.00        0.00
     0     3      384.00      600.00        0.00
     0     3      385.33      596.00        0.00
     0     3      386.67      592.00        0.00
     0     3      389.33      589.33        0.00
     0     3      390.67      585.33        0.00
     0     3      393.33      582.67        0.00
     0     3      394.67      578.67        0.00
     0     3      396.00      574.67        0.00
     0     3      398.67      572.00        0.00
     0     3      400.00      568.00        0.00
     0     3      401.33      564.00        0.00
     0     3      402.67      560.00        0.00
     0     3      404.00      556.00        0.00
     0     3      406.67      552.00        0.00
     0     3      408.00      548.00        0.00
     0     3      408.00      544.00        0.00
     0     3      410.67      541.33        0.00
     0     3      412.00      537.33        0.00
     0     3      413.33      533.33        0.00
     0     3      416.00      529.33        0.00
     0     3      417.33      525.33        0.00
     0     3      420.00      522.67        0.00
     0     3      421.33      518.67        0.00
     0     3      422.67      514.67        0.00
     0     3      424.00      510.67        0.00
     0     3      426.67      506.67        0.00
     0     3      428.00      502.67        0.00
     0     3      429.33      498.67        0.00
     0     3      432.00      496.00        0.00
     0     3      432.00      492.00        0.00
     0     3      432.00      488.00        0.00
     0     3      432.00      484.00        0.00
     0     3      432.00      480.00        0.00
     0     3      432.00      476.00        0.00
     0     3      430.67      472.00        0.00
     0     3      430.67      468.00        0.00
     0     3      430.67      464.00        0.00
     0     3      433.33      461.33        0.00
     0     3      434.67      457.33        0.00
     0     3      437.33      454.67        0.00
     0     3      440.00      452.00        0.00
     0     3      441.33      448.00        0.00
     0     3      442.67      444.00        0.00
     0     3      444.00      440.00        0.00
     0     3      444.00      436.00        0.00
     0     3      444.00      432.00        0.00
     0     3      444.00      428.00        0.00
     0     3      444.00      424.00        0.00
     0     3      444.00      420.00        0.00
     0     3      444.00      416.00        0.00
     0     3      445.33      412.00        0.00
     0     3      446.67      408.00        0.00
     0     3      449.33      404.00        0.00
     0     3      450.67      400.00        0.00
     0     3      452.00      396.00        0.00
     0     3      454.67      393.33        0.00
     0     3      456.00      389.33        0.00
     0     3      457.33      385.33        0.00
     0     3      458.67      381.33        0.00
     0     3      461.33      378.67        0.00
     0     3      462.67      374.67        0.00
     0     3      465.33      372.00        0.00
     0     3      468.00      369.33        0.00
     0     3      470.67      365.33        0.00
     0     3      473.33      362.67        0.00
     0     3      476.00      360.00        0.00
     0     3      480.00      358.67        0.00
     0     3      484.00      356.00        0.00
     0     3      488.00      354.67        0.00
     0     3      492.00      352.00        0.00
     0     3      496.00      350.67        0.00
     0     3      498.67      348.00        0.00
     0     3      502.67      346.67        0.00
     0     3      505.33      344.00        0.00
     0     3      509.33      342.67        0.00
     0     3      512.00      340.00        0.00
     0     3      514.67      337.33        0.00
     0     3      517.33      334.67        0.00
     0     3      521.33      333.33        0.00
     0     3      524.00      330.67        0.00
     0     3      526.67      328.00        0.00
     0     3      530.67      325.33        0.00
     0     3      534.67      324.00        0.00
     0     3      537.33      321.33        0.00
     0     3      541.33      318.67        0.00
     0     3      545.33      317.33        0.00
     0     3      549.33      316.00        0.00
     0     3      553.33      314.67        0.00
     0     3      557.33      313.33        0.00
     0     3      561.33      312.00        0.00
     0     3      565.33      310.67        0.00
     0     3      569.33      310.67        0.00
     0     3      573.33      310.67        0.00
     0     3      577.33      310.67        0.00
     0     3      581.33      310.67        0.00
     0     3      585.33      310.67        0.00
     0     3      589.33      310.67        0.00
     0     3      593.33      309.33        0.00
     0     3      596.00      306.67        0.00
     0     3      600.00      306.67        0.00
     0     3      602.67      304.00        0.00
     0     3      606.67      304.00        0.00
     0     3      610.67      302.67        0.00
     0     3      614.67      301.33        0.00
     0     3      617.33      298.67        0.00
     0     3      621.33      298.67        0.00
     0     3      625.33      297.33        0.00
     0     3      629.33      297.33        0.00
     0     3      633.33      297.33        0.00
     0     3      637.33      297.33        0.00
     0     3      641.33      297.33        0.00
     0     3      645.33      297.33        0.00
     0     3      649.33      296.00        0.00
     0     3      653.33      296.00        0.00
     0     3      657.33      294.67        0.00
     0     3      661.33      293.33        0.00
     0     3      665.33      293.33        0.00
     0     3      669.33      292.00        0.00
     0     3      673.33      292.00        0.00
     0     3      677.33      292.00        0.00
     0     3      681.33      292.00        0.00
     0     3      685.33      292.00        0.00
     0     3      689.33      292.00        0.00
     0     3      692.00      289.33        0.00
     0     3      696.00      288.00        0.00
     0     3      700.00      286.67        0.00
     0     3      704.00      285.33        0.00
     0     3      708.00      284.00        0.00
     0     3      712.00      282.67        0.00
     0     3      714.67      280.00        0.00
     0     3      718.67      278.67        0.00
     0     3      721.33      276.00        0.00
     0     3      725.33      276.00        0.00
     0     3      729.33      274.67        0.00
     0     3      732.00      272.00        0.00
     0     3      736.00      272.00        0.00
     0     3      740.00      270.67        0.00
     0     3      744.00      269.33        0.00
     0     3      748.00      268.00        0.00
     0     3      752.00      265.33        0.00
     0     3      756.00      262.67        0.00
     0     3      760.00      261.33        0.00
     0     3      764.00      260.00        0.00
     0     3      768.00      258.67        0.00
     0     3      772.00      258.67        0.00
     0     3      776.00      257.33        0.00
     0     3      780.00      257.33        0.00
     0     3      784.00      257.33        0.00
     0     3      788.00      256.00        0.00
     0     3      792.00      256.00        0.00
     0     3      796.00      254.67        0.00
     0     3      800.00      253.33        0.00
     0     3      804.00      252.00        0.00
     0     3      808.00      250.67        0.00
     0     3      812.00      250.67        0.00
     0     3      816.00      250.67        0.00
     0     3      820.00      249.33        0.00
     0     3      824.00      249.33        0.00
     0     3      828.00      249.33        0.00
     0     3      832.00      249.33        0.00
     0     3      836.00      249.33        0.00
     0     3      840.00      248.00        0.00
     0     3      844.00      248.00        0.00
     0     3      848.00      248.00        0.00
     0     3      852.00      248.00        0.00
     0     3      856.00      249.33        0.00
     0     3      860.00      250.67        0.00
     0     3      864.00      250.67        0.00
     0     3      868.00      252.00        0.00
     0     3      872.00      252.00        0.00
     0     3      876.00      252.00        0.00
     0     3      880.00      253.33        0.00
     0     3      884.00      253.33        0.00
     0     3      888.00      254.67        0.00
     0     3      893.33      254.67        0.00
     0     3      898.67      256.00        0.00
     0     3      902.67      257.33        0.00
     0     3      906.67      257.33        0.00
     0     3      910.67      258.67        0.00
     0     3      914.67      258.67        0.00
     0     3      918.67      260.00        0.00
     0     3      922.67      260.00        0.00
     0     3      926.67      261.33        0.00
     0     3      929.33      264.00        0.00
     0     3      933.33      265.33        0.00
     0     3      937.33      266.67        0.00
     0     3      940.00      269.33        0.00
     0     3      944.00      272.00        0.00
     0     3      946.67      274.67        0.00
     0     3      948.00      278.67        0.00
     0     3      949.33      282.67        0.00
     0     3      950.67      286.67        0.00
     0     3      950.67      290.67        0.00
     0     3      950.67      294.67        0.00
     0     3      950.67      298.67        0.00
     0     3      950.67      302.67        0.00
     0     3      950.67      306.67        0.00
     0     3      950.67      310.67        0.00
     0     3      950.67      314.67        0.00
     0     3      950.67      318.67        0.00
     0     3      950.67      322.67        0.00
     0     3      950.67      326.67        0.00
     0     3      950.67      330.67        0.00
     0     3      949.33      334.67        0.00
     0     3      949.33      338.67        0.00
     0     3      948.00      342.67        0.00
     0     3      945.33      346.67        0.00
     0     3      942.67      350.67        0.00
     0     3      940.00      353.33        0.00
     0     3      937.33      357.33        0.00
     0     3      936.00      361.33        0.00
     0     3      933.33      364.00        0.00
     0     3      930.67      366.67        0.00
     0     3      928.00      369.33        0.00
     0     3      925.33      372.00        0.00
     0     3      922.67      374.67        0.00
     0     3      918.67      376.00        0.00
     0     3      916.00      378.67        0.00
     0     3      913.33      381.33        0.00
     0     3      908.00      384.00        0.00
     0     3      904.00      386.67        0.00
     0     3      901.33      389.33        0.00
     0     3      897.33      390.67        0.00
     0     3      893.33      393.33        0.00
     0     3      890.67      396.00        0.00
     0     3      886.67      397.33        0.00
     0     3      882.67      398.67        0.00
     0     3      878.67      400.00        0.00
     0     3      874.67      401.33        0.00
     0     3      870.67      402.67        0.00
     0     3      866.67      402.67        0.00
     0     3      862.67      402.67        0.00
     0     3      857.33      404.00        0.00
     0     3      853.33      404.00        0.00
     0     3      848.00      405.33        0.00
     0     3      844.00      406.67        0.00
     0     3      840.00      408.00        0.00
     0     3      836.00      409.33        0.00
     0     3      832.00      412.00        0.00
     0     3      828.00      413.33        0.00
     0     3      824.00      413.33        0.00
     0     3      820.00      414.67        0.00
     0     3      816.00      416.00        0.00
     0     3      812.00      417.33        0.00
     0     3      808.00      418.67        0.00
     0     3      804.00      420.00        0.00
     0     3      800.00      420.00        0.00
     0     3      796.00      421.33        0.00
     0     3      792.00      421.33        0.00
     0     3      788.00      422.67        0.00
     0     3      784.00      424.00        0.00
     0     3      780.00      424.00        0.00
     0     3      776.00      425.33        0.00
     0     3      769.33      426.67        0.00
     0     3      764.00      426.67        0.00
     0     3      757.33      428.00        0.00
     0     3      753.33      429.33        0.00
     0     3      748.00      430.67        0.00
     0     3      744.00      432.00        0.00
     0     3      740.00      434.67        0.00
     0     3      736.00      436.00        0.00
     0     3      732.00      437.33        0.00
     0     3      728.00      438.67        0.00
     0     3      724.00      440.00        0.00
     0     3      720.00      442.67        0.00
     0     3      716.00      444.00        0.00
     0     3      712.00      444.00        0.00
     0     3      708.00      445.33        0.00
     0     3      704.00      445.33        0.00
     0     3      700.00      446.67        0.00
     0     3      696.00      448.00        0.00
     0     3      692.00      448.00        0.00
     0     3      686.67      449.33        0.00
     0     3      682.67      450.67        0.00
     0     3      678.67      452.00        0.00
     0     3      674.67      453.33        0.00
     0     3      670.67      454.67        0.00
     0     3      666.67      456.00        0.00
     0     3      662.67      457.33        0.00
     0     3      660.00      460.00        0.00
     0     3      656.00      461.33        0.00
     0     3      653.33      464.00        0.00
     0     3      650.67      468.00        0.00
     0     3      648.00      470.67        0.00
     0     3      645.33      473.33        0.00
     0     3      642.67      477.33        0.00
     0     3      640.00      481.33        0.00
     0     3      637.33      484.00        0.00
     0     3      634.67      488.00        0.00
     0     3      632.00      492.00        0.00
     0     3      630.67      496.00        0.00
     0     3      630.67      500.00        0.00
     0     3      629.33      504.00        0.00
     0     3      629.33      508.00        0.00
     0     3      628.00      512.00        0.00
     0     3      626.67      516.00        0.00
     0     3      625.33      520.00        0.00
     0     3      625.33      524.00        0.00
     0     3      624.00      528.00        0.00
     0     3      621.33      530.67        0.00
     0     3      620.00      534.67        0.00
     0     3      618.67      538.67        0.00
     0     3      616.00      542.67        0.00
     0     3      613.33      546.67        0.00
     0     3      610.67      550.67        0.00
     0     3      608.00      554.67        0.00
     0     3      605.33      557.33        0.00
     0     3      602.67      561.33        0.00
     0     3      600.00      564.00        0.00
     0     3      597.33      566.67        0.00
     0     3      594.67      569.33        0.00
     0     3      592.00      572.00        0.00
     0     3      589.33      574.67        0.00
     0     3      586.67      577.33        0.00
     0     3      584.00      580.00        0.00
     0     3      581.33      582.67        0.00
     0     3      578.67      585.33        0.00
     0     3      576.00      588.00        0.00
     0     3      572.00      590.67        0.00
     0     3      569.33      594.67        0.00
     0     3      566.67      598.67        0.00
     0     3      565.33      602.67        0.00
     0     3      564.00      606.67        0.00
     0     3      564.00      610.67        0.00
     0     3      564.00      614.67        0.00
     0     3      562.67      618.67        0.00
     0     3      562.67      622.67        0.00
     0     3      562.67      626.67        0.00
     0     3      561.33      630.67        0.00
     0     3      560.00      634.67        0.00
     0     3      560.00      638.67        0.00
     0     3      558.67      642.67        0.00
     0     3      557.33      646.67        0.00
     0     3      556.00      650.67        0.00
     0     3      554.67      654.67        0.00
     0     3      553.33      658.67        0.00
     0     3      552.00      662.67        0.00
     0     3      552.00      666.67        0.00
     0     3      550.67      670.67        0.00
     0     3      549.33      676.00        0.00
     0     3      548.00      681.33        0.00
     0     3      548.00      685.33        0.00
     0     3      548.00      689.33        0.00
     0     3      548.00      694.67        0.00
     0     3      548.00      701.33        0.00
     0     3      548.00      705.33        0.00
     0     3      548.00      709.33        0.00
     0     3      548.00      713.33        0.00
     0     3      548.00      717.33        0.00
     0     3      548.00      721.33        0.00
     0     3      548.00      725.33        0.00
     0     3      548.00      729.33        0.00
     0     3      548.00      733.33        0.00
     0     3      545.33      737.33        0.00
     0     3      544.00      741.33        0.00
     0     3      542.67      745.33        0.00
     0     3      540.00      748.00        0.00
     0     3      538.67      753.33        0.00
     0     3      536.00      757.33        0.00
     0     3      533.33      761.33        0.00
     0     3      529.33      766.67        0.00
     0     3      526.67      770.67        0.00
     0     3      524.00      776.00        0.00
     0     3      521.33      780.00        0.00
     0     3      517.33      788.00        0.00
     0     3      514.67      793.33        0.00
     0     3      512.00      801.33        0.00
     0     3      509.33      808.00        0.00
     0     3      506.67      814.67        0.00
     0     3      506.67      818.67        0.00
     0     3      505.33      824.00        0.00
     0     3      505.33      829.33        0.00
     0     3      504.00      833.33        0.00
     0     3      504.00      838.67        0.00
     0     3      504.00      842.67        0.00
     0     3      504.00      848.00        0.00
     0     3      505.33      852.00        0.00
     0     3      506.67      856.00        0.00
     0     3      509.33      860.00        0.00
     0     3      512.00      864.00        0.00
     0     3      514.67      868.00        0.00
     0     3      517.33      870.67        0.00
     0     3      520.00      873.33        0.00
     0     3      522.67      876.00        0.00
     0     3      525.33      878.67        0.00
     0     3      526.67      882.67        0.00
     0     3      529.33      885.33        0.00
     0     3      530.67      889.33        0.00
     0     3      532.00      893.33        0.00
     0     3      533.33      897.33        0.00
     0     4     1340.00       14.67        0.00
     0     4     1340.00       18.67        0.00
     0     4     1337.33       21.33        0.00
     0     4     1336.00       25.33        0.00
     0     4     1333.33       28.00        0.00
     0     4     1330.67       30.67        0.00
     0     4     1326.67       33.33        0.00
     0     4     1324.00       37.33        0.00
     0     4     1321.33       40.00        0.00
     0     4     1317.33       42.67        0.00
     0     4     1314.67       46.67        0.00
     0     4     1310.67       49.33        0.00
     0     4     1308.00       53.33        0.00
     0     4     1292.00       72.00        0.00
     0     4     1284.00       80.00        0.00
     0     4     1280.00       82.67        0.00
     0     4     1276.00       85.33        0.00
     0     4     1272.00       86.67        0.00
     0     4     1269.33       89.33        0.00
     0     4     1265.33       90.67        0.00
     0     4     1262.67       93.33        0.00
     0     4     1256.00       97.33        0.00
     0     4     1248.00      100.00        0.00
     0     4     1242.67      102.67        0.00
     0     4     1240.00      105.33        0.00
     0     4     1236.00      106.67        0.00
     0     4     1232.00      108.00        0.00
     0     4     1228.00      109.33        0.00
     0     4     1224.00      110.67        0.00
     0     4     1221.33      113.33        0.00
     0     4     1218.67      116.00        0.00
     0     4     1214.67      117.33        0.00
     0     4     1212.00      120.00        0.00
     0     4     1206.67      121.33        0.00
     0     4     1202.67      124.00        0.00
     0     4     1198.67      126.67        0.00
     0     4     1194.67      128.00        0.00
     0     4     1190.67      129.33        0.00
     0     4     1185.33      132.00        0.00
     0     4     1178.67      134.67        0.00
     0     4     1174.67      136.00        0.00
     0     4     1170.67      137.33        0.00
     0     4     1166.67      137.33        0.00
     0     4     1161.33      138.67        0.00
     0     4     1154.67      138.67        0.00
     0     4     1150.67      140.00        0.00
     0     4     1146.67      140.00        0.00
     0     4     1142.67      140.00        0.00
     0     4     1138.67      140.00        0.00
     0     4     1134.67      138.67        0.00
     0     4     1130.67      138.67        0.00
     0     4     1126.67      137.33        0.00
     0     4     1122.67      137.33        0.00
     0     4     1117.33      136.00        0.00
     0     4     1113.33      134.67        0.00
     0     4     1109.33      134.67        0.00
     0     4     1105.33      134.67        0.00
     0     4     1101.33      132.00        0.00
     0     4     1097.33      132.00        0.00
     0     4     1093.33      130.67        0.00
     0     4     1089.33      129.33        0.00
     0     4     1085.33      128.00        0.00
     0     4     1081.33      126.67        0.00
     0     4     1077.33      126.67        0.00
     0     4     1073.33      125.33        0.00
     0     4     1069.33      124.00        0.00
     0     4     1065.33      124.00        0.00
     0     4     1061.33      122.67        0.00
     0     4     1057.33      122.67        0.00
     0     4     1053.33      121.33        0.00
     0     4     1049.33      120.00        0.00
     0     4     1045.33      117.33        0.00
     0     4     1041.33      116.00        0.00
     0     4     1034.67      113.33        0.00
     0     4     1032.00      110.67        0.00
     0     4     1028.00      109.33        0.00
     0     4     1024.00      106.67        0.00
     0     4     1021.33      104.00        0.00
     0     4     1018.67      101.33        0.00
     0     4     1016.00       98.67        0.00
     0     4     1013.33       94.67        0.00
     0     4     1012.00       90.67        0.00
     0     4     1009.33       86.67        0.00
     0     4     1006.67       82.67        0.00
     0     4     1004.00       78.67        0.00
     0     4     1001.33       74.67        0.00
     0     4      998.67       70.67        0.00
     0     4      997.33       66.67        0.00
     0     4      996.00       62.67        0.00
     0     4      994.67       58.67        0.00
     0     4      993.33       54.67        0.00
     0     4      993.33       49.33        0.00
     0     4      993.33       45.33        0.00
     0     4      993.33       41.33        0.00
     0     4      993.33       37.33        0.00
     0     4      993.33       33.33        0.00
     0     4      993.33       29.33        0.00
     0     4      993.33       25.33        0.00
     0     4      993.33       21.33        0.00
     0     4      994.67       17.33        0.00
     0     4      996.00       13.33        0.00
     0     4      997.33        9.33        0.00
     0     4      998.67        5.33        0.00
     0     4     1001.33        2.67        0.00
     0     4     1341.33        2.67        0.00
     1     0       68.00      622.00        0.00
     1     0       65.00      624.00        0.00
     1     0       61.00      624.00        0.00
     1     0       58.00      625.00        0.00
     1     0       54.00      625.00        0.00
     1     0       51.00      623.00        0.00
     1     0       50.00      620.00        0.00
     1     0       50.00      616.00        0.00
     1     0       51.00      613.00        0.00
     1     0       53.00      610.00        0.00
     1     0       56.00      608.00        0.00
     1     0       59.00      605.00        0.00
     1     0       62.00      604.00        0.00
     1     0       65.00      603.00        0.00
     1     0       69.00      603.00        0.00
     1     0       73.00      603.00        0.00
     1     0       76.00      604.00        0.00
     1     0       78.00      607.00        0.00
     1     0       79.00      610.00        0.00
     1     0       79.00      614.00        0.00
     1     0       76.00      616.00        0.00
     1     1      194.00      528.00        0.00
     1     1      193.00      531.00        0.00
     1     1      190.00      532.00        0.00
     1     1      187.00      533.00        0.00
     1     1      183.00      533.00        0.00
     1     1      180.00      531.00        0.00
     1     1      178.00      528.00        0.00
     1     1      176.00      525.00        0.00
     1     1      176.00      521.00        0.00
     1     1      176.00      517.00        0.00
     1     1      177.00      514.00        0.00
     1     1      179.00      511.00        0.00
     1     1      182.00      509.00        0.00
     1     1      185.00      508.00        0.00
     1     1      189.00      508.00        0.00
     1     1      192.00      509.00        0.00
     1     1      194.00      512.00        0.00
     1     1      195.00      515.00        0.00
     1     1      196.00      518.00        0.00
     1     1      195.00      522.00        0.00
     1     2      208.00      501.00        0.00
     1     2      200.00      502.00        0.00
     1     2      196.00      502.00        0.00
     1     2      193.00      501.00        0.00
     1     2      190.00      498.00        0.00
     1     2      188.00      495.00        0.00
     1     2      188.00      491.00        0.00
     1     2      188.00      487.00        0.00
     1     2      189.00      484.00        0.00
     1     2      191.00      481.00        0.00
     1     2      193.00      477.00        0.00
     1     2      196.00      475.00        0.00
     1     2      200.00      473.00        0.00
     1     2      204.00      473.00        0.00
     1     2      208.00      475.00        0.00
     1     2      212.00      477.00        0.00
     1     2      215.00      479.00        0.00
     1     2      217.00      482.00        0.00
     1     2      218.00      485.00        0.00
     1     2      219.00      488.00        0.00
     1     2      218.00      491.00        0.00
     1     3      321.00      673.00        0.00
     1     3      320.00      676.00        0.00
     1     3      318.00      679.00        0.00
     1     3      315.00      681.00        0.00
     1     3      312.00      683.00        0.00
     1     3      309.00      685.00        0.00
     1     3      305.00      685.00        0.00
     1     3      302.00      684.00        0.00
     1     3      300.00      681.00        0.00
     1     3      299.00      678.00        0.00
     1     3      298.00      674.00        0.00
     1     3      298.00      670.00        0.00
     1     3      298.00      666.00        0.00
     1     3      300.00      663.00        0.00
     1     3      303.00      660.00        0.00
     1     3      306.00      658.00        0.00
     1     3      309.00      656.00        0.00
     1     3      313.00      656.00        0.00
     1     3      316.00      657.00        0.00
     1     3      319.00      660.00        0.00
     1     3      320.00      663.00        0.00
     1     3      321.00      666.00        0.00
     1     4      340.00      662.00        0.00
     1     4      338.00      665.00        0.00
     1     4      336.00      668.00        0.00
     1     4      332.00      668.00        0.00
     1     4      328.00      668.00        0.00
     1     4      325.00      667.00        0.00
     1     4      322.00      666.00        0.00
     1     4      319.00      664.00        0.00
     1     4      316.00      661.00        0.00
     1     4      315.00      658.00        0.00
     1     4      314.00      655.00        0.00
     1     4      314.00      651.00        0.00
     1     4      315.00      648.00        0.00
     1     4      318.00      645.00        0.00
     1     4      321.00      644.00        0.00
     1     4      325.00      644.00        0.00
     1     4      328.00      645.00        0.00
     1     4      331.00      646.00        0.00
     1     4      334.00      650.00        0.00
     1     4      336.00      653.00        0.00
     1     4      337.00      656.00        0.00
     1     4      339.00      659.00        0.00
     1     5      353.00      635.00        0.00
     1     5      347.00      638.00        0.00
     1     5      343.00      638.00        0.00
     1     5      340.00      636.00        0.00
     1     5      338.00      633.00        0.00
     1     5      336.00      630.00        0.00
     1     5      336.00      626.00        0.00
     1     5      336.00      622.00        0.00
     1     5      337.00      619.00        0.00
     1     5      340.00      616.00        0.00
     1     5      343.00      613.00        0.00
     1     5      346.00      612.00        0.00
     1     5      350.00      612.00        0.00
     1     5      354.00      613.00        0.00
     1     5      357.00      615.00        0.00
     1     5      358.00      618.00        0.00
     1     5      358.00      622.00        0.00
     1     5      357.00      626.00        0.00
     1     6      374.00      600.00        0.00
     1     6      365.00      601.00        0.00
     1     6      362.00      599.00        0.00
     1     6      361.00      596.00        0.00
     1     6      360.00      593.00        0.00
     1     6      360.00      589.00        0.00
     1     6      361.00      586.00        0.00
     1     6      363.00      583.00        0.00
     1     6      366.00      581.00        0.00
     1     6      370.00      581.00        0.00
     1     6      374.00      581.00        0.00
     1     6      377.00      582.00        0.00
     1     6      380.00      584.00        0.00
     1     6      381.00      587.00        0.00
     1     6      381.00      591.00        0.00
     1     7      392.00      547.00        0.00
     1     7      392.00      551.00        0.00
     1     7      392.00      555.00        0.00
     1     7      392.00      559.00        0.00
     1     7      391.00      562.00        0.00
     1     7      390.00      565.00        0.00
     1     7      389.00      568.00        0.00
     1     7      388.00      571.00        0.00
     1     7      385.00      573.00        0.00
     1     7      383.00      576.00        0.00
     1     7      380.00      577.00        0.00
     1     7      377.00      578.00        0.00
     1     7      374.00      577.00        0.00
     1     7      374.00      573.00        0.00
     1     7      374.00      569.00        0.00
     1     7      375.00      566.00        0.00
     1     7      376.00      563.00        0.00
     1     7      376.00      559.00        0.00
     1     7      377.00      556.00        0.00
     1     7      378.00      553.00        0.00
     1     7      380.00      550.00        0.00
     1     7      381.00      547.00        0.00
     1     7      384.00      545.00        0.00
     1     8      409.00      515.00        0.00
     1     8      408.00      523.00        0.00
     1     8      407.00      526.00        0.00
     1     8      406.00      529.00        0.00
     1     8      403.00      531.00        0.00
     1     8      400.00      532.00        0.00
     1     8      396.00      532.00        0.00
     1     8      395.00      529.00        0.00
     1     8      394.00      525.00        0.00
     1     8      394.00      521.00        0.00
     1     8      394.00      517.00        0.00
     1     8      395.00      513.00        0.00
     1     8      396.00      509.00        0.00
     1     8      397.00      506.00        0.00
     1     8      398.00      503.00        0.00
     1     8      402.00      503.00        0.00
     1     8      405.00      504.00        0.00
     1     8      407.00      507.00        0.00
     1     9      421.00      481.00        0.00
     1     9      418.00      486.00        0.00
     1     9      416.00      489.00        0.00
     1     9      412.00      488.00        0.00
     1     9      409.00      486.00        0.00
     1     9      408.00      483.00        0.00
     1     9      408.00      479.00        0.00
     1     9      408.00      475.00        0.00
     1     9      409.00      472.00        0.00
     1     9      410.00      469.00        0.00
     1     9      413.00      467.00        0.00
     1     9      416.00      465.00        0.00
     1     9      419.00      463.00        0.00
     1     9      423.00      463.00        0.00
     1     9      426.00      464.00        0.00
     1     9      428.00      467.00        0.00
     1     9      428.00      471.00        0.00
     1     9      426.00      474.00        0.00
     1    10      435.00      437.00        0.00
     1    10      428.00      438.00        0.00
     1    10      425.00      439.00        0.00
     1    10      421.00      439.00        0.00
     1    10      418.00      438.00        0.00
     1    10      416.00      435.00        0.00
     1    10      414.00      432.00        0.00
     1    10      414.00      428.00        0.00
     1    10      414.00      424.00        0.00
     1    10      415.00      421.00        0.00
     1    10      418.00      418.00        0.00
     1    10      421.00      416.00        0.00
     1    10      424.00      415.00        0.00
     1    10      427.00      414.00        0.00
     1    10      431.00      414.00        0.00
     1    10      434.00      415.00        0.00
     1    10      437.00      417.00        0.00
     1    10      438.00      420.00        0.00
     1    10      438.00      424.00        0.00
     1    10      438.00      428.00        0.00
     1    11      453.00      365.00        0.00
     1    11      457.00      366.00        0.00
     1    11      459.00      369.00        0.00
     1    11      459.00      373.00        0.00
     1    11      458.00      376.00        0.00
     1    11      456.00      379.00        0.00
     1    11      453.00      382.00        0.00
     1    11      449.00      382.00        0.00
     1    11      445.00      382.00        0.00
     1    11      442.00      380.00        0.00
     1    11      440.00      377.00        0.00
     1    11      437.00      374.00        0.00
     1    11      436.00      371.00        0.00
     1    11      436.00      367.00        0.00
     1    11      436.00      363.00        0.00
     1    11      439.00      361.00        0.00
     1    11      442.00      360.00        0.00
     1    12      476.00      330.00        0.00
     1    12      482.00      334.00        0.00
     1    12      484.00      337.00        0.00
     1    12      485.00      340.00        0.00
     1    12      484.00      343.00        0.00
     1    12      483.00      346.00        0.00
     1    12      481.00      349.00        0.00
     1    12      478.00      351.00        0.00
     1    12      475.00      352.00        0.00
     1    12      471.00      352.00        0.00
     1    12      467.00      352.00        0.00
     1    12      463.00      352.00        0.00
     1    12      460.00      349.00        0.00
     1    12      459.00      346.00        0.00
     1    12      458.00      343.00        0.00
     1    12      458.00      339.00        0.00
     1    12      459.00      336.00        0.00
     1    12      462.00      334.00        0.00
     1    12      465.00      333.00        0.00
     1    13      511.00      306.00        0.00
     1    13      511.00      313.00        0.00
     1    13      510.00      316.00        0.00
     1    13      507.00      318.00        0.00
     1    13      504.00      320.00        0.00
     1    13      501.00      321.00        0.00
     1    13      498.00      322.00        0.00
     1    13      494.00      322.00        0.00
     1    13      490.00      321.00        0.00
     1    13      487.00      320.00        0.00
     1    13      486.00      317.00        0.00
     1    13      485.00      314.00        0.00
     1    13      484.00      311.00        0.00
     1    13      484.00      307.00        0.00
     1    13      485.00      304.00        0.00
     1    13      486.00      301.00        0.00
     1    13      488.00      298.00        0.00
     1    13      491.00      297.00        0.00
     1    13      494.00      296.00        0.00
     1    13      498.00      296.00        0.00
     1    13      502.00      296.00        0.00
     1    14      627.00      270.00        0.00
     1    14      631.00      274.00        0.00
     1    14      632.00      277.00        0.00
     1    14      633.00      280.00        0.00
     1    14      633.00      284.00        0.00
     1    14      632.00      287.00        0.00
     1    14      629.00      289.00        0.00
     1    14      626.00      292.00        0.00
     1    14      623.00      293.00        0.00
     1    14      619.00      293.00        0.00
     1    14      615.00      293.00        0.00
     1    14      612.00      292.00        0.00
     1    14      609.00      290.00        0.00
     1    14      606.00      288.00        0.00
     1    14      605.00      285.00        0.00
     1    14      604.00      282.00        0.00
     1    14      604.00      278.00        0.00
     1    14      606.00      275.00        0.00
     1    14      607.00      272.00        0.00
     1    14      610.00      271.00        0.00
     1    14      613.00      270.00        0.00
     1    17      684.00      251.00        0.00
     1    17      689.00      256.00        0.00
     1    17      691.00      259.00        0.00
     1    17      691.00      263.00        0.00
     1    17      691.00      267.00        0.00
     1    17      691.00      271.00        0.00
     1    17      689.00      274.00        0.00
     1    17      687.00      277.00        0.00
     1    17      684.00      278.00        0.00
     1    17      681.00      281.00        0.00
     1    17      677.00      282.00        0.00
     1    17      673.00      282.00        0.00
     1    17      670.00      281.00        0.00
     1    17      667.00      279.00        0.00
     1    17      664.00      276.00        0.00
     1    17      661.00      273.00        0.00
     1    17      660.00      270.00        0.00
     1    17      658.00      267.00        0.00
     1    17      657.00      263.00        0.00
     1    17      657.00      259.00        0.00
     1    17      659.00      256.00        0.00
     1    17      662.00      255.00        0.00
     1    17      665.00      254.00        0.00
     1    17      668.00      253.00        0.00
     1    17      672.00      253.00        0.00
     1    17      676.00      253.00        0.00
     1    18      730.00      252.00        0.00
     1    18      733.00      258.00        0.00
     1    18      732.00      262.00        0.00
     1    18      730.00      265.00        0.00
     1    18      727.00      266.00        0.00
     1    18      724.00      268.00        0.00
     1    18      721.00      270.00        0.00
     1    18      718.00      271.00        0.00
     1    18      714.00      271.00        0.00
     1    18      711.00      269.00        0.00
     1    18      708.00      266.00        0.00
     1    18      707.00      263.00        0.00
     1    18      707.00      259.00        0.00
     1    18      707.00      255.00        0.00
     1    18      707.00      251.00        0.00
     1    18      708.00      248.00        0.00
     1    18      710.00      245.00        0.00
     1    18      713.00      243.00        0.00
     1    18      716.00      241.00        0.00
     1    18      720.00      241.00        0.00
     1    18      724.00      241.00        0.00
     1    18      726.00      244.00        0.00
     1    19      775.00      246.00        0.00
     1    19      775.00      250.00        0.00
     1    19      774.00      253.00        0.00
     1    19      772.00      256.00        0.00
     1    19      769.00      258.00        0.00
     1    19      766.00      259.00        0.00
     1    19      763.00      260.00        0.00
     1    19      760.00      261.00        0.00
     1    19      756.00      261.00        0.00
     1    19      752.00      261.00        0.00
     1    19      748.00      261.00        0.00
     1    19      745.00      259.00        0.00
     1    19      744.00      256.00        0.00
     1    19      744.00      252.00        0.00
     1    19      744.00      248.00        0.00
     1    19      745.00      245.00        0.00
     1    19      747.00      242.00        0.00
     1    19      750.00      240.00        0.00
     1    19      753.00      239.00        0.00
     1    19      756.00      237.00        0.00
     1    19      759.00      236.00        0.00
     1    19      762.00      235.00        0.00
     1    19      766.00      235.00        0.00
     1    19      770.00      235.00        0.00
     1    20      920.00      246.00        0.00
     1    20      919.00      251.00        0.00
     1    20      917.00      254.00        0.00
     1    20      914.00      256.00        0.00
     1    20      911.00      258.00        0.00
     1    20      907.00      258.00        0.00
     1    20      904.00      259.00        0.00
     1    20      901.00      258.00        0.00
     1    20      898.00      257.00        0.00
     1    20      895.00      254.00        0.00
     1    20      893.00      251.00        0.00
     1    20      892.00      248.00        0.00
     1    20      891.00      245.00        0.00
     1    20      892.00      241.00        0.00
     1    20      894.00      238.00        0.00
     1    20      897.00      235.00        0.00
     1    20      900.00      233.00        0.00
     1    20      903.00      232.00        0.00
     1    20      906.00      231.00        0.00
     1    20      910.00      231.00        0.00
     1    20      914.00      232.00        0.00
     1    20      917.00      234.00        0.00
     1    21      877.00      244.00        0.00
     1    21      877.00      248.00        0.00
     1    21      874.00      250.00        0.00
     1    21      871.00      251.00        0.00
     1    21      867.00      251.00        0.00
     1    21      863.00      251.00        0.00
     1    21      860.00      250.00        0.00
     1    21      857.00      248.00        0.00
     1    21      856.00      245.00        0.00
     1    21      856.00      241.00        0.00
     1    21      857.00      238.00        0.00
     1    21      860.00      235.00        0.00
     1    21      863.00      233.00        0.00
     1    21      866.00      232.00        0.00
     1    21      870.00      232.00        0.00
     1    21      874.00      232.00        0.00
     1    21      877.00      235.00        0.00
     1    21      877.00      239.00        0.00
     1    22      835.00      242.00        0.00
     1    22      836.00      247.00        0.00
     1    22      833.00      250.00        0.00
     1    22      830.00      251.00        0.00
     1    22      827.00      252.00        0.00
     1    22      824.00      253.00        0.00
     1    22      821.00      254.00        0.00
     1    22      817.00      254.00        0.00
     1    22      814.00      253.00        0.00
     1    22      811.00      251.00        0.00
     1    22      809.00      248.00        0.00
     1    22      809.00      244.00        0.00
     1    22      809.00      240.00        0.00
     1    22      811.00      237.00        0.00
     1    22      814.00      235.00        0.00
     1    22      817.00      234.00        0.00
     1    22      820.00      233.00        0.00
     1    22      824.00      233.00        0.00
     1    24     1030.00      139.00        0.00
     1    24     1029.00      142.00        0.00
     1    24     1026.00      144.00        0.00
     1    24     1023.00      145.00        0.00
     1    24     1019.00      145.00        0.00
     1    24     1015.00      145.00        0.00
     1    24     1011.00      145.00        0.00
     1    24     1008.00      143.00        0.00
     1    24     1007.00      140.00        0.00
     1    24     1006.00      137.00        0.00
     1    24     1006.00      133.00        0.00
     1    24     1007.00      130.00        0.00
     1    24     1009.00      127.00        0.00
     1    24     1012.00      125.00        0.00
     1    24     1015.00      123.00        0.00
     1    24     1019.00      123.00        0.00
     1    24     1023.00      123.00        0.00
     1    24     1026.00      124.00        0.00
     1    24     1029.00      127.00        0.00
     1    24     1031.00      130.00        0.00
     1    25     1017.00      102.00        0.00
     1    25     1013.00      106.00        0.00
     1    25     1010.00      108.00        0.00
     1    25     1006.00      108.00        0.00
     1    25     1003.00      107.00        0.00
     1    25     1000.00      106.00        0.00
     1    25      997.00      103.00        0.00
     1    25      996.00      100.00        0.00
     1    25      995.00       97.00        0.00
     1    25      995.00       93.00        0.00
     1    25      995.00       89.00        0.00
     1    25      997.00       86.00        0.00
     1    25     1000.00       84.00        0.00
     1    25     1003.00       82.00        0.00
     1    25     1006.00       81.00        0.00
     1    25     1010.00       81.00        0.00
     1    25     1014.00       81.00        0.00
     1    25     1017.00       83.00        0.00
     1    25     1018.00       86.00        0.00
     1    25     1018.00       90.00        0.00
     1    26     1011.00       66.00        0.00
     1    26     1012.00       69.00        0.00
     1    26     1011.00       72.00        0.00
     1    26     1008.00       74.00        0.00
     1    26     1005.00       76.00        0.00
     1    26     1001.00       76.00        0.00
     1    26      997.00       76.00        0.00
     1    26      994.00       75.00        0.00
     1    26      991.00       74.00        0.00
     1    26      988.00       73.00        0.00
     1    26      986.00       70.00        0.00
     1    26      985.00       67.00        0.00
     1    26      984.00       64.00        0.00
     1    26      983.00       61.00        0.00
     1    26      984.00       58.00        0.00
     1    26      985.00       55.00        0.00
     1    26      987.00       51.00        0.00
     1    26      990.00       47.00        0.00
     1    26      993.00       46.00        0.00
     1    26      996.00       45.00        0.00
     1    26     1000.00       45.00        0.00
     1    26     1003.00       47.00        0.00
     1    26     1006.00       48.00        0.00
     1    26     1008.00       51.00        0.00
     1    26     1009.00       54.00        0.00
     1    27      635.00      106.00        0.00
     1    27      634.00      111.00        0.00
     1    27      632.00      114.00        0.00
     1    27      629.00      115.00        0.00
     1    27      626.00      116.00        0.00
     1    27      623.00      117.00        0.00
     1    27      619.00      117.00        0.00
     1    27      615.00      117.00        0.00
     1    27      611.00      117.00        0.00
     1    27      608.00      116.00        0.00
     1    27      605.00      115.00        0.00
     1    27      602.00      114.00        0.00
     1    27      599.00      111.00        0.00
     1    27      598.00      108.00        0.00
     1    27      598.00      104.00        0.00
     1    27      600.00      101.00        0.00
     1    27      603.00       98.00        0.00
     1    27      606.00       96.00        0.00
     1    27      609.00       94.00        0.00
     1    27      613.00       94.00        0.00
     1    27      616.00       93.00        0.00
     1    27      620.00       93.00        0.00
     1    27      623.00       94.00        0.00
     1    27      626.00       95.00        0.00
     1    27      627.00       98.00        0.00
     1    28      589.00      117.00        0.00
     1    28      589.00      121.00        0.00
     1    28      589.00      125.00        0.00
     1    28      588.00      128.00        0.00
     1    28      586.00      131.00        0.00
     1    28      583.00      132.00        0.00
     1    28      580.00      134.00        0.00
     1    28      577.00      135.00        0.00
     1    28      574.00      136.00        0.00
     1    28      570.00      136.00        0.00
     1    28      566.00      136.00        0.00
     1    28      563.00      135.00        0.00
     1    28      560.00      133.00        0.00
     1    28      557.00      130.00        0.00
     1    28      556.00      127.00        0.00
     1    28      555.00      124.00        0.00
     1    28      555.00      120.00        0.00
     1    28      555.00      116.00        0.00
     1    28      555.00      112.00        0.00
     1    28      556.00      109.00        0.00
     1    28      559.00      107.00        0.00
     1    28      562.00      105.00        0.00
     1    28      565.00      103.00        0.00
     1    28      568.00      102.00        0.00
     1    28      571.00      101.00        0.00
     1    28      575.00      101.00        0.00
     1    28      578.00      102.00        0.00
     1    28      581.00      103.00        0.00
     1    28      584.00      105.00        0.00
     1    28      587.00      107.00        0.00
