     0     0     1102.67     1030.67        0.00
     0     0     1100.00     1028.00        0.00
     0     0     1097.33     1025.33        0.00
     0     0     1096.00     1021.33        0.00
     0     0     1092.00     1017.33        0.00
     0     0     1086.67     1012.00        0.00
     0     0     1084.00     1008.00        0.00
     0     0     1081.33     1004.00        0.00
     0     0     1080.00      998.67        0.00
     0     0     1076.00      993.33        0.00
     0     0     1074.67      989.33        0.00
     0     0     1072.00      982.67        0.00
     0     0     1070.67      977.33        0.00
     0     0     1069.33      972.00        0.00
     0     0     1068.00      966.67        0.00
     0     0     1066.67      960.00        0.00
     0     0     1066.67      953.33        0.00
     0     0     1065.33      948.00        0.00
     0     0     1065.33      938.67        0.00
     0     0     1065.33      932.00        0.00
     0     0     1065.33      925.33        0.00
     0     0     1066.67      920.00        0.00
     0     0     1068.00      916.00        0.00
     0     0     1069.33      912.00        0.00
     0     0     1070.67      908.00        0.00
     0     0     1073.33      904.00        0.00
     0     0     1076.00      901.33        0.00
     0     0     1080.00      897.33        0.00
     0     0     1085.33      893.33        0.00
     0     0     1090.67      890.67        0.00
     0     0     1096.00      889.33        0.00
     0     0     1098.67      886.67        0.00
     0     0     1104.00      885.33        0.00
     0     0     1109.33      884.00        0.00
     0     0     1113.33      881.33        0.00
     0     0     1117.33      880.00        0.00
     0     0     1121.33      878.67        0.00
     0     0     1126.67      876.00        0.00
     0     0     1132.00      874.67        0.00
     0     0     1137.33      874.67        0.00
     0     0     1145.33      873.33        0.00
     0     0     1150.67      873.33        0.00
     0     0     1158.67      873.33        0.00
     0     0     1165.33      873.33        0.00
     0     0     1170.67      873.33        0.00
     0     0     1177.33      874.67        0.00
     0     0     1185.33      874.67        0.00
     0     0     1192.00      876.00        0.00
     0     0     1198.67      876.00        0.00
     0     0     1208.00      878.67        0.00
     0     0     1214.67      881.33        0.00
     0     0     1222.67      884.00        0.00
     0     0     1229.33      885.33        0.00
     0     0     1236.00      888.00        0.00
     0     0     1245.33      892.00        0.00
     0     0     1252.00      894.67        0.00
     0     0     1258.67      897.33        0.00
     0     0     1265.33      900.00        0.00
     0     0     1270.67      902.67        0.00
     0     0     1277.33      905.33        0.00
     0     0     1282.67      909.33        0.00
     0     0     1288.00      912.00        0.00
     0     0     1294.67      917.33        0.00
     0     0     1301.33      921.33        0.00
     0     0     1306.67      925.33        0.00
     0     0     1313.33      928.00        0.00
     0     0     1318.67      933.33        0.00
     0     0     1324.00      937.33        0.00
     0     0     1329.33      941.33        0.00
     0     0     1333.33      944.00        0.00
     0     0     1337.33      948.00        0.00
     0     0     1341.33      952.00        0.00
     0     0     1346.67      954.67        0.00
     0     0     1350.67      957.33        0.00
     0     0     1354.67      960.00        0.00
     0     0     1357.33      962.67        0.00
     0     0     1361.33      965.33        0.00
     0     0     1365.33      968.00        0.00
     0     0     1368.00      970.67        0.00
     0     0     1376.00     1032.00        0.00
     0     1      542.67      777.00        0.00
     0     1      533.33      774.33        0.00
     0     1      526.67      773.00        0.00
     0     1      521.33      771.67        0.00
     0     1      513.33      771.67        0.00
     0     1      505.33      769.00        0.00
     0     1      501.33      767.67        0.00
     0     1      494.67      766.33        0.00
     0     1      489.33      765.00        0.00
     0     1      482.67      763.67        0.00
     0     1      473.33      762.33        0.00
     0     1      469.33      762.33        0.00
     0     1      461.33      761.00        0.00
     0     1      454.67      759.67        0.00
     0     1      444.00      758.33        0.00
     0     1      438.67      757.00        0.00
     0     1      432.00      755.67        0.00
     0     1      428.00      754.33        0.00
     0     1      422.67      753.00        0.00
     0     1      418.67      751.67        0.00
     0     1      414.67      751.67        0.00
     0     1      410.67      751.67        0.00
     0     1      402.67      751.67        0.00
     0     1      397.33      751.67        0.00
     0     1      393.33      751.67        0.00
     0     1      388.00      751.67        0.00
     0     1      384.00      753.00        0.00
     0     1      380.00      753.00        0.00
     0     1      374.67      753.00        0.00
     0     1      370.67      753.00        0.00
     0     1      365.33      753.00        0.00
     0     1      360.00      751.67        0.00
     0     1      353.33      750.33        0.00
     0     1      348.00      750.33        0.00
     0     1      344.00      750.33        0.00
     0     1      337.33      750.33        0.00
     0     1      333.33      750.33        0.00
     0     1      325.33      749.00        0.00
     0     1      317.33      747.67        0.00
     0     1      313.33      747.67        0.00
     0     1      308.00      745.00        0.00
     0     1      302.67      743.67        0.00
     0     1      298.67      742.33        0.00
     0     1      292.00      739.67        0.00
     0     1      289.33      737.00        0.00
     0     1      285.33      734.33        0.00
     0     1      280.00      731.67        0.00
     0     1      274.67      729.00        0.00
     0     1      272.00      726.33        0.00
     0     1      266.67      723.67        0.00
     0     1      262.67      722.33        0.00
     0     1      258.67      719.67        0.00
     0     1      253.33      717.00        0.00
     0     1      249.33      713.00        0.00
     0     1      244.00      710.33        0.00
     0     1      240.00      705.00        0.00
     0     1      236.00      703.67        0.00
     0     1      233.33      699.67        0.00
     0     1      228.00      694.33        0.00
     0     1      224.00      691.67        0.00
     0     1      220.00      689.00        0.00
     0     1      217.33      685.00        0.00
     0     1      213.33      682.33        0.00
     0     1      210.67      677.00        0.00
     0     1      208.00      673.00        0.00
     0     1      205.33      669.00        0.00
     0     1      205.33      663.67        0.00
     0     1      204.00      657.00        0.00
     0     1      204.00      653.00        0.00
     0     1      205.33      647.67        0.00
     0     1      206.67      643.67        0.00
     0     1      208.00      638.33        0.00
     0     1      210.67      633.00        0.00
     0     1      213.33      627.67        0.00
     0     1      216.00      623.67        0.00
     0     1      220.00      617.00        0.00
     0     1      222.67      613.00        0.00
     0     1      225.33      607.67        0.00
     0     1      228.00      602.33        0.00
     0     1      230.67      598.33        0.00
     0     1      233.33      594.33        0.00
     0     1      234.67      590.33        0.00
     0     1      237.33      586.33        0.00
     0     1      240.00      582.33        0.00
     0     1      244.00      578.33        0.00
     0     1      248.00      575.67        0.00
     0     1      252.00      573.00        0.00
     0     1      257.33      570.33        0.00
     0     1      261.33      567.67        0.00
     0     1      266.67      565.00        0.00
     0     1      273.33      562.33        0.00
     0     1      280.00      561.00        0.00
     0     1      286.67      561.00        0.00
     0     1      294.67      561.00        0.00
     0     1      301.33      561.00        0.00
     0     1      309.33      561.00        0.00
     0     1      316.00      561.00        0.00
     0     1      322.67      561.00        0.00
     0     1      332.00      563.67        0.00
     0     1      338.67      563.67        0.00
     0     1      346.67      565.00        0.00
     0     1      352.00      566.33        0.00
     0     1      358.67      567.67        0.00
     0     1      362.67      567.67        0.00
     0     1      368.00      569.00        0.00
     0     1      373.33      569.00        0.00
     0     1      378.67      570.33        0.00
     0     1      382.67      570.33        0.00
     0     1      388.00      571.67        0.00
     0     1      394.67      573.00        0.00
     0     1      398.67      573.00        0.00
     0     1      405.33      574.33        0.00
     0     1      412.00      575.67        0.00
     0     1      416.00      577.00        0.00
     0     1      424.00      581.00        0.00
     0     1      428.00      583.67        0.00
     0     1      434.67      586.33        0.00
     0     1      441.33      587.67        0.00
     0     1      449.33      590.33        0.00
     0     1      454.67      593.00        0.00
     0     1      461.33      595.67        0.00
     0     1      466.67      598.33        0.00
     0     1      472.00      601.00        0.00
     0     1      480.00      603.67        0.00
     0     1      485.33      606.33        0.00
     0     1      489.33      609.00        0.00
     0     1      494.67      611.67        0.00
     0     1      498.67      614.33        0.00
     0     1      504.00      617.00        0.00
     0     1      509.33      619.67        0.00
     0     1      513.33      621.00        0.00
     0     1      518.67      622.33        0.00
     0     1      525.33      625.00        0.00
     0     1      529.33      626.33        0.00
     0     1      537.33      629.00        0.00
     0     1      542.67      633.00        0.00
     0     1      548.00      635.67        0.00
     0     1      554.67      638.33        0.00
     0     1      562.67      642.33        0.00
     0     1      568.00      646.33        0.00
     0     1      573.33      651.67        0.00
     0     1      578.67      655.67        0.00
     0     1      581.33      659.67        0.00
     0     1      586.67      663.67        0.00
     0     1      592.00      667.67        0.00
     0     1      597.33      673.00        0.00
     0     1      601.33      678.33        0.00
     0     1      605.33      685.00        0.00
     0     1      609.33      690.33        0.00
     0     1      612.00      697.00        0.00
     0     1      614.67      705.00        0.00
     0     1      616.00      710.33        0.00
     0     1      617.33      718.33        0.00
     0     1      617.33      722.33        0.00
     0     1      617.33      727.67        0.00
     0     1      617.33      733.00        0.00
     0     1      617.33      738.33        0.00
     0     1      614.67      743.67        0.00
     0     1      613.33      747.67        0.00
     0     1      612.00      751.67        0.00
     0     1      609.33      754.33        0.00
     0     1      606.67      758.33        0.00
     0     1      602.67      761.00        0.00
     0     1      598.67      761.00        0.00
     0     1      594.67      761.00        0.00
     0     1      590.67      759.67        0.00
     0     1      586.67      759.67        0.00
     0     1      582.67      758.33        0.00
     0     1      577.33      757.00        0.00
     0     1      573.33      757.00        0.00
     0     1      569.33      757.00        0.00
     0     1      565.33      758.33        0.00
     0     1      562.67      761.00        0.00
     0     2     1005.33      442.67        0.00
     0     2      998.67      448.00        0.00
     0     2      996.00      450.67        0.00
     0     2      993.33      453.33        0.00
     0     2      988.00      454.67        0.00
     0     2      984.00      454.67        0.00
     0     2      978.67      456.00        0.00
     0     2      973.33      457.33        0.00
     0     2      968.00      457.33        0.00
     0     2      962.67      458.67        0.00
     0     2      957.33      460.00        0.00
     0     2      952.00      461.33        0.00
     0     2      946.67      462.67        0.00
     0     2      941.33      462.67        0.00
     0     2      936.00      462.67        0.00
     0     2      932.00      462.67        0.00
     0     2      926.67      462.67        0.00
     0     2      922.67      462.67        0.00
     0     2      917.33      460.00        0.00
     0     2      910.67      458.67        0.00
     0     2      906.67      457.33        0.00
     0     2      900.00      454.67        0.00
     0     2      893.33      453.33        0.00
     0     2      886.67      450.67        0.00
     0     2      882.67      448.00        0.00
     0     2      878.67      445.33        0.00
     0     2      874.67      442.67        0.00
     0     2      869.33      440.00        0.00
     0     2      862.67      436.00        0.00
     0     2      858.67      433.33        0.00
     0     2      853.33      429.33        0.00
     0     2      846.67      425.33        0.00
     0     2      842.67      422.67        0.00
     0     2      837.33      418.67        0.00
     0     2      832.00      414.67        0.00
     0     2      825.33      410.67        0.00
     0     2      821.33      406.67        0.00
     0     2      817.33      404.00        0.00
     0     2      813.33      401.33        0.00
     0     2      808.00      397.33        0.00
     0     2      801.33      393.33        0.00
     0     2      797.33      390.67        0.00
     0     2      793.33      389.33        0.00
     0     2      786.67      385.33        0.00
     0     2      784.00      382.67        0.00
     0     2      781.33      378.67        0.00
     0     2      778.67      374.67        0.00
     0     2      774.67      370.67        0.00
     0     2      772.00      366.67        0.00
     0     2      770.67      362.67        0.00
     0     2      768.00      358.67        0.00
     0     2      765.33      354.67        0.00
     0     2      765.33      350.67        0.00
     0     2      762.67      345.33        0.00
     0     2      762.67      341.33        0.00
     0     2      761.33      337.33        0.00
     0     2      761.33      332.00        0.00
     0     2      761.33      328.00        0.00
     0     2      761.33      324.00        0.00
     0     2      762.67      320.00        0.00
     0     2      764.00      316.00        0.00
     0     2      766.67      310.67        0.00
     0     2      769.33      306.67        0.00
     0     2      770.67      301.33        0.00
     0     2      772.00      297.33        0.00
     0     2      772.00      293.33        0.00
     0     2      773.33      289.33        0.00
     0     2      774.67      285.33        0.00
     0     2      776.00      281.33        0.00
     0     2      777.33      277.33        0.00
     0     2      780.00      274.67        0.00
     0     2      782.67      270.67        0.00
     0     2      786.67      268.00        0.00
     0     2      789.33      265.33        0.00
     0     2      792.00      261.33        0.00
     0     2      794.67      257.33        0.00
     0     2      797.33      253.33        0.00
     0     2      800.00      250.67        0.00
     0     2      802.67      246.67        0.00
     0     2      805.33      241.33        0.00
     0     2      808.00      237.33        0.00
     0     2      809.33      233.33        0.00
     0     2      810.67      228.00        0.00
     0     2      812.00      222.67        0.00
     0     2      812.00      216.00        0.00
     0     2      812.00      206.67        0.00
     0     2      812.00      197.33        0.00
     0     2      812.00      190.67        0.00
     0     2      812.00      180.00        0.00
     0     2      813.33      172.00        0.00
     0     2      813.33      164.00        0.00
     0     2      814.67      158.67        0.00
     0     2      814.67      148.00        0.00
     0     2      816.00      140.00        0.00
     0     2      817.33      130.67        0.00
     0     2      820.00      125.33        0.00
     0     2      821.33      118.67        0.00
     0     2      826.67      110.67        0.00
     0     2      830.67      105.33        0.00
     0     2      836.00       98.67        0.00
     0     2      841.33       93.33        0.00
     0     2      849.33       86.67        0.00
     0     2      858.67       80.00        0.00
     0     2      872.00       72.00        0.00
     0     2      880.00       68.00        0.00
     0     2      886.67       65.33        0.00
     0     2      897.33       64.00        0.00
     0     2      906.67       64.00        0.00
     0     2      917.33       66.67        0.00
     0     2      922.67       69.33        0.00
     0     2      930.67       72.00        0.00
     0     2      938.67       73.33        0.00
     0     2      945.33       74.67        0.00
     0     2      950.67       77.33        0.00
     0     2      954.67       78.67        0.00
     0     2      962.67       80.00        0.00
     0     2      969.33       82.67        0.00
     0     2      978.67       85.33        0.00
     0     2      982.67       86.67        0.00
     0     2      989.33       90.67        0.00
     0     2      994.67       94.67        0.00
     0     2      998.67       97.33        0.00
     0     2     1001.33      100.00        0.00
     0     2     1004.00      105.33        0.00
     0     2     1006.67      110.67        0.00
     0     2     1006.67      114.67        0.00
     0     2     1008.00      120.00        0.00
     0     2     1008.00      125.33        0.00
     0     2     1006.67      130.67        0.00
     0     2     1005.33      136.00        0.00
     0     2     1005.33      140.00        0.00
     0     2     1005.33      144.00        0.00
     0     2     1004.00      149.33        0.00
     0     2     1004.00      156.00        0.00
     0     2     1004.00      161.33        0.00
     0     2     1002.67      169.33        0.00
     0     2     1002.67      174.67        0.00
     0     2     1001.33      184.00        0.00
     0     2     1001.33      192.00        0.00
     0     2     1001.33      198.67        0.00
     0     2     1001.33      205.33        0.00
     0     2     1001.33      212.00        0.00
     0     2     1001.33      220.00        0.00
     0     2     1002.67      225.33        0.00
     0     2     1002.67      232.00        0.00
     0     2     1002.67      237.33        0.00
     0     2     1002.67      244.00        0.00
     0     2     1002.67      249.33        0.00
     0     2     1002.67      254.67        0.00
     0     2     1004.00      260.00        0.00
     0     2     1004.00      265.33        0.00
     0     2     1005.33      272.00        0.00
     0     2     1008.00      277.33        0.00
     0     2     1009.33      286.67        0.00
     0     2     1012.00      293.33        0.00
     0     2     1014.67      302.67        0.00
     0     2     1016.00      309.33        0.00
     0     2     1018.67      317.33        0.00
     0     2     1021.33      322.67        0.00
     0     2     1022.67      328.00        0.00
     0     2     1025.33      333.33        0.00
     0     2     1028.00      338.67        0.00
     0     2     1030.67      342.67        0.00
     0     2     1032.00      346.67        0.00
     0     2     1033.33      350.67        0.00
     0     2     1034.67      354.67        0.00
     0     2     1036.00      358.67        0.00
     0     2     1036.00      364.00        0.00
     0     2     1036.00      368.00        0.00
     0     2     1037.33      373.33        0.00
     0     2     1037.33      378.67        0.00
     0     2     1037.33      382.67        0.00
     0     2     1036.00      386.67        0.00
     0     2     1036.00      390.67        0.00
     0     2     1036.00      394.67        0.00
     0     2     1036.00      400.00        0.00
     0     2     1036.00      404.00        0.00
     0     2     1036.00      408.00        0.00
     0     2     1036.00      413.33        0.00
     0     2     1034.67      417.33        0.00
     0     2     1033.33      422.67        0.00
     0     2     1032.00      426.67        0.00
     0     2     1029.33      430.67        0.00
     0     2     1028.00      434.67        0.00
     0     2     1024.00      436.00        0.00
     0     2     1022.67      440.00        0.00
     0     3      892.00      625.33        0.00
     0     3      885.33      626.67        0.00
     0     3      881.33      628.00        0.00
     0     3      877.33      628.00        0.00
     0     3      872.00      628.00        0.00
     0     3      866.67      629.33        0.00
     0     3      861.33      630.67        0.00
     0     3      856.00      632.00        0.00
     0     3      852.00      633.33        0.00
     0     3      846.67      636.00        0.00
     0     3      841.33      637.33        0.00
     0     3      836.00      638.67        0.00
     0     3      830.67      638.67        0.00
     0     3      825.33      638.67        0.00
     0     3      821.33      638.67        0.00
     0     3      817.33      638.67        0.00
     0     3      812.00      638.67        0.00
     0     3      808.00      638.67        0.00
     0     3      802.67      640.00        0.00
     0     3      798.67      640.00        0.00
     0     3      794.67      640.00        0.00
     0     3      790.67      640.00        0.00
     0     3      786.67      641.33        0.00
     0     3      780.00      641.33        0.00
     0     3      772.00      641.33        0.00
     0     3      768.00      641.33        0.00
     0     3      762.67      641.33        0.00
     0     3      756.00      641.33        0.00
     0     3      750.67      641.33        0.00
     0     3      744.00      640.00        0.00
     0     3      740.00      640.00        0.00
     0     3      736.00      638.67        0.00
     0     3      728.00      638.67        0.00
     0     3      724.00      638.67        0.00
     0     3      720.00      638.67        0.00
     0     3      713.33      638.67        0.00
     0     3      706.67      637.33        0.00
     0     3      701.33      637.33        0.00
     0     3      694.67      637.33        0.00
     0     3      686.67      637.33        0.00
     0     3      682.67      637.33        0.00
     0     3      678.67      637.33        0.00
     0     3      672.00      637.33        0.00
     0     3      666.67      637.33        0.00
     0     3      661.33      637.33        0.00
     0     3      657.33      637.33        0.00
     0     3      652.00      636.00        0.00
     0     3      646.67      636.00        0.00
     0     3      641.33      636.00        0.00
     0     3      636.00      636.00        0.00
     0     3      628.00      636.00        0.00
     0     3      624.00      634.67        0.00
     0     3      617.33      634.67        0.00
     0     3      609.33      634.67        0.00
     0     3      605.33      633.33        0.00
     0     3      600.00      630.67        0.00
     0     3      594.67      629.33        0.00
     0     3      588.00      628.00        0.00
     0     3      584.00      625.33        0.00
     0     3      580.00      624.00        0.00
     0     3      576.00      622.67        0.00
     0     3      568.00      620.00        0.00
     0     3      564.00      618.67        0.00
     0     3      558.67      617.33        0.00
     0     3      554.67      616.00        0.00
     0     3      550.67      614.67        0.00
     0     3      546.67      613.33        0.00
     0     3      542.67      612.00        0.00
     0     3      538.67      610.67        0.00
     0     3      534.67      609.33        0.00
     0     3      529.33      608.00        0.00
     0     3      524.00      606.67        0.00
     0     3      518.67      604.00        0.00
     0     3      514.67      602.67        0.00
     0     3      509.33      601.33        0.00
     0     3      505.33      598.67        0.00
     0     3      501.33      596.00        0.00
     0     3      496.00      594.67        0.00
     0     3      493.33      592.00        0.00
     0     3      489.33      589.33        0.00
     0     3      485.33      586.67        0.00
     0     3      481.33      584.00        0.00
     0     3      477.33      581.33        0.00
     0     3      472.00      578.67        0.00
     0     3      468.00      576.00        0.00
     0     3      462.67      572.00        0.00
     0     3      460.00      569.33        0.00
     0     3      456.00      566.67        0.00
     0     3      453.33      564.00        0.00
     0     3      448.00      560.00        0.00
     0     3      444.00      558.67        0.00
     0     3      441.33      554.67        0.00
     0     3      438.67      552.00        0.00
     0     3      436.00      549.33        0.00
     0     3      432.00      545.33        0.00
     0     3      429.33      541.33        0.00
     0     3      428.00      537.33        0.00
     0     3      425.33      532.00        0.00
     0     3      422.67      528.00        0.00
     0     3      420.00      524.00        0.00
     0     3      417.33      518.67        0.00
     0     3      414.67      514.67        0.00
     0     3      412.00      512.00        0.00
     0     3      409.33      508.00        0.00
     0     3      406.67      505.33        0.00
     0     3      404.00      502.67        0.00
     0     3      401.33      498.67        0.00
     0     3      398.67      496.00        0.00
     0     3      394.67      492.00        0.00
     0     3      390.67      489.33        0.00
     0     3      388.00      486.67        0.00
     0     3      384.00      485.33        0.00
     0     3      380.00      484.00        0.00
     0     3      377.33      481.33        0.00
     0     3      372.00      480.00        0.00
     0     3      368.00      478.67        0.00
     0     3      362.67      477.33        0.00
     0     3      357.33      476.00        0.00
     0     3      353.33      476.00        0.00
     0     3      346.67      476.00        0.00
     0     3      340.00      476.00        0.00
     0     3      332.00      476.00        0.00
     0     3      326.67      477.33        0.00
     0     3      318.67      478.67        0.00
     0     3      312.00      480.00        0.00
     0     3      306.67      481.33        0.00
     0     3      302.67      482.67        0.00
     0     3      296.00      484.00        0.00
     0     3      292.00      486.67        0.00
     0     3      288.00      488.00        0.00
     0     3      282.67      492.00        0.00
     0     3      276.00      494.67        0.00
     0     3      272.00      498.67        0.00
     0     3      269.33      501.33        0.00
     0     3      266.67      504.00        0.00
     0     3      264.00      506.67        0.00
     0     3      258.67      510.67        0.00
     0     3      252.00      513.33        0.00
     0     3      246.67      516.00        0.00
     0     3      242.67      518.67        0.00
     0     3      238.67      521.33        0.00
     0     3      233.33      524.00        0.00
     0     3      228.00      525.33        0.00
     0     3      176.00      534.67        0.00
     0     3      169.33      533.33        0.00
     0     3      164.00      530.67        0.00
     0     3      157.33      528.00        0.00
     0     3      148.00      522.67        0.00
     0     3      141.33      520.00        0.00
     0     3      130.67      516.00        0.00
     0     3      121.33      513.33        0.00
     0     3      110.67      510.67        0.00
     0     3       98.67      508.00        0.00
     0     3       86.67      505.33        0.00
     0     3       80.00      504.00        0.00
     0     3       70.67      502.67        0.00
     0     3       62.67      501.33        0.00
     0     3       57.33      501.33        0.00
     0     3       52.00      500.00        0.00
     0     3       48.00      500.00        0.00
     0     3       41.33      498.67        0.00
     0     3       36.00      498.67        0.00
     0     3       32.00      498.67        0.00
     0     3       26.67      498.67        0.00
     0     3       21.33      497.33        0.00
     0     3       16.00      496.00        0.00
     0     3       12.00      494.67        0.00
     0     3        8.00      493.33        0.00
     0     3        4.00      490.67        0.00
     0     3        0.00      488.00        0.00
     0     3        0.00      285.33        0.00
     0     3        6.67      284.00        0.00
     0     3       12.00      284.00        0.00
     0     3       20.00      280.00        0.00
     0     3       26.67      278.67        0.00
     0     3       33.33      277.33        0.00
     0     3       41.33      276.00        0.00
     0     3       49.33      276.00        0.00
     0     3       58.67      274.67        0.00
     0     3       69.33      272.00        0.00
     0     3       78.67      270.67        0.00
     0     3       88.00      270.67        0.00
     0     3       94.67      269.33        0.00
     0     3      102.67      269.33        0.00
     0     3      112.00      268.00        0.00
     0     3      120.00      268.00        0.00
     0     3      125.33      268.00        0.00
     0     3      133.33      268.00        0.00
     0     3      141.33      266.67        0.00
     0     3      148.00      265.33        0.00
     0     3      154.67      264.00        0.00
     0     3      161.33      264.00        0.00
     0     3      166.67      264.00        0.00
     0     3      170.67      264.00        0.00
     0     3      177.33      261.33        0.00
     0     3      185.33      260.00        0.00
     0     3      189.33      258.67        0.00
     0     3      194.67      257.33        0.00
     0     3      200.00      256.00        0.00
     0     3      205.33      254.67        0.00
     0     3      210.67      253.33        0.00
     0     3      217.33      253.33        0.00
     0     3      224.00      250.67        0.00
     0     3      228.00      250.67        0.00
     0     3      233.33      249.33        0.00
     0     3      238.67      246.67        0.00
     0     3      244.00      245.33        0.00
     0     3      248.00      244.00        0.00
     0     3      253.33      242.67        0.00
     0     3      260.00      241.33        0.00
     0     3      265.33      238.67        0.00
     0     3      272.00      237.33        0.00
     0     3      277.33      236.00        0.00
     0     3      284.00      236.00        0.00
     0     3      296.00      236.00        0.00
     0     3      302.67      236.00        0.00
     0     3      309.33      234.67        0.00
     0     3      316.00      234.67        0.00
     0     3      322.67      234.67        0.00
     0     3      329.33      236.00        0.00
     0     3      334.67      237.33        0.00
     0     3      338.67      237.33        0.00
     0     3      346.67      238.67        0.00
     0     3      353.33      238.67        0.00
     0     3      358.67      238.67        0.00
     0     3      366.67      238.67        0.00
     0     3      370.67      237.33        0.00
     0     3      376.00      237.33        0.00
     0     3      384.00      236.00        0.00
     0     3      392.00      236.00        0.00
     0     3      405.33      236.00        0.00
     0     3      414.67      236.00        0.00
     0     3      420.00      236.00        0.00
     0     3      424.00      236.00        0.00
     0     3      428.00      237.33        0.00
     0     3      432.00      237.33        0.00
     0     3      437.33      237.33        0.00
     0     3      441.33      237.33        0.00
     0     3      445.33      236.00        0.00
     0     3      449.33      236.00        0.00
     0     3      453.33      236.00        0.00
     0     3      457.33      236.00        0.00
     0     3      461.33      236.00        0.00
     0     3      465.33      236.00        0.00
     0     3      472.00      236.00        0.00
     0     3      477.33      236.00        0.00
     0     3      481.33      238.67        0.00
     0     3      484.00      241.33        0.00
     0     3      488.00      245.33        0.00
     0     3      492.00      248.00        0.00
     0     3      494.67      250.67        0.00
     0     3      497.33      253.33        0.00
     0     3      501.33      257.33        0.00
     0     3      504.00      260.00        0.00
     0     3      506.67      262.67        0.00
     0     3      509.33      266.67        0.00
     0     3      510.67      273.33        0.00
     0     3      513.33      277.33        0.00
     0     3      514.67      282.67        0.00
     0     3      516.00      288.00        0.00
     0     3      517.33      293.33        0.00
     0     3      518.67      300.00        0.00
     0     3      521.33      305.33        0.00
     0     3      524.00      310.67        0.00
     0     3      526.67      316.00        0.00
     0     3      529.33      320.00        0.00
     0     3      533.33      325.33        0.00
     0     3      536.00      329.33        0.00
     0     3      538.67      333.33        0.00
     0     3      540.00      337.33        0.00
     0     3      542.67      341.33        0.00
     0     3      545.33      344.00        0.00
     0     3      549.33      348.00        0.00
     0     3      552.00      350.67        0.00
     0     3      557.33      354.67        0.00
     0     3      561.33      357.33        0.00
     0     3      566.67      360.00        0.00
     0     3      572.00      362.67        0.00
     0     3      577.33      364.00        0.00
     0     3      584.00      368.00        0.00
     0     3      590.67      370.67        0.00
     0     3      598.67      372.00        0.00
     0     3      604.00      373.33        0.00
     0     3      612.00      374.67        0.00
     0     3      616.00      376.00        0.00
     0     3      622.67      377.33        0.00
     0     3      629.33      378.67        0.00
     0     3      634.67      378.67        0.00
     0     3      641.33      381.33        0.00
     0     3      645.33      382.67        0.00
     0     3      652.00      385.33        0.00
     0     3      657.33      386.67        0.00
     0     3      664.00      389.33        0.00
     0     3      670.67      389.33        0.00
     0     3      677.33      390.67        0.00
     0     3      686.67      393.33        0.00
     0     3      694.67      394.67        0.00
     0     3      702.67      394.67        0.00
     0     3      709.33      397.33        0.00
     0     3      714.67      398.67        0.00
     0     3      718.67      400.00        0.00
     0     3      722.67      402.67        0.00
     0     3      728.00      402.67        0.00
     0     3      733.33      405.33        0.00
     0     3      741.33      409.33        0.00
     0     3      748.00      412.00        0.00
     0     3      754.67      413.33        0.00
     0     3      762.67      416.00        0.00
     0     3      766.67      418.67        0.00
     0     3      770.67      421.33        0.00
     0     3      777.33      424.00        0.00
     0     3      782.67      426.67        0.00
     0     3      789.33      429.33        0.00
     0     3      796.00      432.00        0.00
     0     3      801.33      434.67        0.00
     0     3      808.00      437.33        0.00
     0     3      813.33      440.00        0.00
     0     3      821.33      442.67        0.00
     0     3      828.00      446.67        0.00
     0     3      834.67      450.67        0.00
     0     3      840.00      453.33        0.00
     0     3      845.33      456.00        0.00
     0     3      853.33      458.67        0.00
     0     3      860.00      460.00        0.00
     0     3      866.67      462.67        0.00
     0     3      873.33      465.33        0.00
     0     3      877.33      468.00        0.00
     0     3      882.67      470.67        0.00
     0     3      886.67      473.33        0.00
     0     3      892.00      474.67        0.00
     0     3      898.67      478.67        0.00
     0     3      904.00      481.33        0.00
     0     3      910.67      485.33        0.00
     0     3      916.00      488.00        0.00
     0     3      918.67      490.67        0.00
     0     3      921.33      493.33        0.00
     0     3      924.00      496.00        0.00
     0     3      928.00      498.67        0.00
     0     3      930.67      501.33        0.00
     0     3      934.67      506.67        0.00
     0     3      937.33      510.67        0.00
     0     3      940.00      517.33        0.00
     0     3      944.00      521.33        0.00
     0     3      946.67      528.00        0.00
     0     3      949.33      534.67        0.00
     0     3      952.00      538.67        0.00
     0     3      953.33      542.67        0.00
     0     3      954.67      546.67        0.00
     0     3      954.67      550.67        0.00
     0     3      956.00      554.67        0.00
     0     3      956.00      558.67        0.00
     0     3      956.00      562.67        0.00
     0     3      956.00      566.67        0.00
     0     3      953.33      572.00        0.00
     0     3      952.00      576.00        0.00
     0     3      950.67      581.33        0.00
     0     3      949.33      585.33        0.00
     0     3      946.67      589.33        0.00
     0     3      944.00      592.00        0.00
     0     3      941.33      594.67        0.00
     0     3      940.00      598.67        0.00
     0     3      937.33      602.67        0.00
     0     3      934.67      606.67        0.00
     0     3      932.00      610.67        0.00
     0     3      929.33      613.33        0.00
     0     3      926.67      616.00        0.00
     0     3      924.00      618.67        0.00
     1     0      890.50      466.00        0.00
     1     0      889.50      468.50        0.00
     1     0      887.00      469.50        0.00
     1     0      884.50      470.00        0.00
     1     0      882.00      470.50        0.00
     1     0      879.50      470.50        0.00
     1     0      877.00      470.00        0.00
     1     0      874.50      469.00        0.00
     1     0      872.50      467.50        0.00
     1     0      871.00      465.00        0.00
     1     0      870.50      462.50        0.00
     1     0      869.50      460.00        0.00
     1     0      869.50      457.50        0.00
     1     0      870.00      454.50        0.00
     1     0      870.50      452.00        0.00
     1     0      871.50      449.50        0.00
     1     0      873.50      447.50        0.00
     1     0      875.50      446.00        0.00
     1     0      878.50      445.00        0.00
     1     0      881.00      445.00        0.00
     1     0      884.00      445.50        0.00
     1     0      886.50      446.50        0.00
     1     0      888.50      448.00        0.00
     1     0      890.50      449.50        0.00
     1     0      892.00      452.00        0.00
     1     0      893.00      454.50        0.00
     1     0      893.50      457.00        0.00
     1     0      893.50      459.50        0.00
     1     1      860.50      455.00        0.00
     1     1      856.50      457.50        0.00
     1     1      853.50      458.50        0.00
     1     1      851.00      459.00        0.00
     1     1      848.50      459.00        0.00
     1     1      845.50      458.00        0.00
     1     1      842.50      456.50        0.00
     1     1      841.00      454.00        0.00
     1     1      840.00      451.50        0.00
     1     1      840.00      449.00        0.00
     1     1      840.00      446.50        0.00
     1     1      840.50      443.00        0.00
     1     1      841.50      440.50        0.00
     1     1      843.50      438.00        0.00
     1     1      845.50      436.50        0.00
     1     1      848.50      436.00        0.00
     1     1      851.00      436.00        0.00
     1     1      853.50      436.00        0.00
     1     1      856.00      436.00        0.00
     1     1      858.50      437.50        0.00
     1     1      860.00      439.50        0.00
     1     1      861.50      441.50        0.00
     1     1      862.50      444.50        0.00
     1     1      862.50      447.00        0.00
     1     1      862.50      449.50        0.00
     1     2      835.00      436.50        0.00
     1     2      832.50      437.50        0.00
     1     2      829.50      437.50        0.00
     1     2      826.50      437.00        0.00
     1     2      824.50      435.50        0.00
     1     2      822.50      433.50        0.00
     1     2      821.00      431.00        0.00
     1     2      820.00      428.00        0.00
     1     2      819.50      425.50        0.00
     1     2      819.00      422.50        0.00
     1     2      819.50      419.50        0.00
     1     2      821.00      416.50        0.00
     1     2      823.50      415.00        0.00
     1     2      826.00      414.00        0.00
     1     2      828.50      413.50        0.00
     1     2      831.00      413.50        0.00
     1     2      833.50      414.00        0.00
     1     2      836.50      415.00        0.00
     1     2      839.00      416.50        0.00
     1     2      841.00      418.00        0.00
     1     2      842.00      420.50        0.00
     1     2      843.00      423.00        0.00
     1     2      843.00      426.00        0.00
     1     2      842.50      428.50        0.00
     1     2      840.50      430.50        0.00
     1     2      838.00      431.00        0.00
     1     3      579.50      366.50        0.00
     1     3      575.50      367.50        0.00
     1     3      573.00      368.00        0.00
     1     3      570.00      368.00        0.00
     1     3      567.00      367.50        0.00
     1     3      564.00      366.00        0.00
     1     3      561.00      364.50        0.00
     1     3      559.50      362.50        0.00
     1     3      558.50      359.50        0.00
     1     3      557.50      357.00        0.00
     1     3      557.50      354.00        0.00
     1     3      557.50      351.00        0.00
     1     3      558.50      347.50        0.00
     1     3      559.50      345.00        0.00
     1     3      562.00      343.00        0.00
     1     3      566.00      341.50        0.00
     1     3      568.50      341.50        0.00
     1     3      571.50      341.00        0.00
     1     3      574.50      341.00        0.00
     1     3      577.00      341.00        0.00
     1     3      580.50      342.00        0.00
     1     3      582.50      343.50        0.00
     1     3      584.50      346.00        0.00
     1     3      586.00      348.50        0.00
     1     3      586.50      351.50        0.00
     1     3      586.50      354.00        0.00
     1     3      586.50      357.00        0.00
     1     3      584.50      359.50        0.00
     1     3      582.50      362.00        0.00
     1     3      581.00      364.00        0.00
     1     4      547.00      378.50        0.00
     1     4      544.00      381.00        0.00
     1     4      542.00      382.50        0.00
     1     4      539.50      383.50        0.00
     1     4      536.00      384.00        0.00
     1     4      533.50      385.00        0.00
     1     4      531.00      385.00        0.00
     1     4      528.00      385.00        0.00
     1     4      525.50      384.50        0.00
     1     4      523.00      383.00        0.00
     1     4      521.50      380.50        0.00
     1     4      521.00      377.00        0.00
     1     4      521.50      374.00        0.00
     1     4      523.00      372.00        0.00
     1     4      524.50      370.00        0.00
     1     4      527.00      368.00        0.00
     1     4      529.50      366.00        0.00
     1     4      532.00      365.50        0.00
     1     4      535.00      365.00        0.00
     1     4      537.50      364.50        0.00
     1     4      540.00      364.50        0.00
     1     4      543.00      364.50        0.00
     1     4      545.50      365.50        0.00
     1     4      548.00      366.50        0.00
     1     4      549.50      368.50        0.00
     1     4      550.00      371.00        0.00
     1     4      550.00      373.50        0.00
     1     5      523.00      398.50        0.00
     1     5      521.00      402.00        0.00
     1     5      519.00      404.00        0.00
     1     5      516.50      405.50        0.00
     1     5      514.50      407.00        0.00
     1     5      512.00      407.50        0.00
     1     5      509.50      407.50        0.00
     1     5      507.00      407.50        0.00
     1     5      504.50      406.50        0.00
     1     5      502.50      405.00        0.00
     1     5      501.50      402.50        0.00
     1     5      501.00      399.50        0.00
     1     5      501.00      397.00        0.00
     1     5      501.00      394.00        0.00
     1     5      502.50      392.00        0.00
     1     5      504.00      390.00        0.00
     1     5      506.50      388.50        0.00
     1     5      509.50      387.00        0.00
     1     5      512.50      387.00        0.00
     1     5      515.00      387.00        0.00
     1     5      518.00      387.00        0.00
     1     5      521.00      387.50        0.00
     1     5      523.00      389.00        0.00
     1     5      524.50      391.00        0.00
     1     5      525.00      393.50        0.00
     1     6      449.50      456.50        0.00
     1     6      449.50      462.00        0.00
     1     6      449.00      465.00        0.00
     1     6      447.50      468.00        0.00
     1     6      444.50      469.50        0.00
     1     6      441.50      470.50        0.00
     1     6      439.00      471.50        0.00
     1     6      436.00      471.50        0.00
     1     6      433.50      471.50        0.00
     1     6      429.50      471.00        0.00
     1     6      426.50      469.50        0.00
     1     6      424.00      467.50        0.00
     1     6      422.50      465.50        0.00
     1     6      421.50      462.50        0.00
     1     6      421.50      460.00        0.00
     1     6      422.00      457.00        0.00
     1     6      423.00      454.50        0.00
     1     6      425.00      452.50        0.00
     1     6      428.50      450.50        0.00
     1     6      433.00      449.50        0.00
     1     6      435.50      449.50        0.00
     1     6      439.00      449.50        0.00
     1     6      441.50      450.00        0.00
     1     6      444.00      450.00        0.00
     1     7      394.50      553.00        0.00
     1     7      392.00      554.50        0.00
     1     7      389.00      556.00        0.00
     1     7      386.50      556.50        0.00
     1     7      384.00      556.50        0.00
     1     7      381.00      556.50        0.00
     1     7      378.00      556.00        0.00
     1     7      375.50      555.00        0.00
     1     7      373.50      553.00        0.00
     1     7      373.00      550.00        0.00
     1     7      373.00      547.00        0.00
     1     7      373.00      544.50        0.00
     1     7      374.50      541.00        0.00
     1     7      375.50      538.50        0.00
     1     7      377.50      536.00        0.00
     1     7      379.00      534.00        0.00
     1     7      381.00      532.00        0.00
     1     7      383.00      530.50        0.00
     1     7      385.00      528.00        0.00
     1     7      387.50      526.00        0.00
     1     7      390.00      525.00        0.00
     1     7      393.00      524.50        0.00
     1     7      395.50      524.50        0.00
     1     7      398.00      524.50        0.00
     1     7      401.00      526.00        0.00
     1     7      403.00      527.50        0.00
     1     7      404.50      530.50        0.00
     1     7      406.00      533.00        0.00
     1     7      406.00      536.00        0.00
     1     7      406.00      538.50        0.00
     1     7      404.50      541.50        0.00
     1     7      402.50      544.50        0.00
     1     7      400.50      546.00        0.00
     1     8      426.00      569.00        0.00
     1     8      423.00      570.50        0.00
     1     8      420.00      571.00        0.00
     1     8      417.00      571.00        0.00
     1     8      414.50      570.00        0.00
     1     8      412.50      568.00        0.00
     1     8      410.50      565.50        0.00
     1     8      409.50      563.00        0.00
     1     8      409.50      560.50        0.00
     1     8      410.00      557.50        0.00
     1     8      411.50      555.00        0.00
     1     8      413.50      553.50        0.00
     1     8      415.50      552.00        0.00
     1     8      419.00      551.00        0.00
     1     8      421.50      551.00        0.00
     1     8      425.00      551.00        0.00
     1     8      428.00      552.00        0.00
     1     8      430.00      553.50        0.00
     1     8      431.50      556.00        0.00
     1     8      431.50      559.00        0.00
     1     8      430.50      561.50        0.00
     1     8      428.00      562.00        0.00
