     0     0      855.00     1032.00        0.00
     0     0      855.00     1028.00        0.00
     0     0      854.00     1025.00        0.00
     0     0      854.00     1021.00        0.00
     0     0      853.00     1018.00        0.00
     0     0      853.00     1014.00        0.00
     0     0      853.00     1009.00        0.00
     0     0      852.00     1005.00        0.00
     0     0      852.00     1001.00        0.00
     0     0      852.00      997.00        0.00
     0     0      851.00      994.00        0.00
     0     0      851.00      990.00        0.00
     0     0      850.00      987.00        0.00
     0     0      850.00      983.00        0.00
     0     0      850.00      978.00        0.00
     0     0      849.00      975.00        0.00
     0     0      849.00      971.00        0.00
     0     0      849.00      966.00        0.00
     0     0      849.00      962.00        0.00
     0     0      849.00      957.00        0.00
     0     0      849.00      953.00        0.00
     0     0      851.00      949.00        0.00
     0     0      853.00      945.00        0.00
     0     0      856.00      941.00        0.00
     0     0      857.00      938.00        0.00
     0     0      859.00      935.00        0.00
     0     0      861.00      932.00        0.00
     0     0      863.00      929.00        0.00
     0     0      865.00      926.00        0.00
     0     0      867.00      923.00        0.00
     0     0      870.00      921.00        0.00
     0     0      873.00      919.00        0.00
     0     0      877.00      918.00        0.00
     0     0      882.00      917.00        0.00
     0     0      887.00      917.00        0.00
     0     0      891.00      917.00        0.00
     0     0      895.00      916.00        0.00
     0     0      899.00      915.00        0.00
     0     0      903.00      915.00        0.00
     0     0      908.00      915.00        0.00
     0     0      911.00      916.00        0.00
     0     0      914.00      917.00        0.00
     0     0      919.00      917.00        0.00
     0     0      923.00      918.00        0.00
     0     0      927.00      918.00        0.00
     0     0      932.00      920.00        0.00
     0     0      937.00      921.00        0.00
     0     0      940.00      923.00        0.00
     0     0      944.00      925.00        0.00
     0     0      948.00      928.00        0.00
     0     0      952.00      930.00        0.00
     0     0      957.00      931.00        0.00
     0     0      960.00      933.00        0.00
     0     0      963.00      935.00        0.00
     0     0      967.00      937.00        0.00
     0     0      971.00      939.00        0.00
     0     0      973.00      942.00        0.00
     0     0      976.00      946.00        0.00
     0     0      979.00      950.00        0.00
     0     0      980.00      953.00        0.00
     0     0      983.00      956.00        0.00
     0     0      985.00      959.00        0.00
     0     0      987.00      962.00        0.00
     0     0      988.00      965.00        0.00
     0     0      990.00      968.00        0.00
     0     0      992.00      971.00        0.00
     0     0      993.00      974.00        0.00
     0     0      994.00      977.00        0.00
     0     0      995.00      981.00        0.00
     0     0      997.00      985.00        0.00
     0     0      998.00      990.00        0.00
     0     0      998.00      995.00        0.00
     0     0      999.00     1000.00        0.00
     0     0     1000.00     1003.00        0.00
     0     0     1002.00     1007.00        0.00
     0     0     1003.00     1011.00        0.00
     0     0     1004.00     1014.00        0.00
     0     0     1005.00     1018.00        0.00
     0     0     1006.00     1021.00        0.00
     0     0     1006.00     1025.00        0.00
     0     0     1006.00     1029.00        0.00
     0     1     1035.00     1033.00        0.00
     0     1     1035.00     1029.00        0.00
     0     1     1034.00     1024.00        0.00
     0     1     1032.00     1019.00        0.00
     0     1     1032.00     1015.00        0.00
     0     1     1030.00     1009.00        0.00
     0     1     1029.00     1006.00        0.00
     0     1     1029.00     1001.00        0.00
     0     1     1028.00      997.00        0.00
     0     1     1027.00      993.00        0.00
     0     1     1026.00      990.00        0.00
     0     1     1025.00      987.00        0.00
     0     1     1024.00      983.00        0.00
     0     1     1022.00      980.00        0.00
     0     1     1021.00      977.00        0.00
     0     1     1020.00      974.00        0.00
     0     1     1018.00      971.00        0.00
     0     1     1017.00      968.00        0.00
     0     1     1015.00      965.00        0.00
     0     1     1013.00      962.00        0.00
     0     1     1011.00      959.00        0.00
     0     1     1008.00      956.00        0.00
     0     1     1005.00      953.00        0.00
     0     1     1003.00      950.00        0.00
     0     1     1000.00      948.00        0.00
     0     1      999.00      945.00        0.00
     0     1      996.00      941.00        0.00
     0     1      994.00      938.00        0.00
     0     1      992.00      935.00        0.00
     0     1      988.00      932.00        0.00
     0     1      985.00      929.00        0.00
     0     1      983.00      926.00        0.00
     0     1      980.00      923.00        0.00
     0     1      977.00      921.00        0.00
     0     1      975.00      918.00        0.00
     0     1      972.00      916.00        0.00
     0     1      969.00      914.00        0.00
     0     1      966.00      913.00        0.00
     0     1      962.00      910.00        0.00
     0     1      959.00      908.00        0.00
     0     1      955.00      906.00        0.00
     0     1      952.00      905.00        0.00
     0     1      949.00      903.00        0.00
     0     1      945.00      901.00        0.00
     0     1      942.00      898.00        0.00
     0     1      937.00      896.00        0.00
     0     1      932.00      893.00        0.00
     0     1      929.00      892.00        0.00
     0     1      926.00      891.00        0.00
     0     1      921.00      889.00        0.00
     0     1      918.00      888.00        0.00
     0     1      914.00      886.00        0.00
     0     1      910.00      885.00        0.00
     0     1      906.00      884.00        0.00
     0     1      902.00      883.00        0.00
     0     1      898.00      882.00        0.00
     0     1      894.00      880.00        0.00
     0     1      889.00      879.00        0.00
     0     1      886.00      877.00        0.00
     0     1      883.00      876.00        0.00
     0     1      877.00      873.00        0.00
     0     1      871.00      871.00        0.00
     0     1      868.00      870.00        0.00
     0     1      865.00      869.00        0.00
     0     1      861.00      867.00        0.00
     0     1      857.00      866.00        0.00
     0     1      852.00      864.00        0.00
     0     1      847.00      862.00        0.00
     0     1      839.00      858.00        0.00
     0     1      834.00      855.00        0.00
     0     1      829.00      852.00        0.00
     0     1      826.00      849.00        0.00
     0     1      822.00      846.00        0.00
     0     1      817.00      842.00        0.00
     0     1      811.00      838.00        0.00
     0     1      808.00      834.00        0.00
     0     1      805.00      832.00        0.00
     0     1      802.00      830.00        0.00
     0     1      798.00      827.00        0.00
     0     1      794.00      826.00        0.00
     0     1      789.00      825.00        0.00
     0     1      783.00      823.00        0.00
     0     1      780.00      821.00        0.00
     0     1      772.00      818.00        0.00
     0     1      767.00      815.00        0.00
     0     1      764.00      812.00        0.00
     0     1      760.00      808.00        0.00
     0     1      756.00      806.00        0.00
     0     1      752.00      803.00        0.00
     0     1      747.00      798.00        0.00
     0     1      743.00      794.00        0.00
     0     1      740.00      791.00        0.00
     0     1      735.00      787.00        0.00
     0     1      731.00      784.00        0.00
     0     1      728.00      781.00        0.00
     0     1      725.00      778.00        0.00
     0     1      722.00      775.00        0.00
     0     1      717.00      771.00        0.00
     0     1      715.00      768.00        0.00
     0     1      711.00      764.00        0.00
     0     1      708.00      761.00        0.00
     0     1      704.00      757.00        0.00
     0     1      701.00      755.00        0.00
     0     1      698.00      754.00        0.00
     0     1      695.00      753.00        0.00
     0     1      692.00      752.00        0.00
     0     1      688.00      751.00        0.00
     0     1      684.00      750.00        0.00
     0     1      678.00      749.00        0.00
     0     1      675.00      748.00        0.00
     0     1      671.00      746.00        0.00
     0     1      667.00      744.00        0.00
     0     1      663.00      742.00        0.00
     0     1      659.00      739.00        0.00
     0     1      656.00      738.00        0.00
     0     1      653.00      737.00        0.00
     0     1      650.00      735.00        0.00
     0     1      647.00      732.00        0.00
     0     1      642.00      728.00        0.00
     0     1      638.00      725.00        0.00
     0     1      634.00      722.00        0.00
     0     1      630.00      720.00        0.00
     0     1      626.00      716.00        0.00
     0     1      623.00      713.00        0.00
     0     1      620.00      710.00        0.00
     0     1      618.00      707.00        0.00
     0     1      614.00      704.00        0.00
     0     1      610.00      702.00        0.00
     0     1      606.00      700.00        0.00
     0     1      602.00      698.00        0.00
     0     1      599.00      694.00        0.00
     0     1      597.00      691.00        0.00
     0     1      594.00      689.00        0.00
     0     1      591.00      685.00        0.00
     0     1      588.00      683.00        0.00
     0     1      584.00      682.00        0.00
     0     1      580.00      680.00        0.00
     0     1      577.00      678.00        0.00
     0     1      574.00      677.00        0.00
     0     1      571.00      675.00        0.00
     0     1      568.00      674.00        0.00
     0     1      564.00      673.00        0.00
     0     1      554.00      662.00        0.00
     0     1      545.00      654.00        0.00
     0     1      543.00      650.00        0.00
     0     1      542.00      645.00        0.00
     0     1      539.00      640.00        0.00
     0     1      538.00      634.00        0.00
     0     1      536.00      629.00        0.00
     0     1      534.00      624.00        0.00
     0     1      533.00      618.00        0.00
     0     1      531.00      612.00        0.00
     0     1      530.00      608.00        0.00
     0     1      528.00      603.00        0.00
     0     1      526.00      599.00        0.00
     0     1      525.00      596.00        0.00
     0     1      524.00      592.00        0.00
     0     1      522.00      589.00        0.00
     0     1      520.00      586.00        0.00
     0     1      519.00      583.00        0.00
     0     1      517.00      580.00        0.00
     0     1      514.00      575.00        0.00
     0     1      512.00      572.00        0.00
     0     1      509.00      568.00        0.00
     0     1      507.00      565.00        0.00
     0     1      504.00      561.00        0.00
     0     1      501.00      558.00        0.00
     0     1      499.00      555.00        0.00
     0     1      497.00      552.00        0.00
     0     1      494.00      548.00        0.00
     0     1      491.00      544.00        0.00
     0     1      489.00      541.00        0.00
     0     1      485.00      538.00        0.00
     0     1      482.00      535.00        0.00
     0     1      478.00      532.00        0.00
     0     1      475.00      530.00        0.00
     0     1      470.00      528.00        0.00
     0     1      467.00      526.00        0.00
     0     1      462.00      524.00        0.00
     0     1      456.00      521.00        0.00
     0     1      452.00      518.00        0.00
     0     1      448.00      516.00        0.00
     0     1      445.00      514.00        0.00
     0     1      442.00      513.00        0.00
     0     1      436.00      511.00        0.00
     0     1      433.00      510.00        0.00
     0     1      428.00      509.00        0.00
     0     1      422.00      506.00        0.00
     0     1      416.00      503.00        0.00
     0     1      413.00      500.00        0.00
     0     1      408.00      497.00        0.00
     0     1      402.00      492.00        0.00
     0     1      399.00      488.00        0.00
     0     1      397.00      485.00        0.00
     0     1      395.00      480.00        0.00
     0     1      393.00      473.00        0.00
     0     1      390.00      466.00        0.00
     0     1      388.00      460.00        0.00
     0     1      386.00      453.00        0.00
     0     1      385.00      448.00        0.00
     0     1      385.00      443.00        0.00
     0     1      384.00      437.00        0.00
     0     1      384.00      432.00        0.00
     0     1      384.00      427.00        0.00
     0     1      386.00      420.00        0.00
     0     1      388.00      415.00        0.00
     0     1      389.00      409.00        0.00
     0     1      390.00      404.00        0.00
     0     1      391.00      398.00        0.00
     0     1      392.00      394.00        0.00
     0     1      393.00      389.00        0.00
     0     1      394.00      385.00        0.00
     0     1      395.00      380.00        0.00
     0     1      396.00      374.00        0.00
     0     1      396.00      370.00        0.00
     0     1      397.00      365.00        0.00
     0     1      398.00      361.00        0.00
     0     1      398.00      357.00        0.00
     0     1      399.00      352.00        0.00
     0     1      399.00      348.00        0.00
     0     1      399.00      344.00        0.00
     0     1      399.00      338.00        0.00
     0     1      400.00      335.00        0.00
     0     1      400.00      331.00        0.00
     0     1      400.00      326.00        0.00
     0     1      401.00      322.00        0.00
     0     1      401.00      318.00        0.00
     0     1      402.00      313.00        0.00
     0     1      402.00      309.00        0.00
     0     1      404.00      306.00        0.00
     0     1      405.00      302.00        0.00
     0     1      406.00      299.00        0.00
     0     1      408.00      294.00        0.00
     0     1      410.00      290.00        0.00
     0     1      411.00      286.00        0.00
     0     1      412.00      281.00        0.00
     0     1      414.00      276.00        0.00
     0     1      415.00      272.00        0.00
     0     1      417.00      267.00        0.00
     0     1      418.00      263.00        0.00
     0     1      420.00      259.00        0.00
     0     1      420.00      255.00        0.00
     0     1      421.00      250.00        0.00
     0     1      421.00      244.00        0.00
     0     1      422.00      240.00        0.00
     0     1      423.00      237.00        0.00
     0     1      424.00      233.00        0.00
     0     1      425.00      230.00        0.00
     0     1      426.00      227.00        0.00
     0     1      428.00      224.00        0.00
     0     1      428.00      220.00        0.00
     0     1      430.00      217.00        0.00
     0     1      431.00      214.00        0.00
     0     1      433.00      209.00        0.00
     0     1      435.00      206.00        0.00
     0     1      437.00      200.00        0.00
     0     1      438.00      196.00        0.00
     0     1      440.00      190.00        0.00
     0     1      442.00      183.00        0.00
     0     1      444.00      177.00        0.00
     0     1      445.00      171.00        0.00
     0     1      447.00      166.00        0.00
     0     1      449.00      162.00        0.00
     0     1      451.00      158.00        0.00
     0     1      453.00      155.00        0.00
     0     1      455.00      152.00        0.00
     0     1      457.00      148.00        0.00
     0     1      460.00      145.00        0.00
     0     1      463.00      142.00        0.00
     0     1      464.00      139.00        0.00
     0     1      466.00      136.00        0.00
     0     1      468.00      132.00        0.00
     0     1      471.00      129.00        0.00
     0     1      472.00      126.00        0.00
     0     1      483.00      108.00        0.00
     0     1      485.00       98.00        0.00
     0     1      487.00       93.00        0.00
     0     1      489.00       89.00        0.00
     0     1      491.00       84.00        0.00
     0     1      492.00       80.00        0.00
     0     1      492.00       76.00        0.00
     0     1      493.00       71.00        0.00
     0     1      493.00       67.00        0.00
     0     1      493.00       62.00        0.00
     0     1      493.00       58.00        0.00
     0     1      492.00       54.00        0.00
     0     1      489.00       50.00        0.00
     0     1      487.00       47.00        0.00
     0     1      484.00       44.00        0.00
     0     1      481.00       41.00        0.00
     0     1      477.00       37.00        0.00
     0     1      474.00       34.00        0.00
     0     1      471.00       32.00        0.00
     0     1      467.00       29.00        0.00
     0     1      464.00       25.00        0.00
     0     1      461.00       22.00        0.00
     0     1      458.00       20.00        0.00
     0     1      455.00       17.00        0.00
     0     1      453.00       14.00        0.00
     0     1      451.00       10.00        0.00
     0     1      449.00        7.00        0.00
     0     1      447.00        4.00        0.00
     0     1      447.00        0.00        0.00
     0     1      704.00        0.00        0.00
     0     1      706.00       10.00        0.00
     0     1      706.00       16.00        0.00
     0     1      706.00       21.00        0.00
     0     1      708.00       26.00        0.00
     0     1      709.00       30.00        0.00
     0     1      710.00       33.00        0.00
     0     1      711.00       37.00        0.00
     0     1      712.00       40.00        0.00
     0     1      712.00       46.00        0.00
     0     1      713.00       49.00        0.00
     0     1      713.00       53.00        0.00
     0     1      713.00       57.00        0.00
     0     1      713.00       61.00        0.00
     0     1      711.00       65.00        0.00
     0     1      710.00       69.00        0.00
     0     1      709.00       72.00        0.00
     0     1      707.00       76.00        0.00
     0     1      705.00       79.00        0.00
     0     1      703.00       83.00        0.00
     0     1      702.00       86.00        0.00
     0     1      700.00       90.00        0.00
     0     1      699.00       94.00        0.00
     0     1      698.00       97.00        0.00
     0     1      695.00      100.00        0.00
     0     1      691.00      102.00        0.00
     0     1      687.00      104.00        0.00
     0     1      684.00      106.00        0.00
     0     1      681.00      108.00        0.00
     0     1      678.00      112.00        0.00
     0     1      674.00      115.00        0.00
     0     1      672.00      119.00        0.00
     0     1      669.00      122.00        0.00
     0     1      666.00      125.00        0.00
     0     1      663.00      128.00        0.00
     0     1      661.00      131.00        0.00
     0     1      659.00      134.00        0.00
     0     1      656.00      140.00        0.00
     0     1      652.00      145.00        0.00
     0     1      648.00      150.00        0.00
     0     1      644.00      154.00        0.00
     0     1      640.00      158.00        0.00
     0     1      636.00      162.00        0.00
     0     1      633.00      165.00        0.00
     0     1      629.00      169.00        0.00
     0     1      627.00      172.00        0.00
     0     1      624.00      177.00        0.00
     0     1      621.00      181.00        0.00
     0     1      618.00      185.00        0.00
     0     1      615.00      188.00        0.00
     0     1      610.00      192.00        0.00
     0     1      605.00      196.00        0.00
     0     1      600.00      200.00        0.00
     0     1      593.00      204.00        0.00
     0     1      587.00      208.00        0.00
     0     1      579.00      213.00        0.00
     0     1      573.00      216.00        0.00
     0     1      568.00      219.00        0.00
     0     1      563.00      223.00        0.00
     0     1      557.00      228.00        0.00
     0     1      552.00      232.00        0.00
     0     1      549.00      235.00        0.00
     0     1      545.00      239.00        0.00
     0     1      542.00      245.00        0.00
     0     1      540.00      249.00        0.00
     0     1      538.00      254.00        0.00
     0     1      536.00      258.00        0.00
     0     1      535.00      262.00        0.00
     0     1      533.00      266.00        0.00
     0     1      532.00      271.00        0.00
     0     1      531.00      276.00        0.00
     0     1      531.00      281.00        0.00
     0     1      530.00      285.00        0.00
     0     1      530.00      291.00        0.00
     0     1      530.00      295.00        0.00
     0     1      530.00      300.00        0.00
     0     1      532.00      306.00        0.00
     0     1      533.00      311.00        0.00
     0     1      533.00      317.00        0.00
     0     1      535.00      322.00        0.00
     0     1      536.00      326.00        0.00
     0     1      539.00      330.00        0.00
     0     1      541.00      334.00        0.00
     0     1      543.00      337.00        0.00
     0     1      545.00      340.00        0.00
     0     1      549.00      343.00        0.00
     0     1      551.00      346.00        0.00
     0     1      555.00      351.00        0.00
     0     1      558.00      355.00        0.00
     0     1      561.00      359.00        0.00
     0     1      564.00      362.00        0.00
     0     1      568.00      366.00        0.00
     0     1      570.00      369.00        0.00
     0     1      573.00      374.00        0.00
     0     1      575.00      377.00        0.00
     0     1      577.00      381.00        0.00
     0     1      579.00      384.00        0.00
     0     1      580.00      387.00        0.00
     0     1      582.00      391.00        0.00
     0     1      584.00      397.00        0.00
     0     1      585.00      400.00        0.00
     0     1      586.00      405.00        0.00
     0     1      587.00      409.00        0.00
     0     1      588.00      413.00        0.00
     0     1      591.00      417.00        0.00
     0     1      595.00      423.00        0.00
     0     1      597.00      427.00        0.00
     0     1      600.00      432.00        0.00
     0     1      603.00      436.00        0.00
     0     1      606.00      439.00        0.00
     0     1      611.00      444.00        0.00
     0     1      613.00      447.00        0.00
     0     1      614.00      450.00        0.00
     0     1      616.00      454.00        0.00
     0     1      618.00      458.00        0.00
     0     1      621.00      462.00        0.00
     0     1      623.00      467.00        0.00
     0     1      626.00      473.00        0.00
     0     1      628.00      477.00        0.00
     0     1      630.00      481.00        0.00
     0     1      632.00      485.00        0.00
     0     1      634.00      488.00        0.00
     0     1      635.00      492.00        0.00
     0     1      637.00      497.00        0.00
     0     1      639.00      500.00        0.00
     0     1      641.00      505.00        0.00
     0     1      643.00      509.00        0.00
     0     1      646.00      515.00        0.00
     0     1      648.00      521.00        0.00
     0     1      651.00      526.00        0.00
     0     1      652.00      529.00        0.00
     0     1      653.00      534.00        0.00
     0     1      653.00      538.00        0.00
     0     1      655.00      554.00        0.00
     0     1      658.00      559.00        0.00
     0     1      663.00      560.00        0.00
     0     1      667.00      562.00        0.00
     0     1      671.00      564.00        0.00
     0     1      675.00      567.00        0.00
     0     1      679.00      570.00        0.00
     0     1      683.00      573.00        0.00
     0     1      687.00      577.00        0.00
     0     1      690.00      581.00        0.00
     0     1      693.00      584.00        0.00
     0     1      696.00      588.00        0.00
     0     1      699.00      591.00        0.00
     0     1      703.00      594.00        0.00
     0     1      708.00      597.00        0.00
     0     1      712.00      600.00        0.00
     0     1      719.00      603.00        0.00
     0     1      724.00      606.00        0.00
     0     1      729.00      608.00        0.00
     0     1      734.00      611.00        0.00
     0     1      742.00      614.00        0.00
     0     1      747.00      617.00        0.00
     0     1      753.00      620.00        0.00
     0     1      760.00      624.00        0.00
     0     1      765.00      627.00        0.00
     0     1      769.00      629.00        0.00
     0     1      775.00      634.00        0.00
     0     1      780.00      637.00        0.00
     0     1      784.00      640.00        0.00
     0     1      789.00      644.00        0.00
     0     1      795.00      647.00        0.00
     0     1      800.00      650.00        0.00
     0     1      804.00      654.00        0.00
     0     1      810.00      658.00        0.00
     0     1      815.00      662.00        0.00
     0     1      819.00      666.00        0.00
     0     1      826.00      671.00        0.00
     0     1      833.00      677.00        0.00
     0     1      836.00      681.00        0.00
     0     1      840.00      686.00        0.00
     0     1      845.00      691.00        0.00
     0     1      848.00      694.00        0.00
     0     1      851.00      698.00        0.00
     0     1      855.00      702.00        0.00
     0     1      859.00      705.00        0.00
     0     1      863.00      708.00        0.00
     0     1      867.00      711.00        0.00
     0     1      870.00      714.00        0.00
     0     1      873.00      717.00        0.00
     0     1      878.00      722.00        0.00
     0     1      883.00      725.00        0.00
     0     1      887.00      729.00        0.00
     0     1      893.00      733.00        0.00
     0     1      897.00      736.00        0.00
     0     1      900.00      739.00        0.00
     0     1      905.00      743.00        0.00
     0     1      910.00      746.00        0.00
     0     1      913.00      748.00        0.00
     0     1      916.00      752.00        0.00
     0     1      919.00      755.00        0.00
     0     1      924.00      759.00        0.00
     0     1      929.00      763.00        0.00
     0     1      931.00      768.00        0.00
     0     1      933.00      772.00        0.00
     0     1      936.00      777.00        0.00
     0     1      938.00      781.00        0.00
     0     1      940.00      785.00        0.00
     0     1      942.00      790.00        0.00
     0     1      944.00      795.00        0.00
     0     1      947.00      800.00        0.00
     0     1      949.00      803.00        0.00
     0     1      953.00      808.00        0.00
     0     1      955.00      812.00        0.00
     0     1      958.00      816.00        0.00
     0     1      960.00      820.00        0.00
     0     1      963.00      823.00        0.00
     0     1      966.00      827.00        0.00
     0     1      969.00      831.00        0.00
     0     1      974.00      835.00        0.00
     0     1      977.00      837.00        0.00
     0     1      980.00      840.00        0.00
     0     1      985.00      845.00        0.00
     0     1      990.00      848.00        0.00
     0     1      994.00      851.00        0.00
     0     1      999.00      854.00        0.00
     0     1     1005.00      856.00        0.00
     0     1     1008.00      857.00        0.00
     0     1     1012.00      858.00        0.00
     0     1     1018.00      860.00        0.00
     0     1     1024.00      862.00        0.00
     0     1     1029.00      864.00        0.00
     0     1     1034.00      866.00        0.00
     0     1     1038.00      867.00        0.00
     0     1     1041.00      869.00        0.00
     0     1     1045.00      871.00        0.00
     0     1     1050.00      873.00        0.00
     0     1     1057.00      875.00        0.00
     0     1     1060.00      876.00        0.00
     0     1     1064.00      878.00        0.00
     0     1     1067.00      879.00        0.00
     0     1     1072.00      882.00        0.00
     0     1     1079.00      884.00        0.00
     0     1     1084.00      884.00        0.00
     0     1     1087.00      886.00        0.00
     0     1     1092.00      888.00        0.00
     0     1     1096.00      890.00        0.00
     0     1     1101.00      891.00        0.00
     0     1     1104.00      893.00        0.00
     0     1     1107.00      897.00        0.00
     0     1     1112.00      900.00        0.00
     0     1     1115.00      902.00        0.00
     0     1     1118.00      905.00        0.00
     0     1     1121.00      907.00        0.00
     0     1     1124.00      909.00        0.00
     0     1     1127.00      911.00        0.00
     0     1     1131.00      915.00        0.00
     0     1     1134.00      917.00        0.00
     0     1     1147.00      930.00        0.00
     0     1     1151.00      936.00        0.00
     0     1     1154.00      939.00        0.00
     0     1     1157.00      942.00        0.00
     0     1     1162.00      945.00        0.00
     0     1     1168.00      948.00        0.00
     0     1     1171.00      952.00        0.00
     0     1     1174.00      955.00        0.00
     0     1     1180.00      960.00        0.00
     0     1     1184.00      963.00        0.00
     0     1     1186.00      966.00        0.00
     0     1     1190.00      971.00        0.00
     0     1     1192.00      974.00        0.00
     0     1     1195.00      977.00        0.00
     0     1     1198.00      981.00        0.00
     0     1     1200.00      985.00        0.00
     0     1     1201.00      988.00        0.00
     0     1     1203.00      992.00        0.00
     0     1     1204.00      995.00        0.00
     0     1     1206.00      998.00        0.00
     0     1     1208.00     1001.00        0.00
     0     1     1209.00     1004.00        0.00
     0     1     1210.00     1007.00        0.00
     0     1     1211.00     1010.00        0.00
     0     1     1212.00     1013.00        0.00
     0     1     1213.00     1016.00        0.00
     0     1     1214.00     1019.00        0.00
     0     1     1214.00     1023.00        0.00
     0     1     1215.00     1026.00        0.00
     0     1     1215.00     1030.00        0.00
     0     1     1216.00     1033.00        0.00
     0     2      386.00      855.00        0.00
     0     2      383.00      857.00        0.00
     0     2      380.00      859.00        0.00
     0     2      377.00      860.00        0.00
     0     2      374.00      862.00        0.00
     0     2      370.00      863.00        0.00
     0     2      366.00      864.00        0.00
     0     2      360.00      865.00        0.00
     0     2      356.00      865.00        0.00
     0     2      352.00      865.00        0.00
     0     2      348.00      865.00        0.00
     0     2      344.00      866.00        0.00
     0     2      340.00      866.00        0.00
     0     2      335.00      866.00        0.00
     0     2      329.00      867.00        0.00
     0     2      325.00      867.00        0.00
     0     2      322.00      868.00        0.00
     0     2      318.00      869.00        0.00
     0     2      314.00      869.00        0.00
     0     2      309.00      870.00        0.00
     0     2      306.00      871.00        0.00
     0     2      301.00      871.00        0.00
     0     2      296.00      871.00        0.00
     0     2      291.00      871.00        0.00
     0     2      284.00      871.00        0.00
     0     2      278.00      871.00        0.00
     0     2      272.00      871.00        0.00
     0     2      267.00      870.00        0.00
     0     2      261.00      868.00        0.00
     0     2      257.00      867.00        0.00
     0     2      253.00      864.00        0.00
     0     2      249.00      862.00        0.00
     0     2      246.00      860.00        0.00
     0     2      243.00      858.00        0.00
     0     2      240.00      855.00        0.00
     0     2      237.00      853.00        0.00
     0     2      234.00      850.00        0.00
     0     2      230.00      847.00        0.00
     0     2      227.00      844.00        0.00
     0     2      225.00      841.00        0.00
     0     2      222.00      838.00        0.00
     0     2      220.00      835.00        0.00
     0     2      216.00      831.00        0.00
     0     2      214.00      826.00        0.00
     0     2      212.00      821.00        0.00
     0     2      208.00      814.00        0.00
     0     2      206.00      809.00        0.00
     0     2      205.00      805.00        0.00
     0     2      202.00      800.00        0.00
     0     2      201.00      797.00        0.00
     0     2      199.00      793.00        0.00
     0     2      199.00      788.00        0.00
     0     2      200.00      780.00        0.00
     0     2      201.00      775.00        0.00
     0     2      204.00      768.00        0.00
     0     2      206.00      763.00        0.00
     0     2      209.00      758.00        0.00
     0     2      212.00      753.00        0.00
     0     2      215.00      749.00        0.00
     0     2      218.00      745.00        0.00
     0     2      220.00      741.00        0.00
     0     2      224.00      736.00        0.00
     0     2      226.00      732.00        0.00
     0     2      229.00      727.00        0.00
     0     2      231.00      723.00        0.00
     0     2      234.00      719.00        0.00
     0     2      236.00      715.00        0.00
     0     2      238.00      710.00        0.00
     0     2      241.00      705.00        0.00
     0     2      242.00      701.00        0.00
     0     2      244.00      696.00        0.00
     0     2      246.00      689.00        0.00
     0     2      248.00      683.00        0.00
     0     2      250.00      677.00        0.00
     0     2      252.00      673.00        0.00
     0     2      254.00      667.00        0.00
     0     2      257.00      662.00        0.00
     0     2      260.00      657.00        0.00
     0     2      263.00      651.00        0.00
     0     2      266.00      646.00        0.00
     0     2      269.00      643.00        0.00
     0     2      271.00      640.00        0.00
     0     2      274.00      637.00        0.00
     0     2      277.00      635.00        0.00
     0     2      280.00      632.00        0.00
     0     2      283.00      630.00        0.00
     0     2      286.00      626.00        0.00
     0     2      290.00      622.00        0.00
     0     2      292.00      619.00        0.00
     0     2      296.00      615.00        0.00
     0     2      299.00      612.00        0.00
     0     2      302.00      607.00        0.00
     0     2      306.00      603.00        0.00
     0     2      309.00      600.00        0.00
     0     2      314.00      594.00        0.00
     0     2      319.00      591.00        0.00
     0     2      322.00      587.00        0.00
     0     2      328.00      582.00        0.00
     0     2      333.00      578.00        0.00
     0     2      337.00      574.00        0.00
     0     2      343.00      567.00        0.00
     0     2      348.00      562.00        0.00
     0     2      353.00      557.00        0.00
     0     2      359.00      552.00        0.00
     0     2      363.00      549.00        0.00
     0     2      368.00      546.00        0.00
     0     2      373.00      543.00        0.00
     0     2      376.00      541.00        0.00
     0     2      380.00      538.00        0.00
     0     2      383.00      535.00        0.00
     0     2      386.00      534.00        0.00
     0     2      389.00      533.00        0.00
     0     2      392.00      532.00        0.00
     0     2      395.00      530.00        0.00
     0     2      398.00      528.00        0.00
     0     2      401.00      526.00        0.00
     0     2      404.00      524.00        0.00
     0     2      407.00      523.00        0.00
     0     2      410.00      522.00        0.00
     0     2      413.00      521.00        0.00
     0     2      417.00      522.00        0.00
     0     2      421.00      524.00        0.00
     0     2      426.00      527.00        0.00
     0     2      431.00      528.00        0.00
     0     2      436.00      531.00        0.00
     0     2      440.00      533.00        0.00
     0     2      444.00      535.00        0.00
     0     2      449.00      537.00        0.00
     0     2      452.00      538.00        0.00
     0     2      456.00      540.00        0.00
     0     2      462.00      544.00        0.00
     0     2      466.00      547.00        0.00
     0     2      470.00      550.00        0.00
     0     2      471.00      553.00        0.00
     0     2      474.00      557.00        0.00
     0     2      476.00      561.00        0.00
     0     2      478.00      564.00        0.00
     0     2      480.00      571.00        0.00
     0     2      481.00      574.00        0.00
     0     2      482.00      579.00        0.00
     0     2      484.00      584.00        0.00
     0     2      486.00      589.00        0.00
     0     2      488.00      593.00        0.00
     0     2      490.00      598.00        0.00
     0     2      491.00      601.00        0.00
     0     2      493.00      605.00        0.00
     0     2      495.00      610.00        0.00
     0     2      497.00      614.00        0.00
     0     2      499.00      618.00        0.00
     0     2      501.00      622.00        0.00
     0     2      504.00      626.00        0.00
     0     2      506.00      629.00        0.00
     0     2      510.00      632.00        0.00
     0     2      512.00      635.00        0.00
     0     2      514.00      638.00        0.00
     0     2      517.00      641.00        0.00
     0     2      519.00      644.00        0.00
     0     2      521.00      648.00        0.00
     0     2      525.00      653.00        0.00
     0     2      529.00      657.00        0.00
     0     2      532.00      661.00        0.00
     0     2      535.00      665.00        0.00
     0     2      538.00      669.00        0.00
     0     2      541.00      673.00        0.00
     0     2      543.00      677.00        0.00
     0     2      544.00      680.00        0.00
     0     2      545.00      685.00        0.00
     0     2      546.00      688.00        0.00
     0     2      546.00      694.00        0.00
     0     2      545.00      698.00        0.00
     0     2      544.00      702.00        0.00
     0     2      542.00      705.00        0.00
     0     2      540.00      709.00        0.00
     0     2      537.00      712.00        0.00
     0     2      535.00      715.00        0.00
     0     2      532.00      718.00        0.00
     0     2      528.00      722.00        0.00
     0     2      524.00      724.00        0.00
     0     2      521.00      727.00        0.00
     0     2      518.00      730.00        0.00
     0     2      515.00      733.00        0.00
     0     2      512.00      736.00        0.00
     0     2      510.00      739.00        0.00
     0     2      506.00      742.00        0.00
     0     2      504.00      746.00        0.00
     0     2      501.00      750.00        0.00
     0     2      497.00      754.00        0.00
     0     2      494.00      758.00        0.00
     0     2      492.00      761.00        0.00
     0     2      489.00      765.00        0.00
     0     2      486.00      768.00        0.00
     0     2      483.00      771.00        0.00
     0     2      479.00      773.00        0.00
     0     2      476.00      775.00        0.00
     0     2      470.00      777.00        0.00
     0     2      467.00      779.00        0.00
     0     2      462.00      781.00        0.00
     0     2      457.00      784.00        0.00
     0     2      451.00      786.00        0.00
     0     2      447.00      789.00        0.00
     0     2      444.00      791.00        0.00
     0     2      439.00      794.00        0.00
     0     2      436.00      796.00        0.00
     0     2      434.00      800.00        0.00
     0     2      431.00      802.00        0.00
     0     2      428.00      805.00        0.00
     0     2      423.00      810.00        0.00
     0     2      420.00      812.00        0.00
     0     2      418.00      815.00        0.00
     0     2      415.00      818.00        0.00
     0     2      413.00      822.00        0.00
     0     2      411.00      826.00        0.00
     0     2      409.00      829.00        0.00
     0     2      408.00      832.00        0.00
     0     2      405.00      836.00        0.00
     0     2      403.00      840.00        0.00
     0     2      401.00      843.00        0.00
     0     2      398.00      845.00        0.00
     1     0     1023.00     1013.00        0.00
     1     0     1019.00     1013.00        0.00
     1     0     1015.00     1013.00        0.00
     1     0     1012.00     1012.00        0.00
     1     0     1009.00     1009.00        0.00
     1     0     1008.00     1006.00        0.00
     1     0     1008.00     1002.00        0.00
     1     0     1008.00      998.00        0.00
     1     0     1010.00      995.00        0.00
     1     0     1013.00      994.00        0.00
     1     0     1017.00      994.00        0.00
     1     0     1021.00      995.00        0.00
     1     0     1024.00      996.00        0.00
     1     0     1025.00      999.00        0.00
     1     0     1026.00     1002.00        0.00
     1     0     1025.00     1005.00        0.00
     1     1     1005.00      969.00        0.00
     1     1     1002.00      970.00        0.00
     1     1      998.00      971.00        0.00
     1     1      994.00      971.00        0.00
     1     1      991.00      970.00        0.00
     1     1      988.00      967.00        0.00
     1     1      987.00      964.00        0.00
     1     1      987.00      960.00        0.00
     1     1      988.00      956.00        0.00
     1     1      990.00      953.00        0.00
     1     1      993.00      950.00        0.00
     1     1      996.00      949.00        0.00
     1     1     1000.00      949.00        0.00
     1     1     1003.00      951.00        0.00
     1     1     1004.00      954.00        0.00
     1     1     1005.00      957.00        0.00
     1     1     1005.00      961.00        0.00
     1     2      494.00      573.00        0.00
     1     2      491.00      575.00        0.00
     1     2      488.00      576.00        0.00
     1     2      485.00      575.00        0.00
     1     2      482.00      574.00        0.00
     1     2      480.00      570.00        0.00
     1     2      480.00      566.00        0.00
     1     2      482.00      563.00        0.00
     1     2      485.00      562.00        0.00
     1     2      488.00      561.00        0.00
     1     2      492.00      561.00        0.00
     1     2      495.00      563.00        0.00
     1     2      496.00      566.00        0.00
     1     3      521.00      619.00        0.00
     1     3      519.00      622.00        0.00
     1     3      516.00      624.00        0.00
     1     3      513.00      625.00        0.00
     1     3      509.00      625.00        0.00
     1     3      506.00      622.00        0.00
     1     3      505.00      618.00        0.00
     1     3      504.00      613.00        0.00
     1     3      504.00      609.00        0.00
     1     3      504.00      604.00        0.00
     1     3      508.00      600.00        0.00
     1     3      511.00      598.00        0.00
     1     3      514.00      597.00        0.00
     1     3      518.00      599.00        0.00
     1     3      521.00      601.00        0.00
     1     3      523.00      604.00        0.00
     1     3      525.00      609.00        0.00
     1     3      524.00      613.00        0.00
