     0     0      658.67      517.33        0.00
     0     0      654.67      518.67        0.00
     0     0      650.67      518.67        0.00
     0     0      646.67      518.67        0.00
     0     0      642.67      518.67        0.00
     0     0      638.67      517.33        0.00
     0     0      634.67      517.33        0.00
     0     0      630.67      517.33        0.00
     0     0      626.67      517.33        0.00
     0     0      622.67      517.33        0.00
     0     0      618.67      517.33        0.00
     0     0      614.67      517.33        0.00
     0     0      610.67      517.33        0.00
     0     0      606.67      517.33        0.00
     0     0      602.67      516.00        0.00
     0     0      598.67      514.67        0.00
     0     0      594.67      513.33        0.00
     0     0      590.67      512.00        0.00
     0     0      586.67      510.67        0.00
     0     0      582.67      509.33        0.00
     0     0      580.00      506.67        0.00
     0     0      576.00      504.00        0.00
     0     0      572.00      501.33        0.00
     0     0      568.00      500.00        0.00
     0     0      565.33      497.33        0.00
     0     0      562.67      494.67        0.00
     0     0      558.67      493.33        0.00
     0     0      556.00      490.67        0.00
     0     0      553.33      488.00        0.00
     0     0      550.67      485.33        0.00
     0     0      546.67      484.00        0.00
     0     0      544.00      481.33        0.00
     0     0      541.33      478.67        0.00
     0     0      537.33      477.33        0.00
     0     0      534.67      474.67        0.00
     0     0      530.67      472.00        0.00
     0     0      528.00      469.33        0.00
     0     0      525.33      466.67        0.00
     0     0      522.67      464.00        0.00
     0     0      520.00      461.33        0.00
     0     0      518.67      457.33        0.00
     0     0      517.33      453.33        0.00
     0     0      516.00      449.33        0.00
     0     0      514.67      445.33        0.00
     0     0      512.00      441.33        0.00
     0     0      509.33      437.33        0.00
     0     0      508.00      433.33        0.00
     0     0      506.67      429.33        0.00
     0     0      505.33      425.33        0.00
     0     0      504.00      421.33        0.00
     0     0      502.67      417.33        0.00
     0     0      502.67      413.33        0.00
     0     0      501.33      409.33        0.00
     0     0      500.00      405.33        0.00
     0     0      500.00      401.33        0.00
     0     0      498.67      397.33        0.00
     0     0      498.67      393.33        0.00
     0     0      497.33      389.33        0.00
     0     0      496.00      385.33        0.00
     0     0      494.67      381.33        0.00
     0     0      492.00      377.33        0.00
     0     0      490.67      373.33        0.00
     0     0      489.33      369.33        0.00
     0     0      489.33      364.00        0.00
     0     0      488.00      360.00        0.00
     0     0      486.67      356.00        0.00
     0     0      485.33      352.00        0.00
     0     0      484.00      348.00        0.00
     0     0      482.67      344.00        0.00
     0     0      481.33      340.00        0.00
     0     0      478.67      336.00        0.00
     0     0      477.33      332.00        0.00
     0     0      476.00      328.00        0.00
     0     0      476.00      324.00        0.00
     0     0      473.33      321.33        0.00
     0     0      472.00      317.33        0.00
     0     0      470.67      313.33        0.00
     0     0      468.00      309.33        0.00
     0     0      466.67      305.33        0.00
     0     0      465.33      301.33        0.00
     0     0      462.67      298.67        0.00
     0     0      461.33      294.67        0.00
     0     0      458.67      292.00        0.00
     0     0      457.33      288.00        0.00
     0     0      454.67      285.33        0.00
     0     0      453.33      281.33        0.00
     0     0      450.67      278.67        0.00
     0     0      449.33      274.67        0.00
     0     0      446.67      272.00        0.00
     0     0      444.00      269.33        0.00
     0     0      441.33      265.33        0.00
     0     0      438.67      261.33        0.00
     0     0      436.00      258.67        0.00
     0     0      434.67      254.67        0.00
     0     0      432.00      252.00        0.00
     0     0      429.33      248.00        0.00
     0     0      428.00      244.00        0.00
     0     0      425.33      240.00        0.00
     0     0      422.67      236.00        0.00
     0     0      420.00      232.00        0.00
     0     0      418.67      228.00        0.00
     0     0      417.33      224.00        0.00
     0     0      416.00      220.00        0.00
     0     0      416.00      216.00        0.00
     0     0      416.00      212.00        0.00
     0     0      416.00      208.00        0.00
     0     0      416.00      204.00        0.00
     0     0      416.00      200.00        0.00
     0     0      417.33      196.00        0.00
     0     0      418.67      192.00        0.00
     0     0      420.00      188.00        0.00
     0     0      420.00      184.00        0.00
     0     0      421.33      180.00        0.00
     0     0      421.33      176.00        0.00
     0     0      422.67      172.00        0.00
     0     0      424.00      168.00        0.00
     0     0      426.67      164.00        0.00
     0     0      428.00      160.00        0.00
     0     0      429.33      156.00        0.00
     0     0      432.00      153.33        0.00
     0     0      434.67      149.33        0.00
     0     0      436.00      145.33        0.00
     0     0      438.67      140.00        0.00
     0     0      441.33      136.00        0.00
     0     0      442.67      132.00        0.00
     0     0      445.33      129.33        0.00
     0     0      446.67      125.33        0.00
     0     0      449.33      122.67        0.00
     0     0      452.00      120.00        0.00
     0     0      454.67      117.33        0.00
     0     0      498.67      101.33        0.00
     0     0      512.00      100.00        0.00
     0     0      516.00      101.33        0.00
     0     0      520.00      101.33        0.00
     0     0      524.00      101.33        0.00
     0     0      530.67      101.33        0.00
     0     0      536.00      101.33        0.00
     0     0      541.33      102.67        0.00
     0     0      546.67      102.67        0.00
     0     0      552.00      102.67        0.00
     0     0      556.00      102.67        0.00
     0     0      561.33      102.67        0.00
     0     0      565.33      101.33        0.00
     0     0      569.33      101.33        0.00
     0     0      573.33      101.33        0.00
     0     0      577.33      101.33        0.00
     0     0      581.33      101.33        0.00
     0     0      585.33      101.33        0.00
     0     0      589.33      102.67        0.00
     0     0      593.33      104.00        0.00
     0     0      597.33      105.33        0.00
     0     0      601.33      106.67        0.00
     0     0      605.33      108.00        0.00
     0     0      609.33      110.67        0.00
     0     0      613.33      112.00        0.00
     0     0      616.00      114.67        0.00
     0     0      620.00      117.33        0.00
     0     0      622.67      120.00        0.00
     0     0      625.33      122.67        0.00
     0     0      628.00      125.33        0.00
     0     0      629.33      129.33        0.00
     0     0      630.67      133.33        0.00
     0     0      632.00      137.33        0.00
     0     0      632.00      141.33        0.00
     0     0      632.00      145.33        0.00
     0     0      632.00      149.33        0.00
     0     0      633.33      153.33        0.00
     0     0      634.67      157.33        0.00
     0     0      636.00      161.33        0.00
     0     0      636.00      165.33        0.00
     0     0      637.33      169.33        0.00
     0     0      637.33      173.33        0.00
     0     0      637.33      177.33        0.00
     0     0      637.33      182.67        0.00
     0     0      638.67      186.67        0.00
     0     0      638.67      192.00        0.00
     0     0      638.67      196.00        0.00
     0     0      638.67      200.00        0.00
     0     0      638.67      204.00        0.00
     0     0      638.67      208.00        0.00
     0     0      638.67      213.33        0.00
     0     0      638.67      217.33        0.00
     0     0      640.00      221.33        0.00
     0     0      640.00      225.33        0.00
     0     0      642.67      230.67        0.00
     0     0      644.00      236.00        0.00
     0     0      644.00      240.00        0.00
     0     0      645.33      244.00        0.00
     0     0      646.67      248.00        0.00
     0     0      648.00      252.00        0.00
     0     0      648.00      256.00        0.00
     0     0      649.33      260.00        0.00
     0     0      649.33      264.00        0.00
     0     0      650.67      270.67        0.00
     0     0      650.67      274.67        0.00
     0     0      652.00      281.33        0.00
     0     0      654.67      285.33        0.00
     0     0      654.67      289.33        0.00
     0     0      656.00      293.33        0.00
     0     0      657.33      297.33        0.00
     0     0      658.67      302.67        0.00
     0     0      658.67      306.67        0.00
     0     0      660.00      312.00        0.00
     0     0      661.33      317.33        0.00
     0     0      662.67      321.33        0.00
     0     0      664.00      325.33        0.00
     0     0      666.67      329.33        0.00
     0     0      668.00      333.33        0.00
     0     0      670.67      336.00        0.00
     0     0      673.33      340.00        0.00
     0     0      674.67      344.00        0.00
     0     0      677.33      349.33        0.00
     0     0      680.00      353.33        0.00
     0     0      681.33      357.33        0.00
     0     0      684.00      361.33        0.00
     0     0      685.33      366.67        0.00
     0     0      688.00      370.67        0.00
     0     0      692.00      374.67        0.00
     0     0      696.00      378.67        0.00
     0     0      698.67      381.33        0.00
     0     0      702.67      385.33        0.00
     0     0      705.33      388.00        0.00
     0     0      708.00      392.00        0.00
     0     0      710.67      394.67        0.00
     0     0      714.67      398.67        0.00
     0     0      717.33      401.33        0.00
     0     0      720.00      404.00        0.00
     0     0      724.00      409.33        0.00
     0     0      726.67      412.00        0.00
     0     0      728.00      416.00        0.00
     0     0      729.33      420.00        0.00
     0     0      730.67      424.00        0.00
     0     0      732.00      428.00        0.00
     0     0      734.67      430.67        0.00
     0     0      734.67      434.67        0.00
     0     0      737.33      438.67        0.00
     0     0      738.67      442.67        0.00
     0     0      740.00      446.67        0.00
     0     0      741.33      450.67        0.00
     0     0      741.33      454.67        0.00
     0     0      740.00      458.67        0.00
     0     0      738.67      462.67        0.00
     0     0      737.33      466.67        0.00
     0     0      736.00      470.67        0.00
     0     0      733.33      473.33        0.00
     0     0      732.00      477.33        0.00
     0     0      729.33      480.00        0.00
     0     0      726.67      482.67        0.00
     0     0      724.00      485.33        0.00
     0     0      720.00      486.67        0.00
     0     0      717.33      489.33        0.00
     0     0      713.33      490.67        0.00
     0     0      710.67      493.33        0.00
     0     0      706.67      494.67        0.00
     0     0      702.67      494.67        0.00
     0     0      700.00      497.33        0.00
     0     0      696.00      497.33        0.00
     0     0      678.67      510.67        0.00
     0     1      453.00     1032.67        0.00
     0     1      451.67     1029.33        0.00
     0     1      451.00     1026.00        0.00
     0     1      451.00     1022.67        0.00
     0     1      450.33     1019.33        0.00
     0     1      451.00     1016.00        0.00
     0     1      451.67     1012.67        0.00
     0     1      452.33     1009.33        0.00
     0     1      453.67     1006.00        0.00
     0     1      455.00     1002.67        0.00
     0     1      456.33      999.33        0.00
     0     1      457.67      996.00        0.00
     0     1      459.00      992.67        0.00
     0     1      459.67      989.33        0.00
     0     1      461.00      986.00        0.00
     0     1      462.33      982.67        0.00
     0     1      463.00      979.33        0.00
     0     1      463.67      976.00        0.00
     0     1      463.67      972.67        0.00
     0     1      464.33      969.33        0.00
     0     1      464.33      966.00        0.00
     0     1      465.00      962.67        0.00
     0     1      465.00      959.33        0.00
     0     1      465.00      956.00        0.00
     0     1      465.67      952.67        0.00
     0     1      465.67      949.33        0.00
     0     1      465.67      946.00        0.00
     0     1      466.33      942.67        0.00
     0     1      466.33      939.33        0.00
     0     1      466.33      936.00        0.00
     0     1      466.33      932.67        0.00
     0     1      466.33      929.33        0.00
     0     1      466.33      926.00        0.00
     0     1      466.33      922.67        0.00
     0     1      465.67      919.33        0.00
     0     1      465.67      916.00        0.00
     0     1      465.67      912.67        0.00
     0     1      465.00      909.33        0.00
     0     1      465.00      906.00        0.00
     0     1      464.33      902.67        0.00
     0     1      464.33      899.33        0.00
     0     1      463.00      896.00        0.00
     0     1      462.33      892.67        0.00
     0     1      460.33      888.67        0.00
     0     1      459.00      884.67        0.00
     0     1      459.00      881.33        0.00
     0     1      459.00      878.00        0.00
     0     1      458.33      874.67        0.00
     0     1      458.33      871.33        0.00
     0     1      457.67      868.00        0.00
     0     1      457.67      864.67        0.00
     0     1      457.00      861.33        0.00
     0     1      456.33      858.00        0.00
     0     1      455.67      854.67        0.00
     0     1      455.00      851.33        0.00
     0     1      454.33      848.00        0.00
     0     1      453.67      844.67        0.00
     0     1      453.00      841.33        0.00
     0     1      451.67      838.00        0.00
     0     1      451.00      834.67        0.00
     0     1      449.67      831.33        0.00
     0     1      448.33      828.00        0.00
     0     1      447.00      824.67        0.00
     0     1      445.67      821.33        0.00
     0     1      443.67      818.00        0.00
     0     1      442.33      814.67        0.00
     0     1      441.67      811.33        0.00
     0     1      440.33      808.00        0.00
     0     1      439.67      804.67        0.00
     0     1      439.00      801.33        0.00
     0     1      438.33      798.00        0.00
     0     1      437.67      794.67        0.00
     0     1      437.67      791.33        0.00
     0     1      437.67      788.00        0.00
     0     1      437.00      784.67        0.00
     0     1      437.00      781.33        0.00
     0     1      436.33      778.00        0.00
     0     1      436.33      774.67        0.00
     0     1      436.33      771.33        0.00
     0     1      435.67      768.00        0.00
     0     1      435.00      764.67        0.00
     0     1      433.67      761.33        0.00
     0     1      431.67      758.67        0.00
     0     1      429.67      756.00        0.00
     0     1      427.67      753.33        0.00
     0     1      425.00      750.67        0.00
     0     1      422.33      748.00        0.00
     0     1      420.33      744.67        0.00
     0     1      418.33      742.00        0.00
     0     1      416.33      739.33        0.00
     0     1      414.33      736.67        0.00
     0     1      412.33      733.33        0.00
     0     1      411.00      730.00        0.00
     0     1      409.00      726.00        0.00
     0     1      407.00      722.67        0.00
     0     1      405.67      719.33        0.00
     0     1      405.00      716.00        0.00
     0     1      403.67      712.67        0.00
     0     1      403.67      709.33        0.00
     0     1      403.00      706.00        0.00
     0     1      402.33      702.67        0.00
     0     1      401.00      684.67        0.00
     0     1      397.00      678.67        0.00
     0     1      395.67      675.33        0.00
     0     1      393.67      672.67        0.00
     0     1      391.67      670.00        0.00
     0     1      389.67      666.67        0.00
     0     1      387.67      663.33        0.00
     0     1      387.00      660.00        0.00
     0     1      385.00      657.33        0.00
     0     1      383.00      654.67        0.00
     0     1      381.67      651.33        0.00
     0     1      380.33      648.00        0.00
     0     1      379.67      644.67        0.00
     0     1      379.00      641.33        0.00
     0     1      378.33      638.00        0.00
     0     1      378.33      634.67        0.00
     0     1      377.67      631.33        0.00
     0     1      377.00      628.00        0.00
     0     1      375.67      623.33        0.00
     0     1      375.00      618.67        0.00
     0     1      374.33      615.33        0.00
     0     1      374.33      612.00        0.00
     0     1      373.67      608.00        0.00
     0     1      373.00      604.67        0.00
     0     1      372.33      601.33        0.00
     0     1      371.00      598.00        0.00
     0     1      369.00      594.67        0.00
     0     1      367.67      591.33        0.00
     0     1      365.67      588.00        0.00
     0     1      363.67      585.33        0.00
     0     1      361.67      581.33        0.00
     0     1      359.00      578.67        0.00
     0     1      357.00      576.00        0.00
     0     1      355.67      572.67        0.00
     0     1      354.33      569.33        0.00
     0     1      351.67      564.67        0.00
     0     1      350.33      561.33        0.00
     0     1      349.67      558.00        0.00
     0     1      348.33      554.67        0.00
     0     1      347.00      551.33        0.00
     0     1      345.67      548.00        0.00
     0     1      343.67      544.67        0.00
     0     1      342.33      541.33        0.00
     0     1      341.67      538.00        0.00
     0     1      328.33      516.67        0.00
     0     1      324.33      510.67        0.00
     0     1      322.33      507.33        0.00
     0     1      321.67      504.00        0.00
     0     1      319.67      500.67        0.00
     0     1      318.33      497.33        0.00
     0     1      317.67      494.00        0.00
     0     1      316.33      490.00        0.00
     0     1      315.67      486.67        0.00
     0     1      314.33      483.33        0.00
     0     1      313.67      480.00        0.00
     0     1      312.33      476.00        0.00
     0     1      311.67      472.00        0.00
     0     1      310.33      468.00        0.00
     0     1      309.00      464.00        0.00
     0     1      307.67      460.67        0.00
     0     1      306.33      456.67        0.00
     0     1      305.00      453.33        0.00
     0     1      303.00      450.00        0.00
     0     1      301.00      446.67        0.00
     0     1      299.00      444.00        0.00
     0     1      297.00      440.67        0.00
     0     1      295.00      438.00        0.00
     0     1      293.00      434.67        0.00
     0     1      291.67      431.33        0.00
     0     1      289.67      428.67        0.00
     0     1      288.33      425.33        0.00
     0     1      286.33      422.00        0.00
     0     1      284.33      418.00        0.00
     0     1      282.33      414.67        0.00
     0     1      281.67      411.33        0.00
     0     1      279.67      408.00        0.00
     0     1      279.00      404.00        0.00
     0     1      277.67      400.67        0.00
     0     1      276.33      396.67        0.00
     0     1      274.33      394.00        0.00
     0     1      273.00      390.67        0.00
     0     1      271.00      388.00        0.00
     0     1      269.00      384.67        0.00
     0     1      267.00      382.00        0.00
     0     1      265.00      379.33        0.00
     0     1      263.00      376.67        0.00
     0     1      261.00      374.00        0.00
     0     1      259.00      371.33        0.00
     0     1      256.33      369.33        0.00
     0     1      255.00      366.00        0.00
     0     1      253.00      363.33        0.00
     0     1      251.00      360.67        0.00
     0     1      249.67      356.67        0.00
     0     1      247.67      353.33        0.00
     0     1      245.67      350.00        0.00
     0     1      244.33      346.67        0.00
     0     1      243.00      343.33        0.00
     0     1      241.00      340.67        0.00
     0     1      238.33      338.00        0.00
     0     1      235.67      335.33        0.00
     0     1      233.00      333.33        0.00
     0     1      231.00      330.67        0.00
     0     1      229.00      328.00        0.00
     0     1      227.00      325.33        0.00
     0     1      225.00      322.67        0.00
     0     1      223.00      320.00        0.00
     0     1      221.00      316.00        0.00
     0     1      219.67      312.67        0.00
     0     1      219.00      309.33        0.00
     0     1      219.00      306.00        0.00
     0     1      219.00      302.67        0.00
     0     1      219.00      298.67        0.00
     0     1      219.00      295.33        0.00
     0     1      219.67      292.00        0.00
     0     1      219.67      288.67        0.00
     0     1      219.67      285.33        0.00
     0     1      220.33      282.00        0.00
     0     1      220.33      278.67        0.00
     0     1      219.67      275.33        0.00
     0     1      219.00      272.00        0.00
     0     1      219.00      268.67        0.00
     0     1      219.00      265.33        0.00
     0     1      219.00      262.00        0.00
     0     1      219.00      258.67        0.00
     0     1      219.00      255.33        0.00
     0     1      219.67      252.00        0.00
     0     1      219.67      248.67        0.00
     0     1      219.67      245.33        0.00
     0     1      219.67      242.00        0.00
     0     1      220.33      238.00        0.00
     0     1      221.67      234.67        0.00
     0     1      222.33      231.33        0.00
     0     1      224.33      227.33        0.00
     0     1      226.33      224.67        0.00
     0     1      228.33      222.00        0.00
     0     1      229.00      218.67        0.00
     0     1      231.00      216.00        0.00
     0     1      232.33      212.67        0.00
     0     1      234.33      210.00        0.00
     0     1      236.33      207.33        0.00
     0     1      239.67      205.33        0.00
     0     1      253.67      185.33        0.00
     0     1      259.00      180.67        0.00
     0     1      262.33      179.33        0.00
     0     1      265.67      178.00        0.00
     0     1      269.00      177.33        0.00
     0     1      272.33      177.33        0.00
     0     1      275.67      177.33        0.00
     0     1      279.00      178.00        0.00
     0     1      282.33      178.67        0.00
     0     1      285.67      179.33        0.00
     0     1      289.00      180.67        0.00
     0     1      292.33      181.33        0.00
     0     1      295.67      182.00        0.00
     0     1      299.00      182.67        0.00
     0     1      302.33      184.00        0.00
     0     1      305.67      185.33        0.00
     0     1      309.67      186.67        0.00
     0     1      313.00      188.67        0.00
     0     1      317.00      190.00        0.00
     0     1      320.33      192.00        0.00
     0     1      324.33      194.00        0.00
     0     1      329.00      196.00        0.00
     0     1      333.00      197.33        0.00
     0     1      337.00      199.33        0.00
     0     1      340.33      200.67        0.00
     0     1      343.67      202.67        0.00
     0     1      347.00      204.67        0.00
     0     1      351.00      206.00        0.00
     0     1      354.33      207.33        0.00
     0     1      357.67      208.67        0.00
     0     1      360.33      210.67        0.00
     0     1      363.67      212.00        0.00
     0     1      367.00      214.00        0.00
     0     1      369.67      216.00        0.00
     0     1      372.33      218.00        0.00
     0     1      375.00      220.67        0.00
     0     1      377.67      223.33        0.00
     0     1      380.33      226.00        0.00
     0     1      382.33      228.67        0.00
     0     1      384.33      231.33        0.00
     0     1      386.33      234.00        0.00
     0     1      388.33      237.33        0.00
     0     1      390.33      240.00        0.00
     0     1      391.67      243.33        0.00
     0     1      393.67      246.00        0.00
     0     1      395.67      249.33        0.00
     0     1      399.00      254.00        0.00
     0     1      401.67      258.00        0.00
     0     1      404.33      260.67        0.00
     0     1      406.33      263.33        0.00
     0     1      410.33      266.00        0.00
     0     1      413.00      268.67        0.00
     0     1      415.67      271.33        0.00
     0     1      418.33      273.33        0.00
     0     1      420.33      276.00        0.00
     0     1      422.33      278.67        0.00
     0     1      425.00      281.33        0.00
     0     1      427.00      284.00        0.00
     0     1      428.33      287.33        0.00
     0     1      430.33      290.00        0.00
     0     1      431.67      293.33        0.00
     0     1      433.00      296.67        0.00
     0     1      434.33      300.00        0.00
     0     1      435.00      303.33        0.00
     0     1      436.33      306.67        0.00
     0     1      437.67      310.67        0.00
     0     1      438.33      314.67        0.00
     0     1      439.67      318.00        0.00
     0     1      441.00      321.33        0.00
     0     1      442.33      324.67        0.00
     0     1      443.00      328.67        0.00
     0     1      443.67      332.00        0.00
     0     1      445.00      335.33        0.00
     0     1      445.67      338.67        0.00
     0     1      447.00      342.00        0.00
     0     1      448.33      345.33        0.00
     0     1      448.33      348.67        0.00
     0     1      449.00      352.67        0.00
     0     1      449.67      356.00        0.00
     0     1      450.33      359.33        0.00
     0     1      450.33      363.33        0.00
     0     1      451.00      366.67        0.00
     0     1      451.00      370.00        0.00
     0     1      452.33      374.00        0.00
     0     1      453.00      377.33        0.00
     0     1      454.33      380.67        0.00
     0     1      455.00      384.00        0.00
     0     1      456.33      387.33        0.00
     0     1      457.00      390.67        0.00
     0     1      458.33      394.00        0.00
     0     1      459.67      397.33        0.00
     0     1      461.00      400.67        0.00
     0     1      462.33      404.00        0.00
     0     1      464.33      406.67        0.00
     0     1      465.67      410.00        0.00
     0     1      467.00      413.33        0.00
     0     1      468.33      416.67        0.00
     0     1      469.00      420.00        0.00
     0     1      470.33      423.33        0.00
     0     1      471.67      426.67        0.00
     0     1      473.67      430.67        0.00
     0     1      474.33      434.00        0.00
     0     1      475.00      438.67        0.00
     0     1      475.00      443.33        0.00
     0     1      475.00      447.33        0.00
     0     1      475.00      450.67        0.00
     0     1      476.33      454.00        0.00
     0     1      477.00      457.33        0.00
     0     1      477.67      460.67        0.00
     0     1      479.00      464.67        0.00
     0     1      480.33      468.00        0.00
     0     1      481.67      471.33        0.00
     0     1      482.33      474.67        0.00
     0     1      482.33      478.00        0.00
     0     1      482.33      481.33        0.00
     0     1      483.00      484.67        0.00
     0     1      483.00      488.00        0.00
     0     1      492.67      530.00        0.00
     0     1      494.00      536.67        0.00
     0     1      495.33      540.00        0.00
     0     1      497.33      543.33        0.00
     0     1      499.33      546.00        0.00
     0     1      501.33      548.67        0.00
     0     1      503.33      552.00        0.00
     0     1      505.33      554.67        0.00
     0     1      506.67      558.00        0.00
     0     1      508.00      561.33        0.00
     0     1      509.33      565.33        0.00
     0     1      510.67      568.67        0.00
     0     1      512.00      572.00        0.00
     0     1      512.67      575.33        0.00
     0     1      514.00      578.67        0.00
     0     1      516.00      582.00        0.00
     0     1      518.00      585.33        0.00
     0     1      520.00      588.67        0.00
     0     1      522.00      592.00        0.00
     0     1      523.33      595.33        0.00
     0     1      524.00      598.67        0.00
     0     1      524.67      602.67        0.00
     0     1      526.00      606.00        0.00
     0     1      528.00      608.67        0.00
     0     1      532.00      612.00        0.00
     0     1      535.33      616.67        0.00
     0     1      536.67      620.00        0.00
     0     1      538.00      624.00        0.00
     0     1      540.00      626.67        0.00
     0     1      542.67      629.33        0.00
     0     1      545.33      632.00        0.00
     0     1      548.00      635.33        0.00
     0     1      550.00      638.00        0.00
     0     1      554.00      642.67        0.00
     0     1      557.33      646.67        0.00
     0     1      559.33      650.00        0.00
     0     1      561.33      654.00        0.00
     0     1      563.33      657.33        0.00
     0     1      565.33      660.67        0.00
     0     1      567.33      664.67        0.00
     0     1      570.00      668.00        0.00
     0     1      573.33      672.67        0.00
     0     1      575.33      676.00        0.00
     0     1      577.33      678.67        0.00
     0     1      580.00      681.33        0.00
     0     1      582.00      684.00        0.00
     0     1      584.67      686.67        0.00
     0     1      587.33      689.33        0.00
     0     1      589.33      692.00        0.00
     0     1      591.33      694.67        0.00
     0     1      593.33      698.00        0.00
     0     1      594.00      701.33        0.00
     0     1      595.33      704.67        0.00
     0     1      597.33      708.00        0.00
     0     1      599.33      710.67        0.00
     0     1      600.67      714.00        0.00
     0     1      603.33      716.00        0.00
     0     1      605.33      718.67        0.00
     0     1      607.33      721.33        0.00
     0     1      610.00      724.00        0.00
     0     1      612.00      726.67        0.00
     0     1      614.67      728.67        0.00
     0     1      616.67      731.33        0.00
     0     1      624.00      751.67        0.00
     0     1      623.33      755.00        0.00
     0     1      623.33      758.33        0.00
     0     1      623.33      761.67        0.00
     0     1      625.33      764.33        0.00
     0     1      626.00      767.67        0.00
     0     1      627.33      771.00        0.00
     0     1      628.67      774.33        0.00
     0     1      630.00      777.67        0.00
     0     1      632.00      780.33        0.00
     0     1      634.00      783.67        0.00
     0     1      635.33      787.00        0.00
     0     1      637.33      789.67        0.00
     0     1      638.67      793.00        0.00
     0     1      640.67      796.33        0.00
     0     1      642.00      799.67        0.00
     0     1      644.00      803.00        0.00
     0     1      645.33      806.33        0.00
     0     1      646.67      809.67        0.00
     0     1      647.33      813.67        0.00
     0     1      648.00      817.00        0.00
     0     1      648.00      820.33        0.00
     0     1      648.67      823.67        0.00
     0     1      649.33      827.00        0.00
     0     1      650.00      830.33        0.00
     0     1      650.67      833.67        0.00
     0     1      651.33      837.67        0.00
     0     1      651.33      841.00        0.00
     0     1      652.00      844.33        0.00
     0     1      652.67      847.67        0.00
     0     1      653.33      851.00        0.00
     0     1      653.33      854.33        0.00
     0     1      653.33      857.67        0.00
     0     1      654.00      861.00        0.00
     0     1      654.00      866.33        0.00
     0     1      654.00      870.33        0.00
     0     1      654.00      875.00        0.00
     0     1      654.00      879.00        0.00
     0     1      654.00      883.00        0.00
     0     1      654.00      886.33        0.00
     0     1      654.67      890.33        0.00
     0     1      654.67      894.33        0.00
     0     1      654.67      897.67        0.00
     0     1      654.00      901.00        0.00
     0     1      654.00      904.33        0.00
     0     1      654.00      907.67        0.00
     0     1      654.00      911.00        0.00
     0     1      654.00      914.33        0.00
     0     1      654.00      917.67        0.00
     0     1      654.00      921.00        0.00
     0     1      654.00      924.33        0.00
     0     1      654.00      928.33        0.00
     0     1      656.00      931.67        0.00
     0     1      656.67      935.00        0.00
     0     1      657.33      938.33        0.00
     0     1      658.67      942.33        0.00
     0     1      659.33      945.67        0.00
     0     1      660.67      949.67        0.00
     0     1      661.33      953.67        0.00
     0     1      662.00      957.00        0.00
     0     1      663.33      960.33        0.00
     0     1      664.00      963.67        0.00
     0     1      665.33      967.00        0.00
     0     1      665.33      970.33        0.00
     0     1      665.33      973.67        0.00
     0     1      670.33      991.67        0.00
     0     1      671.67      998.33        0.00
     0     1      672.33     1001.67        0.00
     0     1      673.00     1005.00        0.00
     0     1      675.00     1008.33        0.00
     0     1      677.00     1011.00        0.00
     0     1      679.00     1013.67        0.00
     0     1      680.33     1017.00        0.00
     0     1      683.00     1019.00        0.00
     0     1      685.67     1021.67        0.00
     0     1      688.33     1023.67        0.00
     0     1      691.00     1025.67        0.00
     0     1      693.67     1028.33        0.00
     0     1      695.00     1031.67        0.00
     0     2      729.67     1029.67        0.00
     0     2      726.33     1028.33        0.00
     0     2      724.33     1025.00        0.00
     0     2      722.33     1022.33        0.00
     0     2      721.00     1019.00        0.00
     0     2      719.00     1016.33        0.00
     0     2      718.33     1013.00        0.00
     0     2      717.00     1009.67        0.00
     0     2      715.67     1006.33        0.00
     0     2      715.00     1003.00        0.00
     0     2      713.67      999.67        0.00
     0     2      712.33      996.33        0.00
     0     2      711.67      993.00        0.00
     0     2      710.33      989.67        0.00
     0     2      709.67      986.33        0.00
     0     2      708.33      983.00        0.00
     0     2      706.33      980.33        0.00
     0     2      705.00      977.00        0.00
     0     2      703.67      973.67        0.00
     0     2      702.33      970.33        0.00
     0     2      701.00      967.00        0.00
     0     2      700.33      963.00        0.00
     0     2      699.00      959.67        0.00
     0     2      698.33      956.33        0.00
     0     2      697.67      952.33        0.00
     0     2      697.00      949.00        0.00
     0     2      696.33      945.67        0.00
     0     2      695.67      941.67        0.00
     0     2      695.67      938.33        0.00
     0     2      695.00      935.00        0.00
     0     2      694.33      931.67        0.00
     0     2      693.67      928.33        0.00
     0     2      692.33      925.00        0.00
     0     2      691.00      921.67        0.00
     0     2      689.67      918.33        0.00
     0     2      688.33      915.00        0.00
     0     2      687.00      911.00        0.00
     0     2      685.00      907.67        0.00
     0     2      683.67      903.67        0.00
     0     2      681.67      900.33        0.00
     0     2      680.33      897.00        0.00
     0     2      677.67      893.67        0.00
     0     2      675.67      891.00        0.00
     0     2      673.67      887.67        0.00
     0     2      672.33      884.33        0.00
     0     2      671.00      881.00        0.00
     0     2      669.00      877.67        0.00
     0     2      668.33      874.33        0.00
     0     2      667.67      871.00        0.00
     0     2      666.33      867.67        0.00
     0     2      667.00      864.33        0.00
     0     2      667.00      861.00        0.00
     0     2      667.00      857.67        0.00
     0     2      667.67      854.33        0.00
     0     2      667.67      851.00        0.00
     0     2      668.33      847.67        0.00
     0     2      669.00      844.33        0.00
     0     2      669.67      841.00        0.00
     0     2      670.33      837.67        0.00
     0     2      671.00      834.33        0.00
     0     2      671.00      831.00        0.00
     0     2      671.00      827.67        0.00
     0     2      671.00      824.33        0.00
     0     2      671.00      821.00        0.00
     0     2      669.67      817.67        0.00
     0     2      667.67      814.33        0.00
     0     2      666.33      811.00        0.00
     0     2      665.00      807.67        0.00
     0     2      663.67      804.33        0.00
     0     2      663.00      800.33        0.00
     0     2      662.33      797.00        0.00
     0     2      662.33      793.67        0.00
     0     2      661.67      790.33        0.00
     0     2      661.67      787.00        0.00
     0     2      661.67      783.00        0.00
     0     2      661.67      779.67        0.00
     0     2      662.33      776.33        0.00
     0     2      663.00      773.00        0.00
     0     2      664.33      769.67        0.00
     0     2      666.33      767.00        0.00
     0     2      667.67      763.67        0.00
     0     2      668.33      760.33        0.00
     0     2      668.33      757.00        0.00
     0     2      668.33      753.67        0.00
     0     2      668.33      750.33        0.00
     0     2      668.33      747.00        0.00
     0     2      668.00      729.67        0.00
     0     2      666.67      723.00        0.00
     0     2      666.00      719.67        0.00
     0     2      666.00      716.33        0.00
     0     2      665.33      713.00        0.00
     0     2      664.67      709.67        0.00
     0     2      664.67      706.33        0.00
     0     2      664.00      702.33        0.00
     0     2      664.00      699.00        0.00
     0     2      664.00      695.67        0.00
     0     2      664.00      691.67        0.00
     0     2      664.67      688.33        0.00
     0     2      665.33      685.00        0.00
     0     2      666.00      681.67        0.00
     0     2      667.33      678.33        0.00
     0     2      669.33      675.67        0.00
     0     2      671.33      673.00        0.00
     0     2      674.00      670.33        0.00
     0     2      676.00      667.67        0.00
     0     2      678.00      665.00        0.00
     0     2      679.33      661.67        0.00
     0     2      680.67      658.33        0.00
     0     2      682.00      655.00        0.00
     0     2      682.67      651.67        0.00
     0     2      682.67      648.33        0.00
     0     2      683.33      645.00        0.00
     0     2      684.00      641.67        0.00
     0     2      685.33      637.67        0.00
     0     2      686.00      634.33        0.00
     0     2      686.67      631.00        0.00
     0     2      687.33      627.67        0.00
     0     2      688.00      624.33        0.00
     0     2      688.00      621.00        0.00
     0     2      688.67      617.67        0.00
     0     2      688.67      614.33        0.00
     0     2      689.33      611.00        0.00
     0     2      689.33      607.67        0.00
     0     2      690.00      604.33        0.00
     0     2      690.67      601.00        0.00
     0     2      692.00      597.67        0.00
     0     2      693.33      594.33        0.00
     0     2      694.67      591.00        0.00
     0     2      696.00      587.67        0.00
     0     2      696.67      584.33        0.00
     0     2      698.00      581.00        0.00
     0     2      698.67      577.67        0.00
     0     2      698.67      574.33        0.00
     0     2      699.33      570.33        0.00
     0     2      699.33      567.00        0.00
     0     2      700.00      563.67        0.00
     0     2      700.00      559.67        0.00
     0     2      700.00      555.67        0.00
     0     2      700.00      551.67        0.00
     0     2      700.67      547.00        0.00
     0     2      701.33      543.67        0.00
     0     2      702.67      540.33        0.00
     0     2      704.00      537.00        0.00
     0     2      704.67      533.00        0.00
     0     2      706.00      529.67        0.00
     0     2      707.33      526.33        0.00
     0     2      708.00      523.00        0.00
     0     2      710.00      519.67        0.00
     0     2      712.00      516.33        0.00
     0     2      714.67      513.67        0.00
     0     2      716.67      511.00        0.00
     0     2      719.33      508.33        0.00
     0     2      721.33      505.00        0.00
     0     2      723.33      502.33        0.00
     0     2      725.33      499.67        0.00
     0     2      728.00      497.67        0.00
     0     2      730.67      495.67        0.00
     0     2      734.00      494.33        0.00
     0     2      737.33      493.00        0.00
     0     2      740.67      491.67        0.00
     0     2      744.00      491.00        0.00
     0     2      747.33      490.33        0.00
     0     2      750.67      489.00        0.00
     0     2      754.00      488.33        0.00
     0     2      757.33      487.67        0.00
     0     2      760.67      487.00        0.00
     0     2      764.00      487.00        0.00
     0     2      767.33      488.33        0.00
     0     2      770.67      488.33        0.00
     0     2      774.00      488.33        0.00
     0     2      777.33      489.00        0.00
     0     2      780.67      489.00        0.00
     0     2      784.67      489.00        0.00
     0     2      788.00      489.00        0.00
     0     2      791.33      490.33        0.00
     0     2      794.00      492.33        0.00
     0     2      796.67      494.33        0.00
     0     2      800.00      497.00        0.00
     0     2      802.67      499.00        0.00
     0     2      805.33      501.67        0.00
     0     2      807.33      504.33        0.00
     0     2      810.67      506.33        0.00
     0     2      814.00      508.33        0.00
     0     2      816.67      510.33        0.00
     0     2      820.00      511.67        0.00
     0     2      824.00      513.67        0.00
     0     2      827.33      515.67        0.00
     0     2      830.67      517.67        0.00
     0     2      834.00      519.67        0.00
     0     2      836.67      521.67        0.00
     0     2      838.67      524.33        0.00
     0     2      841.33      527.00        0.00
     0     2      843.33      530.33        0.00
     0     2      845.33      533.00        0.00
     0     2      847.33      535.67        0.00
     0     2      848.67      539.00        0.00
     0     2      850.00      542.33        0.00
     0     2      852.00      545.00        0.00
     0     2      853.33      548.33        0.00
     0     2      854.67      551.67        0.00
     0     2      856.67      555.00        0.00
     0     2      857.33      558.33        0.00
     0     2      858.00      562.33        0.00
     0     2      858.67      565.67        0.00
     0     2      859.33      569.00        0.00
     0     2      860.00      572.33        0.00
     0     2      860.67      575.67        0.00
     0     2      861.33      579.00        0.00
     0     2      861.33      582.33        0.00
     0     2      861.33      585.67        0.00
     0     2      861.33      589.00        0.00
     0     2      861.33      592.33        0.00
     0     2      861.33      595.67        0.00
     0     2      860.67      599.00        0.00
     0     2      860.67      602.33        0.00
     0     2      860.00      605.67        0.00
     0     2      860.00      609.67        0.00
     0     2      859.33      613.00        0.00
     0     2      858.67      616.33        0.00
     0     2      858.00      619.67        0.00
     0     2      858.00      623.00        0.00
     0     2      858.00      627.00        0.00
     0     2      858.00      631.67        0.00
     0     2      858.00      635.00        0.00
     0     2      858.67      639.67        0.00
     0     2      859.33      643.67        0.00
     0     2      860.00      647.00        0.00
     0     2      862.67      651.67        0.00
     0     2      863.33      655.00        0.00
     0     2      865.33      658.33        0.00
     0     2      866.67      661.67        0.00
     0     2      868.00      665.00        0.00
     0     2      869.33      668.33        0.00
     0     2      870.00      671.67        0.00
     0     2      870.67      675.00        0.00
     0     2      871.33      678.33        0.00
     0     2      872.67      681.67        0.00
     0     2      874.67      685.67        0.00
     0     2      875.33      689.00        0.00
     0     2      876.00      692.33        0.00
     0     2      876.00      695.67        0.00
     0     2      876.67      701.00        0.00
     0     2      876.67      704.33        0.00
     0     2      876.67      709.67        0.00
     0     2      876.67      713.00        0.00
     0     2      876.67      716.33        0.00
     0     2      876.00      719.67        0.00
     0     2      875.33      723.67        0.00
     0     2      874.67      727.00        0.00
     0     2      874.00      730.33        0.00
     0     2      873.33      733.67        0.00
     0     2      872.67      737.00        0.00
     0     2      872.00      740.33        0.00
     0     2      871.33      743.67        0.00
     0     2      870.67      747.00        0.00
     0     2      870.00      750.33        0.00
     0     2      870.00      753.67        0.00
     0     2      869.33      757.67        0.00
     0     2      868.67      761.00        0.00
     0     2      868.00      764.33        0.00
     0     2      867.33      767.67        0.00
     0     2      866.67      771.00        0.00
     0     2      866.67      774.33        0.00
     0     2      867.33      777.67        0.00
     0     2      868.00      781.00        0.00
     0     2      869.33      784.33        0.00
     0     2      870.00      787.67        0.00
     0     2      870.67      791.00        0.00
     0     2      871.33      795.00        0.00
     0     2      872.00      799.00        0.00
     0     2      872.00      803.00        0.00
     0     2      872.67      806.33        0.00
     0     2      872.67      809.67        0.00
     0     2      872.67      813.00        0.00
     0     2      872.00      816.33        0.00
     0     2      872.00      819.67        0.00
     0     2      872.67      823.00        0.00
     0     2      874.00      826.33        0.00
     0     2      876.00      829.00        0.00
     0     2      877.33      832.33        0.00
     0     2      878.67      835.67        0.00
     0     2      880.67      838.33        0.00
     0     2      882.67      841.00        0.00
     0     2      882.67      856.67        0.00
     0     2      883.33      863.33        0.00
     0     2      884.67      867.33        0.00
     0     2      885.33      870.67        0.00
     0     2      886.67      875.33        0.00
     0     2      887.33      878.67        0.00
     0     2      888.00      882.00        0.00
     0     2      890.00      885.33        0.00
     0     2      890.67      888.67        0.00
     0     2      891.33      892.00        0.00
     0     2      892.67      895.33        0.00
     0     2      894.67      898.00        0.00
     0     2      896.67      901.33        0.00
     0     2      897.33      904.67        0.00
     0     2      898.67      908.00        0.00
     0     2      898.67      911.33        0.00
     0     2      899.33      914.67        0.00
     0     2      900.00      918.67        0.00
     0     2      900.67      922.00        0.00
     0     2      901.33      925.33        0.00
     0     2      902.00      928.67        0.00
     0     2      902.00      932.00        0.00
     0     2      902.00      935.33        0.00
     0     2      902.00      938.67        0.00
     0     2      902.00      942.00        0.00
     0     2      902.00      945.33        0.00
     0     2      902.00      948.67        0.00
     0     2      902.67      952.00        0.00
     0     2      902.67      955.33        0.00
     0     2      902.00      958.67        0.00
     0     2      901.33      962.00        0.00
     0     2      900.67      965.33        0.00
     0     2      900.00      968.67        0.00
     0     2      899.33      972.00        0.00
     0     2      899.33      976.00        0.00
     0     2      898.67      979.33        0.00
     0     2      898.00      982.67        0.00
     0     2      897.33      986.67        0.00
     0     2      896.67      990.67        0.00
     0     2      895.33      994.00        0.00
     0     2      894.67      997.33        0.00
     0     2      893.33     1000.67        0.00
     0     2      892.67     1004.00        0.00
     0     2      892.00     1007.33        0.00
     0     2      892.00     1010.67        0.00
     0     2      892.00     1014.00        0.00
     0     2      892.00     1017.33        0.00
     0     2      891.33     1020.67        0.00
     0     2      890.67     1024.00        0.00
     0     2      889.33     1027.33        0.00
     0     2      888.00     1030.67        0.00
     0     2      885.33     1033.33        0.00
     1     0      344.33      176.67        0.00
     1     0      351.00      176.67        0.00
     1     0      353.67      178.67        0.00
     1     0      356.33      181.33        0.00
     1     0      357.67      184.67        0.00
     1     0      357.67      188.00        0.00
     1     0      357.00      191.33        0.00
     1     0      355.00      194.00        0.00
     1     0      352.33      196.67        0.00
     1     0      349.67      198.67        0.00
     1     0      347.00      200.67        0.00
     1     0      343.67      201.33        0.00
     1     0      340.33      201.33        0.00
     1     0      337.67      199.33        0.00
     1     0      335.00      196.67        0.00
     1     0      333.00      193.33        0.00
     1     0      332.33      190.00        0.00
     1     0      331.67      186.67        0.00
     1     0      331.00      183.33        0.00
     1     0      331.67      180.00        0.00
     1     0      334.33      177.33        0.00
     1     0      337.67      176.67        0.00
     1     1      421.67      240.67        0.00
     1     1      425.00      246.67        0.00
     1     1      424.33      250.00        0.00
     1     1      422.33      252.67        0.00
     1     1      419.67      254.67        0.00
     1     1      416.33      254.67        0.00
     1     1      413.00      254.67        0.00
     1     1      409.67      253.33        0.00
     1     1      407.67      250.67        0.00
     1     1      406.33      247.33        0.00
     1     1      405.00      243.33        0.00
     1     1      405.67      239.33        0.00
     1     1      409.00      236.67        0.00
     1     1      413.00      236.00        0.00
     1     1      417.00      239.33        0.00
     1     2      448.33      295.33        0.00
     1     2      455.00      296.00        0.00
     1     2      457.67      298.00        0.00
     1     2      459.00      301.33        0.00
     1     2      459.00      304.67        0.00
     1     2      459.00      308.00        0.00
     1     2      457.67      311.33        0.00
     1     2      454.33      312.67        0.00
     1     2      451.00      314.00        0.00
     1     2      447.67      314.67        0.00
     1     2      444.33      314.67        0.00
     1     2      441.67      312.00        0.00
     1     2      439.67      309.33        0.00
     1     2      439.00      306.00        0.00
     1     2      439.00      302.67        0.00
     1     2      439.00      299.33        0.00
     1     2      441.00      296.00        0.00
     1     2      443.67      294.00        0.00
     1     3      463.00      324.00        0.00
     1     3      455.67      325.33        0.00
     1     3      453.00      328.00        0.00
     1     3      452.33      331.33        0.00
     1     3      452.33      335.33        0.00
     1     3      452.33      338.67        0.00
     1     3      452.33      342.67        0.00
     1     3      451.67      346.00        0.00
     1     3      453.67      348.67        0.00
     1     3      456.33      350.67        0.00
     1     3      459.67      352.00        0.00
     1     3      463.00      353.33        0.00
     1     3      466.33      353.33        0.00
     1     3      469.67      352.67        0.00
     1     3      473.00      351.33        0.00
     1     3      473.67      348.00        0.00
     1     3      475.00      344.67        0.00
     1     3      475.00      341.33        0.00
     1     3      475.00      338.00        0.00
     1     3      475.67      334.67        0.00
     1     3      473.67      332.00        0.00
     1     3      472.33      328.67        0.00
     1     3      469.00      326.67        0.00
     1     4      593.00      540.67        0.00
     1     4      597.67      546.00        0.00
     1     4      599.67      548.67        0.00
     1     4      601.67      551.33        0.00
     1     4      603.67      554.67        0.00
     1     4      603.67      558.00        0.00
     1     4      603.67      561.33        0.00
     1     4      603.67      564.67        0.00
     1     4      603.67      568.00        0.00
     1     4      603.00      571.33        0.00
     1     4      602.33      574.67        0.00
     1     4      600.33      577.33        0.00
     1     4      597.00      580.67        0.00
     1     4      593.67      582.00        0.00
     1     4      590.33      583.33        0.00
     1     4      587.00      585.33        0.00
     1     4      583.67      587.33        0.00
     1     4      580.33      588.67        0.00
     1     4      577.00      590.00        0.00
     1     4      573.67      591.33        0.00
     1     4      569.67      591.33        0.00
     1     4      566.33      591.33        0.00
     1     4      563.00      590.67        0.00
     1     4      559.67      589.33        0.00
     1     4      556.33      588.00        0.00
     1     4      553.67      585.33        0.00
     1     4      551.00      583.33        0.00
     1     4      549.00      580.00        0.00
     1     4      547.00      577.33        0.00
     1     4      545.00      574.67        0.00
     1     4      542.33      572.00        0.00
     1     4      540.33      569.33        0.00
     1     4      537.67      567.33        0.00
     1     4      535.67      564.67        0.00
     1     4      533.67      560.67        0.00
     1     4      532.33      557.33        0.00
     1     4      531.67      554.00        0.00
     1     4      531.00      550.67        0.00
     1     4      531.00      547.33        0.00
     1     4      532.33      544.00        0.00
     1     4      533.67      540.67        0.00
     1     4      535.67      538.00        0.00
     1     4      539.00      536.00        0.00
     1     4      541.67      533.33        0.00
     1     4      544.33      531.33        0.00
     1     4      547.67      529.33        0.00
     1     4      550.33      527.33        0.00
     1     4      553.00      525.33        0.00
     1     4      555.67      523.33        0.00
     1     4      559.00      522.00        0.00
     1     4      562.33      522.00        0.00
     1     4      565.67      522.00        0.00
     1     4      569.00      522.67        0.00
     1     4      572.33      524.00        0.00
     1     4      575.67      525.33        0.00
     1     4      578.33      527.33        0.00
     1     4      580.33      530.00        0.00
     1     5      658.33      572.67        0.00
     1     5      651.00      574.67        0.00
     1     5      647.67      574.67        0.00
     1     5      644.33      575.33        0.00
     1     5      641.00      575.33        0.00
     1     5      637.67      574.00        0.00
     1     5      634.33      572.00        0.00
     1     5      631.67      570.00        0.00
     1     5      629.00      568.00        0.00
     1     5      627.00      565.33        0.00
     1     5      625.00      562.00        0.00
     1     5      623.00      558.67        0.00
     1     5      622.33      555.33        0.00
     1     5      622.33      552.00        0.00
     1     5      622.33      548.67        0.00
     1     5      623.67      545.33        0.00
     1     5      625.67      542.67        0.00
     1     5      628.33      540.67        0.00
     1     5      631.00      538.67        0.00
     1     5      634.33      536.67        0.00
     1     5      637.67      536.00        0.00
     1     5      641.00      535.33        0.00
     1     5      644.33      534.67        0.00
     1     5      647.67      534.00        0.00
     1     5      651.00      534.00        0.00
     1     5      654.33      534.00        0.00
     1     5      657.67      534.67        0.00
     1     5      661.00      535.33        0.00
     1     5      664.33      536.00        0.00
     1     5      667.67      536.67        0.00
     1     5      670.33      538.67        0.00
     1     5      673.67      540.00        0.00
     1     5      677.00      542.00        0.00
     1     5      679.67      544.00        0.00
     1     5      681.67      547.33        0.00
     1     5      682.33      550.67        0.00
     1     5      682.33      554.00        0.00
     1     5      682.33      557.33        0.00
     1     5      682.33      560.67        0.00
     1     5      682.33      564.00        0.00
     1     5      680.33      566.67        0.00
     1     5      677.67      569.33        0.00
     1     5      674.33      570.67        0.00
     1     5      671.00      571.33        0.00
     1     6      691.00      528.67        0.00
     1     6      686.33      532.00        0.00
     1     6      683.00      533.33        0.00
     1     6      679.67      533.33        0.00
     1     6      676.33      532.67        0.00
     1     6      674.33      530.00        0.00
     1     6      673.00      526.67        0.00
     1     6      673.00      523.33        0.00
     1     6      673.00      520.00        0.00
     1     6      673.67      516.67        0.00
     1     6      675.67      514.00        0.00
     1     6      677.67      511.33        0.00
     1     6      680.33      509.33        0.00
     1     6      683.67      508.00        0.00
     1     6      687.00      508.00        0.00
     1     6      690.33      508.67        0.00
     1     6      693.67      510.00        0.00
     1     6      695.67      512.67        0.00
     1     6      697.00      516.00        0.00
     1     6      697.67      519.33        0.00
     1     6      695.67      522.00        0.00
     1     7      789.00      479.33        0.00
     1     7      782.33      480.67        0.00
     1     7      779.00      481.33        0.00
     1     7      775.67      481.33        0.00
     1     7      771.67      481.33        0.00
     1     7      768.33      481.33        0.00
     1     7      765.67      479.33        0.00
     1     7      762.33      478.00        0.00
     1     7      759.00      477.33        0.00
     1     7      756.33      475.33        0.00
     1     7      753.00      474.00        0.00
     1     7      751.00      471.33        0.00
     1     7      749.00      468.67        0.00
     1     7      748.33      465.33        0.00
     1     7      749.00      462.00        0.00
     1     7      751.00      459.33        0.00
     1     7      753.67      456.67        0.00
     1     7      757.00      455.33        0.00
     1     7      760.33      454.00        0.00
     1     7      763.67      454.00        0.00
     1     7      767.00      454.00        0.00
     1     7      770.33      454.67        0.00
     1     7      773.67      456.00        0.00
     1     7      777.00      456.67        0.00
     1     7      780.33      458.00        0.00
     1     7      783.67      459.33        0.00
     1     7      787.00      460.67        0.00
     1     7      789.67      462.67        0.00
     1     7      791.67      466.00        0.00
     1     7      791.67      469.33        0.00
     1     7      790.33      472.67        0.00
     1     8      830.33      458.00        0.00
     1     8      827.67      460.67        0.00
     1     8      824.33      462.67        0.00
     1     8      821.00      464.00        0.00
     1     8      817.67      464.67        0.00
     1     8      814.33      465.33        0.00
     1     8      811.00      465.33        0.00
     1     8      807.67      465.33        0.00
     1     8      804.33      465.33        0.00
     1     8      801.00      464.00        0.00
     1     8      798.33      462.00        0.00
     1     8      797.00      458.67        0.00
     1     8      796.33      455.33        0.00
     1     8      796.33      452.00        0.00
     1     8      798.33      448.67        0.00
     1     8      800.33      446.00        0.00
     1     8      803.00      444.00        0.00
     1     8      806.33      442.00        0.00
     1     8      809.67      441.33        0.00
     1     8      813.00      441.33        0.00
     1     8      816.33      441.33        0.00
     1     8      819.67      443.33        0.00
     1     8      822.33      445.33        0.00
     1     8      824.33      448.67        0.00
     1     9      712.67      342.33        0.00
     1     9      712.00      349.67        0.00
     1     9      710.00      353.00        0.00
     1     9      707.33      355.67        0.00
     1     9      704.67      357.67        0.00
     1     9      701.33      358.33        0.00
     1     9      697.33      358.33        0.00
     1     9      694.00      357.67        0.00
     1     9      690.67      355.67        0.00
     1     9      688.67      353.00        0.00
     1     9      686.67      350.33        0.00
     1     9      684.67      347.67        0.00
     1     9      683.33      344.33        0.00
     1     9      683.33      341.00        0.00
     1     9      683.33      337.67        0.00
     1     9      683.33      334.33        0.00
     1     9      684.67      331.00        0.00
     1     9      686.67      328.33        0.00
     1     9      690.00      326.33        0.00
     1     9      692.67      324.33        0.00
     1     9      696.00      323.00        0.00
     1     9      699.33      323.00        0.00
     1     9      702.67      323.67        0.00
     1     9      706.00      325.00        0.00
     1     9      708.67      327.67        0.00
     1    10      674.33      603.67        0.00
     1    10      670.33      603.67        0.00
     1    10      667.00      603.67        0.00
     1    10      663.67      603.67        0.00
     1    10      660.33      603.67        0.00
     1    10      657.00      602.33        0.00
     1    10      653.67      601.00        0.00
     1    10      651.67      598.33        0.00
     1    10      651.67      595.00        0.00
     1    10      651.67      591.00        0.00
     1    10      653.67      587.67        0.00
     1    10      656.33      585.67        0.00
     1    10      659.67      583.67        0.00
     1    10      663.00      582.33        0.00
     1    10      666.33      581.67        0.00
     1    10      669.67      581.67        0.00
     1    10      673.00      581.67        0.00
     1    10      676.33      583.67        0.00
     1    10      679.00      586.33        0.00
     1    10      681.67      589.00        0.00
     1    10      682.33      592.33        0.00
     1    10      682.33      595.67        0.00
     1    10      680.33      599.00        0.00
     1    11      675.67      619.00        0.00
     1    11      679.67      624.33        0.00
     1    11      680.33      627.67        0.00
     1    11      680.33      631.00        0.00
     1    11      679.67      634.33        0.00
     1    11      677.00      636.33        0.00
     1    11      674.33      638.33        0.00
     1    11      671.00      639.67        0.00
     1    11      667.67      640.33        0.00
     1    11      664.33      641.00        0.00
     1    11      661.00      639.67        0.00
     1    11      658.33      637.00        0.00
     1    11      655.67      635.00        0.00
     1    11      655.00      631.67        0.00
     1    11      654.33      628.33        0.00
     1    11      654.33      625.00        0.00
     1    11      655.00      621.67        0.00
     1    11      657.67      619.00        0.00
     1    11      660.33      617.00        0.00
     1    11      663.67      615.67        0.00
     1    11      667.00      615.67        0.00
     1    12      664.33      656.33        0.00
     1    12      665.00      663.00        0.00
     1    12      663.00      665.67        0.00
     1    12      661.00      668.33        0.00
     1    12      657.67      669.67        0.00
     1    12      654.33      669.67        0.00
     1    12      651.00      669.00        0.00
     1    12      647.67      667.67        0.00
     1    12      645.00      665.67        0.00
     1    12      644.33      662.33        0.00
     1    12      644.33      659.00        0.00
     1    12      646.33      656.33        0.00
     1    12      649.00      653.67        0.00
     1    12      652.33      651.67        0.00
     1    12      655.67      651.00        0.00
     1    12      659.67      651.67        0.00
     1    12      663.00      654.33        0.00
     1    13      649.67      635.67        0.00
     1    13      644.33      640.33        0.00
     1    13      641.67      642.33        0.00
     1    13      639.00      644.33        0.00
     1    13      635.67      645.67        0.00
     1    13      633.00      647.67        0.00
     1    13      629.67      648.33        0.00
     1    13      626.33      648.33        0.00
     1    13      623.00      647.67        0.00
     1    13      619.67      646.33        0.00
     1    13      617.00      644.33        0.00
     1    13      615.00      641.00        0.00
     1    13      613.67      637.67        0.00
     1    13      613.00      634.33        0.00
     1    13      611.67      631.00        0.00
     1    13      611.00      627.67        0.00
     1    13      610.33      624.33        0.00
     1    13      610.33      621.00        0.00
     1    13      611.00      617.67        0.00
     1    13      613.00      614.33        0.00
     1    13      615.00      611.00        0.00
     1    13      617.00      608.33        0.00
     1    13      619.67      606.33        0.00
     1    13      622.33      604.33        0.00
     1    13      625.00      602.33        0.00
     1    13      628.33      601.00        0.00
     1    13      631.67      600.33        0.00
     1    13      635.00      600.33        0.00
     1    13      638.33      600.33        0.00
     1    13      641.67      602.33        0.00
     1    13      645.00      604.33        0.00
     1    13      647.67      607.00        0.00
     1    13      649.67      609.67        0.00
     1    13      650.33      613.00        0.00
     1    13      650.33      616.33        0.00
     1    13      650.33      619.67        0.00
     1    13      651.67      623.00        0.00
     1    14      631.67      583.67        0.00
     1    14      632.33      590.33        0.00
     1    14      630.33      593.00        0.00
     1    14      627.00      595.00        0.00
     1    14      623.67      596.33        0.00
     1    14      620.33      597.67        0.00
     1    14      617.00      597.67        0.00
     1    14      613.67      597.00        0.00
     1    14      611.00      595.00        0.00
     1    14      609.67      591.67        0.00
     1    14      607.67      589.00        0.00
     1    14      607.00      585.67        0.00
     1    14      607.00      582.33        0.00
     1    14      607.00      579.00        0.00
     1    14      607.00      575.67        0.00
     1    14      607.67      572.33        0.00
     1    14      610.33      569.67        0.00
     1    14      613.00      567.67        0.00
     1    14      616.33      566.33        0.00
     1    14      619.67      565.67        0.00
     1    14      623.00      565.00        0.00
     1    14      626.33      565.67        0.00
     1    14      629.00      567.67        0.00
     1    14      631.00      570.33        0.00
     1    14      631.67      573.67        0.00
     1    15      675.33      914.67        0.00
     1    15      680.67      919.33        0.00
     1    15      682.67      922.67        0.00
     1    15      682.67      926.00        0.00
     1    15      682.67      929.33        0.00
     1    15      682.00      932.67        0.00
     1    15      680.00      935.33        0.00
     1    15      676.67      936.67        0.00
     1    15      673.33      936.67        0.00
     1    15      670.00      936.00        0.00
     1    15      667.33      934.00        0.00
     1    15      665.33      931.33        0.00
     1    15      664.00      928.00        0.00
     1    15      664.00      924.67        0.00
     1    15      665.33      920.67        0.00
     1    15      667.33      918.00        0.00
     1    15      671.33      916.67        0.00
     1    15      674.67      918.00        0.00
     1    16      694.67      982.67        0.00
     1    16      698.67      988.67        0.00
     1    16      700.67      992.00        0.00
     1    16      701.33      995.33        0.00
     1    16      701.33      998.67        0.00
     1    16      698.67     1001.33        0.00
     1    16      696.00     1003.33        0.00
     1    16      692.67     1004.67        0.00
     1    16      689.33     1005.33        0.00
     1    16      685.33     1005.33        0.00
     1    16      682.67     1002.67        0.00
     1    16      680.67      998.67        0.00
     1    16      679.33      995.33        0.00
     1    16      678.67      992.00        0.00
     1    16      680.00      988.67        0.00
     1    16      683.33      986.00        0.00
     1    16      686.00      984.00        0.00
     1    16      689.33      983.33        0.00
     1    17      688.00      962.00        0.00
     1    17      688.67      968.67        0.00
     1    17      686.67      971.33        0.00
     1    17      684.00      973.33        0.00
     1    17      680.67      974.67        0.00
     1    17      677.33      974.67        0.00
     1    17      674.00      973.33        0.00
     1    17      671.33      971.33        0.00
     1    17      668.67      968.67        0.00
     1    17      666.67      965.33        0.00
     1    17      666.00      962.00        0.00
     1    17      666.00      958.67        0.00
     1    17      668.00      954.00        0.00
     1    17      672.67      950.00        0.00
     1    17      678.00      949.33        0.00
     1    17      681.33      950.67        0.00
     1    17      682.67      954.00        0.00
