     0     0      662.67      422.33        0.00
     0     0      658.67      423.67        0.00
     0     0      654.67      425.00        0.00
     0     0      652.00      427.67        0.00
     0     0      648.00      429.00        0.00
     0     0      644.00      430.33        0.00
     0     0      641.33      433.00        0.00
     0     0      637.33      434.33        0.00
     0     0      634.67      437.00        0.00
     0     0      630.67      438.33        0.00
     0     0      626.67      441.00        0.00
     0     0      622.67      442.33        0.00
     0     0      620.00      445.00        0.00
     0     0      616.00      446.33        0.00
     0     0      612.00      447.67        0.00
     0     0      608.00      449.00        0.00
     0     0      604.00      450.33        0.00
     0     0      600.00      451.67        0.00
     0     0      596.00      451.67        0.00
     0     0      592.00      453.00        0.00
     0     0      588.00      453.00        0.00
     0     0      584.00      454.33        0.00
     0     0      580.00      455.67        0.00
     0     0      576.00      455.67        0.00
     0     0      573.33      458.33        0.00
     0     0      569.33      459.67        0.00
     0     0      565.33      459.67        0.00
     0     0      561.33      461.00        0.00
     0     0      557.33      461.00        0.00
     0     0      553.33      461.00        0.00
     0     0      549.33      462.33        0.00
     0     0      545.33      462.33        0.00
     0     0      541.33      462.33        0.00
     0     0      537.33      463.67        0.00
     0     0      533.33      463.67        0.00
     0     0      529.33      465.00        0.00
     0     0      525.33      465.00        0.00
     0     0      521.33      465.00        0.00
     0     0      517.33      465.00        0.00
     0     0      513.33      465.00        0.00
     0     0      509.33      465.00        0.00
     0     0      505.33      465.00        0.00
     0     0      501.33      465.00        0.00
     0     0      497.33      465.00        0.00
     0     0      493.33      465.00        0.00
     0     0      489.33      463.67        0.00
     0     0      486.67      461.00        0.00
     0     0      485.33      457.00        0.00
     0     0      484.00      453.00        0.00
     0     0      484.00      449.00        0.00
     0     0      484.00      445.00        0.00
     0     0      485.33      441.00        0.00
     0     0      488.00      437.00        0.00
     0     0      489.33      433.00        0.00
     0     0      493.33      430.33        0.00
     0     0      497.33      427.67        0.00
     0     0      500.00      425.00        0.00
     0     0      504.00      422.33        0.00
     0     0      506.67      419.67        0.00
     0     0      509.33      417.00        0.00
     0     0      513.33      414.33        0.00
     0     0      516.00      411.67        0.00
     0     0      518.67      409.00        0.00
     0     0      521.33      406.33        0.00
     0     0      524.00      403.67        0.00
     0     0      526.67      401.00        0.00
     0     0      529.33      398.33        0.00
     0     0      532.00      395.67        0.00
     0     0      534.67      393.00        0.00
     0     0      536.00      389.00        0.00
     0     0      538.67      386.33        0.00
     0     0      541.33      383.67        0.00
     0     0      544.00      381.00        0.00
     0     0      546.67      378.33        0.00
     0     0      549.33      375.67        0.00
     0     0      552.00      373.00        0.00
     0     0      556.00      371.67        0.00
     0     0      558.67      369.00        0.00
     0     0      562.67      366.33        0.00
     0     0      566.67      365.00        0.00
     0     0      569.33      362.33        0.00
     0     0      572.00      359.67        0.00
     0     0      574.67      357.00        0.00
     0     0      578.67      354.33        0.00
     0     0      581.33      351.67        0.00
     0     0      584.00      349.00        0.00
     0     0      586.67      346.33        0.00
     0     0      589.33      342.33        0.00
     0     0      592.00      339.67        0.00
     0     0      594.67      337.00        0.00
     0     0      597.33      334.33        0.00
     0     0      600.00      331.67        0.00
     0     0      602.67      329.00        0.00
     0     0      605.33      326.33        0.00
     0     0      609.33      323.67        0.00
     0     0      612.00      321.00        0.00
     0     0      613.33      317.00        0.00
     0     0      614.67      313.00        0.00
     0     0      616.00      309.00        0.00
     0     0      618.67      306.33        0.00
     0     0      621.33      303.67        0.00
     0     0      624.00      299.67        0.00
     0     0      626.67      295.67        0.00
     0     0      629.33      293.00        0.00
     0     0      632.00      289.00        0.00
     0     0      636.00      286.33        0.00
     0     0      638.67      283.67        0.00
     0     0      641.33      281.00        0.00
     0     0      644.00      278.33        0.00
     0     0      646.67      275.67        0.00
     0     0      650.67      273.00        0.00
     0     0      654.67      270.33        0.00
     0     0      658.67      269.00        0.00
     0     0      662.67      266.33        0.00
     0     0      665.33      263.67        0.00
     0     0      670.67      261.00        0.00
     0     0      674.67      259.67        0.00
     0     0      677.33      257.00        0.00
     0     0      681.33      255.67        0.00
     0     0      684.00      253.00        0.00
     0     0      688.00      251.67        0.00
     0     0      690.67      249.00        0.00
     0     0      694.67      249.00        0.00
     0     0      698.67      247.67        0.00
     0     0      702.67      246.33        0.00
     0     0      708.00      243.67        0.00
     0     0      712.00      242.33        0.00
     0     0      717.33      241.00        0.00
     0     0      721.33      239.67        0.00
     0     0      725.33      238.33        0.00
     0     0      729.33      238.33        0.00
     0     0      733.33      238.33        0.00
     0     0      737.33      238.33        0.00
     0     0      741.33      238.33        0.00
     0     0      745.33      238.33        0.00
     0     0      749.33      238.33        0.00
     0     0      753.33      238.33        0.00
     0     0      757.33      238.33        0.00
     0     0      761.33      238.33        0.00
     0     0      765.33      238.33        0.00
     0     0      769.33      239.67        0.00
     0     0      772.00      242.33        0.00
     0     0      776.00      243.67        0.00
     0     0      780.00      245.00        0.00
     0     0      782.67      247.67        0.00
     0     0      786.67      249.00        0.00
     0     0      790.67      251.67        0.00
     0     0      794.67      253.00        0.00
     0     0      797.33      255.67        0.00
     0     0      801.33      257.00        0.00
     0     0      802.67      261.00        0.00
     0     0      805.33      263.67        0.00
     0     0      806.67      267.67        0.00
     0     0      806.67      271.67        0.00
     0     0      806.67      275.67        0.00
     0     0      806.67      279.67        0.00
     0     0      805.33      283.67        0.00
     0     0      805.33      287.67        0.00
     0     0      804.00      291.67        0.00
     0     0      804.00      295.67        0.00
     0     0      801.33      299.67        0.00
     0     0      798.67      302.33        0.00
     0     0      797.33      306.33        0.00
     0     0      796.00      310.33        0.00
     0     0      793.33      313.00        0.00
     0     0      792.00      317.00        0.00
     0     0      790.67      321.00        0.00
     0     0      789.33      325.00        0.00
     0     0      786.67      327.67        0.00
     0     0      784.00      330.33        0.00
     0     0      781.33      333.00        0.00
     0     0      778.67      335.67        0.00
     0     0      776.00      338.33        0.00
     0     0      773.33      341.00        0.00
     0     0      769.33      342.33        0.00
     0     0      765.33      345.00        0.00
     0     0      761.33      346.33        0.00
     0     0      757.33      347.67        0.00
     0     0      754.67      350.33        0.00
     0     0      752.00      353.00        0.00
     0     0      749.33      355.67        0.00
     0     0      748.00      359.67        0.00
     0     0      744.00      362.33        0.00
     0     0      741.33      365.00        0.00
     0     0      738.67      367.67        0.00
     0     0      736.00      370.33        0.00
     0     0      732.00      371.67        0.00
     0     0      728.00      374.33        0.00
     0     0      724.00      375.67        0.00
     0     0      720.00      378.33        0.00
     0     0      717.33      381.00        0.00
     0     0      713.33      382.33        0.00
     0     0      710.67      385.00        0.00
     0     0      708.00      387.67        0.00
     0     0      706.67      391.67        0.00
     0     0      702.67      393.00        0.00
     0     0      700.00      395.67        0.00
     0     0      697.33      398.33        0.00
     0     0      694.67      401.00        0.00
     0     0      690.67      402.33        0.00
     0     0      688.00      405.00        0.00
     0     0      684.00      406.33        0.00
     0     0      681.33      409.00        0.00
     0     1      989.33      303.67        0.00
     0     1      981.33      307.67        0.00
     0     1      978.67      310.33        0.00
     0     1      976.00      313.00        0.00
     0     1      973.33      315.67        0.00
     0     1      969.33      318.33        0.00
     0     1      966.67      321.00        0.00
     0     1      962.67      322.33        0.00
     0     1      958.67      322.33        0.00
     0     1      954.67      325.00        0.00
     0     1      950.67      326.33        0.00
     0     1      946.67      326.33        0.00
     0     1      942.67      327.67        0.00
     0     1      938.67      329.00        0.00
     0     1      934.67      330.33        0.00
     0     1      930.67      330.33        0.00
     0     1      926.67      331.67        0.00
     0     1      922.67      331.67        0.00
     0     1      918.67      331.67        0.00
     0     1      914.67      331.67        0.00
     0     1      910.67      331.67        0.00
     0     1      906.67      330.33        0.00
     0     1      902.67      330.33        0.00
     0     1      898.67      329.00        0.00
     0     1      894.67      327.67        0.00
     0     1      890.67      326.33        0.00
     0     1      886.67      325.00        0.00
     0     1      881.33      325.00        0.00
     0     1      876.00      323.67        0.00
     0     1      873.33      321.00        0.00
     0     1      868.00      319.67        0.00
     0     1      865.33      317.00        0.00
     0     1      861.33      314.33        0.00
     0     1      857.33      311.67        0.00
     0     1      853.33      310.33        0.00
     0     1      850.67      306.33        0.00
     0     1      848.00      303.67        0.00
     0     1      844.00      302.33        0.00
     0     1      841.33      299.67        0.00
     0     1      838.67      295.67        0.00
     0     1      836.00      291.67        0.00
     0     1      834.67      287.67        0.00
     0     1      833.33      283.67        0.00
     0     1      833.33      279.67        0.00
     0     1      833.33      275.67        0.00
     0     1      833.33      271.67        0.00
     0     1      834.67      267.67        0.00
     0     1      836.00      263.67        0.00
     0     1      837.33      259.67        0.00
     0     1      840.00      257.00        0.00
     0     1      841.33      253.00        0.00
     0     1      842.67      249.00        0.00
     0     1      846.67      246.33        0.00
     0     1      849.33      243.67        0.00
     0     1      852.00      241.00        0.00
     0     1      854.67      238.33        0.00
     0     1      857.33      235.67        0.00
     0     1      861.33      233.00        0.00
     0     1      864.00      230.33        0.00
     0     1      866.67      227.67        0.00
     0     1      869.33      225.00        0.00
     0     1      873.33      222.33        0.00
     0     1      877.33      219.67        0.00
     0     1      882.67      218.33        0.00
     0     1      888.00      215.67        0.00
     0     1      892.00      214.33        0.00
     0     1      897.33      213.00        0.00
     0     1      902.67      211.67        0.00
     0     1      908.00      209.00        0.00
     0     1      913.33      209.00        0.00
     0     1      918.67      206.33        0.00
     0     1      922.67      205.00        0.00
     0     1      926.67      205.00        0.00
     0     1      930.67      203.67        0.00
     0     1      936.00      202.33        0.00
     0     1      940.00      202.33        0.00
     0     1      944.00      202.33        0.00
     0     1      948.00      201.00        0.00
     0     1      952.00      201.00        0.00
     0     1      956.00      201.00        0.00
     0     1      960.00      201.00        0.00
     0     1      965.33      201.00        0.00
     0     1      969.33      199.67        0.00
     0     1      973.33      199.67        0.00
     0     1      977.33      199.67        0.00
     0     1      981.33      199.67        0.00
     0     1      985.33      201.00        0.00
     0     1      990.67      203.67        0.00
     0     1      997.33      205.00        0.00
     0     1     1001.33      206.33        0.00
     0     1     1006.67      209.00        0.00
     0     1     1012.00      210.33        0.00
     0     1     1016.00      211.67        0.00
     0     1     1021.33      214.33        0.00
     0     1     1024.00      217.00        0.00
     0     1     1028.00      218.33        0.00
     0     1     1030.67      221.00        0.00
     0     1     1033.33      225.00        0.00
     0     1     1036.00      229.00        0.00
     0     1     1037.33      233.00        0.00
     0     1     1038.67      237.00        0.00
     0     1     1041.33      239.67        0.00
     0     1     1041.33      243.67        0.00
     0     1     1042.67      247.67        0.00
     0     1     1042.67      251.67        0.00
     0     1     1041.33      255.67        0.00
     0     1     1040.00      259.67        0.00
     0     1     1038.67      263.67        0.00
     0     1     1036.00      267.67        0.00
     0     1     1034.67      271.67        0.00
     0     1     1032.00      274.33        0.00
     0     1     1029.33      277.00        0.00
     0     1     1025.33      278.33        0.00
     0     1     1022.67      281.00        0.00
     0     1     1020.00      283.67        0.00
     0     1     1017.33      286.33        0.00
     0     1     1014.67      289.00        0.00
     0     1     1012.00      291.67        0.00
     0     1     1010.67      295.67        0.00
     0     1     1008.00      298.33        0.00
     0     1     1004.00      299.67        0.00
     0     2      889.33      775.67        0.00
     0     2      888.00      779.67        0.00
     0     2      884.00      781.00        0.00
     0     2      880.00      782.33        0.00
     0     2      877.33      785.00        0.00
     0     2      874.67      787.67        0.00
     0     2      872.00      790.33        0.00
     0     2      868.00      793.00        0.00
     0     2      864.00      794.33        0.00
     0     2      861.33      797.00        0.00
     0     2      857.33      799.67        0.00
     0     2      853.33      801.00        0.00
     0     2      850.67      803.67        0.00
     0     2      846.67      805.00        0.00
     0     2      842.67      807.67        0.00
     0     2      838.67      809.00        0.00
     0     2      834.67      810.33        0.00
     0     2      830.67      811.67        0.00
     0     2      826.67      813.00        0.00
     0     2      822.67      813.00        0.00
     0     2      818.67      814.33        0.00
     0     2      814.67      814.33        0.00
     0     2      810.67      815.67        0.00
     0     2      806.67      815.67        0.00
     0     2      802.67      815.67        0.00
     0     2      797.33      815.67        0.00
     0     2      792.00      815.67        0.00
     0     2      785.33      815.67        0.00
     0     2      781.33      815.67        0.00
     0     2      776.00      814.33        0.00
     0     2      766.67      813.00        0.00
     0     2      761.33      811.67        0.00
     0     2      756.00      809.00        0.00
     0     2      750.67      806.33        0.00
     0     2      746.67      805.00        0.00
     0     2      742.67      802.33        0.00
     0     2      738.67      799.67        0.00
     0     2      734.67      798.33        0.00
     0     2      732.00      795.67        0.00
     0     2      729.33      793.00        0.00
     0     2      726.67      790.33        0.00
     0     2      724.00      787.67        0.00
     0     2      721.33      783.67        0.00
     0     2      718.67      781.00        0.00
     0     2      716.00      777.00        0.00
     0     2      714.67      773.00        0.00
     0     2      712.00      770.33        0.00
     0     2      710.67      766.33        0.00
     0     2      709.33      762.33        0.00
     0     2      708.00      758.33        0.00
     0     2      708.00      754.33        0.00
     0     2      709.33      750.33        0.00
     0     2      710.67      746.33        0.00
     0     2      713.33      743.67        0.00
     0     2      714.67      739.67        0.00
     0     2      717.33      737.00        0.00
     0     2      720.00      734.33        0.00
     0     2      722.67      731.67        0.00
     0     2      725.33      729.00        0.00
     0     2      729.33      726.33        0.00
     0     2      733.33      725.00        0.00
     0     2      736.00      722.33        0.00
     0     2      740.00      719.67        0.00
     0     2      744.00      718.33        0.00
     0     2      748.00      717.00        0.00
     0     2      752.00      715.67        0.00
     0     2      756.00      714.33        0.00
     0     2      760.00      713.00        0.00
     0     2      764.00      710.33        0.00
     0     2      768.00      709.00        0.00
     0     2      772.00      707.67        0.00
     0     2      776.00      706.33        0.00
     0     2      780.00      705.00        0.00
     0     2      782.67      702.33        0.00
     0     2      786.67      702.33        0.00
     0     2      790.67      701.00        0.00
     0     2      794.67      699.67        0.00
     0     2      798.67      698.33        0.00
     0     2      802.67      697.00        0.00
     0     2      806.67      695.67        0.00
     0     2      810.67      694.33        0.00
     0     2      814.67      691.67        0.00
     0     2      818.67      690.33        0.00
     0     2      822.67      689.00        0.00
     0     2      826.67      686.33        0.00
     0     2      830.67      685.00        0.00
     0     2      834.67      683.67        0.00
     0     2      840.00      682.33        0.00
     0     2      844.00      681.00        0.00
     0     2      849.33      679.67        0.00
     0     2      853.33      678.33        0.00
     0     2      860.00      678.33        0.00
     0     2      866.67      677.00        0.00
     0     2      872.00      677.00        0.00
     0     2      877.33      677.00        0.00
     0     2      882.67      675.67        0.00
     0     2      886.67      675.67        0.00
     0     2      890.67      675.67        0.00
     0     2      896.00      675.67        0.00
     0     2      900.00      677.00        0.00
     0     2      904.00      677.00        0.00
     0     2      908.00      678.33        0.00
     0     2      913.33      678.33        0.00
     0     2      917.33      678.33        0.00
     0     2      922.67      679.67        0.00
     0     2      926.67      681.00        0.00
     0     2      930.67      682.33        0.00
     0     2      934.67      683.67        0.00
     0     2      938.67      685.00        0.00
     0     2      942.67      686.33        0.00
     0     2      946.67      687.67        0.00
     0     2      950.67      689.00        0.00
     0     2      954.67      690.33        0.00
     0     2      957.33      693.00        0.00
     0     2      961.33      695.67        0.00
     0     2      964.00      698.33        0.00
     0     2      965.33      702.33        0.00
     0     2      968.00      705.00        0.00
     0     2      968.00      709.00        0.00
     0     2      968.00      713.00        0.00
     0     2      968.00      717.00        0.00
     0     2      965.33      721.00        0.00
     0     2      962.67      725.00        0.00
     0     2      961.33      729.00        0.00
     0     2      958.67      731.67        0.00
     0     2      956.00      734.33        0.00
     0     2      953.33      737.00        0.00
     0     2      949.33      739.67        0.00
     0     2      946.67      742.33        0.00
     0     2      942.67      743.67        0.00
     0     2      940.00      746.33        0.00
     0     2      937.33      749.00        0.00
     0     2      934.67      751.67        0.00
     0     2      932.00      754.33        0.00
     0     2      929.33      757.00        0.00
     0     2      926.67      759.67        0.00
     0     2      924.00      762.33        0.00
     0     2      921.33      765.00        0.00
     0     2      918.67      767.67        0.00
     0     2      916.00      770.33        0.00
     0     2      913.33      773.00        0.00
     0     2      910.67      775.67        0.00
     0     2      906.67      775.67        0.00
     0     3      721.33      690.67        0.00
     0     3      710.67      690.67        0.00
     0     3      706.67      690.67        0.00
     0     3      702.67      692.00        0.00
     0     3      698.67      692.00        0.00
     0     3      694.67      693.33        0.00
     0     3      690.67      693.33        0.00
     0     3      686.67      693.33        0.00
     0     3      682.67      693.33        0.00
     0     3      678.67      693.33        0.00
     0     3      674.67      693.33        0.00
     0     3      670.67      693.33        0.00
     0     3      666.67      693.33        0.00
     0     3      662.67      693.33        0.00
     0     3      658.67      693.33        0.00
     0     3      654.67      692.00        0.00
     0     3      650.67      690.67        0.00
     0     3      648.00      688.00        0.00
     0     3      645.33      685.33        0.00
     0     3      644.00      681.33        0.00
     0     3      641.33      678.67        0.00
     0     3      640.00      673.33        0.00
     0     3      638.67      669.33        0.00
     0     3      638.67      665.33        0.00
     0     3      638.67      661.33        0.00
     0     3      638.67      656.00        0.00
     0     3      638.67      652.00        0.00
     0     3      638.67      648.00        0.00
     0     3      640.00      644.00        0.00
     0     3      641.33      638.67        0.00
     0     3      642.67      634.67        0.00
     0     3      644.00      630.67        0.00
     0     3      646.67      626.67        0.00
     0     3      648.00      621.33        0.00
     0     3      652.00      616.00        0.00
     0     3      654.67      612.00        0.00
     0     3      658.67      609.33        0.00
     0     3      662.67      604.00        0.00
     0     3      666.67      600.00        0.00
     0     3      670.67      597.33        0.00
     0     3      674.67      594.67        0.00
     0     3      677.33      590.67        0.00
     0     3      681.33      588.00        0.00
     0     3      685.33      585.33        0.00
     0     3      688.00      582.67        0.00
     0     3      690.67      580.00        0.00
     0     3      693.33      577.33        0.00
     0     3      696.00      573.33        0.00
     0     3      698.67      570.67        0.00
     0     3      701.33      568.00        0.00
     0     3      704.00      564.00        0.00
     0     3      706.67      561.33        0.00
     0     3      710.67      560.00        0.00
     0     3      713.33      557.33        0.00
     0     3      717.33      556.00        0.00
     0     3      720.00      553.33        0.00
     0     3      725.33      549.33        0.00
     0     3      730.67      548.00        0.00
     0     3      734.67      545.33        0.00
     0     3      740.00      542.67        0.00
     0     3      745.33      541.33        0.00
     0     3      749.33      540.00        0.00
     0     3      754.67      538.67        0.00
     0     3      758.67      536.00        0.00
     0     3      762.67      536.00        0.00
     0     3      768.00      533.33        0.00
     0     3      772.00      530.67        0.00
     0     3      776.00      529.33        0.00
     0     3      780.00      528.00        0.00
     0     3      784.00      526.67        0.00
     0     3      788.00      525.33        0.00
     0     3      792.00      524.00        0.00
     0     3      798.67      522.67        0.00
     0     3      802.67      522.67        0.00
     0     3      806.67      522.67        0.00
     0     3      812.00      522.67        0.00
     0     3      816.00      522.67        0.00
     0     3      821.33      524.00        0.00
     0     3      832.00      524.00        0.00
     0     3      838.67      524.00        0.00
     0     3      845.33      525.33        0.00
     0     3      850.67      526.67        0.00
     0     3      856.00      529.33        0.00
     0     3      864.00      529.33        0.00
     0     3      869.33      529.33        0.00
     0     3      874.67      529.33        0.00
     0     3      881.33      530.67        0.00
     0     3      888.00      530.67        0.00
     0     3      892.00      530.67        0.00
     0     3      896.00      530.67        0.00
     0     3      905.33      530.67        0.00
     0     3      909.33      530.67        0.00
     0     3      913.33      530.67        0.00
     0     3      917.33      530.67        0.00
     0     3      924.00      530.67        0.00
     0     3      926.67      533.33        0.00
     0     3      930.67      534.67        0.00
     0     3      936.00      536.00        0.00
     0     3      941.33      537.33        0.00
     0     3      944.00      540.00        0.00
     0     3      950.67      541.33        0.00
     0     3      957.33      544.00        0.00
     0     3      961.33      545.33        0.00
     0     3      968.00      548.00        0.00
     0     3      972.00      549.33        0.00
     0     3      977.33      550.67        0.00
     0     3      981.33      553.33        0.00
     0     3      986.67      554.67        0.00
     0     3      992.00      556.00        0.00
     0     3      997.33      558.67        0.00
     0     3     1004.00      561.33        0.00
     0     3     1009.33      562.67        0.00
     0     3     1013.33      565.33        0.00
     0     3     1016.00      568.00        0.00
     0     3     1020.00      569.33        0.00
     0     3     1024.00      570.67        0.00
     0     3     1026.67      573.33        0.00
     0     3     1030.67      576.00        0.00
     0     3     1034.67      578.67        0.00
     0     3     1036.00      582.67        0.00
     0     3     1038.67      585.33        0.00
     0     3     1040.00      589.33        0.00
     0     3     1041.33      593.33        0.00
     0     3     1042.67      597.33        0.00
     0     3     1042.67      601.33        0.00
     0     3     1042.67      605.33        0.00
     0     3     1041.33      609.33        0.00
     0     3     1037.33      612.00        0.00
     0     3     1034.67      614.67        0.00
     0     3     1032.00      617.33        0.00
     0     3     1028.00      620.00        0.00
     0     3     1024.00      621.33        0.00
     0     3     1020.00      624.00        0.00
     0     3     1016.00      625.33        0.00
     0     3     1012.00      628.00        0.00
     0     3     1008.00      629.33        0.00
     0     3     1004.00      630.67        0.00
     0     3      998.67      632.00        0.00
     0     3      994.67      633.33        0.00
     0     3      990.67      634.67        0.00
     0     3      988.00      637.33        0.00
     0     3      984.00      638.67        0.00
     0     3      980.00      640.00        0.00
     0     3      976.00      641.33        0.00
     0     3      972.00      642.67        0.00
     0     3      968.00      642.67        0.00
     0     3      964.00      644.00        0.00
     0     3      960.00      645.33        0.00
     0     3      956.00      646.67        0.00
     0     3      952.00      648.00        0.00
     0     3      948.00      648.00        0.00
     0     3      944.00      649.33        0.00
     0     3      940.00      650.67        0.00
     0     3      936.00      650.67        0.00
     0     3      932.00      650.67        0.00
     0     3      928.00      652.00        0.00
     0     3      924.00      652.00        0.00
     0     3      917.33      653.33        0.00
     0     3      913.33      653.33        0.00
     0     3      908.00      654.67        0.00
     0     3      902.67      654.67        0.00
     0     3      898.67      654.67        0.00
     0     3      894.67      656.00        0.00
     0     3      890.67      656.00        0.00
     0     3      886.67      657.33        0.00
     0     3      882.67      658.67        0.00
     0     3      878.67      660.00        0.00
     0     3      874.67      661.33        0.00
     0     3      866.67      662.67        0.00
     0     3      862.67      664.00        0.00
     0     3      858.67      665.33        0.00
     0     3      853.33      665.33        0.00
     0     3      849.33      666.67        0.00
     0     3      845.33      668.00        0.00
     0     3      841.33      668.00        0.00
     0     3      837.33      669.33        0.00
     0     3      833.33      672.00        0.00
     0     3      829.33      672.00        0.00
     0     3      825.33      673.33        0.00
     0     3      821.33      674.67        0.00
     0     3      817.33      676.00        0.00
     0     3      813.33      676.00        0.00
     0     3      809.33      677.33        0.00
     0     3      805.33      677.33        0.00
     0     3      798.67      677.33        0.00
     0     3      794.67      678.67        0.00
     0     3      790.67      678.67        0.00
     0     3      786.67      678.67        0.00
     0     3      782.67      678.67        0.00
     0     3      778.67      678.67        0.00
     0     3      774.67      678.67        0.00
     0     3      770.67      678.67        0.00
     0     3      766.67      680.00        0.00
     0     3      762.67      681.33        0.00
     0     3      758.67      682.67        0.00
     0     3      754.67      684.00        0.00
     0     3      750.67      684.00        0.00
     0     4       -6.67      672.00        0.00
     0     4       -4.00      674.67        0.00
     0     4       -1.33      677.33        0.00
     0     4        2.67      680.00        0.00
     0     4        6.67      681.33        0.00
     0     4       10.67      681.33        0.00
     0     4       14.67      682.67        0.00
     0     4       18.67      682.67        0.00
     0     4       22.67      682.67        0.00
     0     4       26.67      684.00        0.00
     0     4       30.67      685.33        0.00
     0     4       34.67      686.67        0.00
     0     4       38.67      686.67        0.00
     0     4       42.67      688.00        0.00
     0     4       46.67      689.33        0.00
     0     4       50.67      690.67        0.00
     0     4       54.67      690.67        0.00
     0     4       58.67      690.67        0.00
     0     4       62.67      690.67        0.00
     0     4       66.67      692.00        0.00
     0     4       72.00      692.00        0.00
     0     4       77.33      692.00        0.00
     0     4       81.33      693.33        0.00
     0     4       88.00      693.33        0.00
     0     4       93.33      693.33        0.00
     0     4       97.33      694.67        0.00
     0     4      101.33      694.67        0.00
     0     4      108.00      694.67        0.00
     0     4      112.00      696.00        0.00
     0     4      116.00      696.00        0.00
     0     4      120.00      697.33        0.00
     0     4      124.00      697.33        0.00
     0     4      128.00      698.67        0.00
     0     4      132.00      700.00        0.00
     0     4      136.00      701.33        0.00
     0     4      140.00      702.67        0.00
     0     4      144.00      704.00        0.00
     0     4      149.33      705.33        0.00
     0     4      154.67      706.67        0.00
     0     4      158.67      708.00        0.00
     0     4      162.67      709.33        0.00
     0     4      166.67      712.00        0.00
     0     4      170.67      713.33        0.00
     0     4      174.67      716.00        0.00
     0     4      180.00      718.67        0.00
     0     4      185.33      720.00        0.00
     0     4      192.00      722.67        0.00
     0     4      198.67      726.67        0.00
     0     4      202.67      729.33        0.00
     0     4      206.67      730.67        0.00
     0     4      212.00      733.33        0.00
     0     4      216.00      736.00        0.00
     0     4      221.33      737.33        0.00
     0     4      226.67      740.00        0.00
     0     4      230.67      741.33        0.00
     0     4      233.33      744.00        0.00
     0     4      240.00      746.67        0.00
     0     4      244.00      748.00        0.00
     0     4      248.00      750.67        0.00
     0     4      253.33      753.33        0.00
     0     4      257.33      754.67        0.00
     0     4      262.67      757.33        0.00
     0     4      268.00      758.67        0.00
     0     4      273.33      761.33        0.00
     0     4      278.67      764.00        0.00
     0     4      284.00      765.33        0.00
     0     4      288.00      768.00        0.00
     0     4      293.33      769.33        0.00
     0     4      300.00      770.67        0.00
     0     4      304.00      773.33        0.00
     0     4      308.00      774.67        0.00
     0     4      313.33      777.33        0.00
     0     4      317.33      778.67        0.00
     0     4      321.33      780.00        0.00
     0     4      326.67      781.33        0.00
     0     4      330.67      782.67        0.00
     0     4      334.67      784.00        0.00
     0     4      338.67      784.00        0.00
     0     4      342.67      785.33        0.00
     0     4      346.67      786.67        0.00
     0     4      350.67      788.00        0.00
     0     4      354.67      788.00        0.00
     0     4      358.67      789.33        0.00
     0     4      362.67      790.67        0.00
     0     4      369.33      792.00        0.00
     0     4      374.67      793.33        0.00
     0     4      380.00      794.67        0.00
     0     4      384.00      794.67        0.00
     0     4      388.00      796.00        0.00
     0     4      392.00      797.33        0.00
     0     4      396.00      797.33        0.00
     0     4      400.00      797.33        0.00
     0     4      405.33      798.67        0.00
     0     4      412.00      798.67        0.00
     0     4      417.33      800.00        0.00
     0     4      421.33      800.00        0.00
     0     4      425.33      800.00        0.00
     0     4      430.67      800.00        0.00
     0     4      436.00      800.00        0.00
     0     4      442.67      800.00        0.00
     0     4      450.67      800.00        0.00
     0     4      454.67      798.67        0.00
     0     4      458.67      798.67        0.00
     0     4      464.00      798.67        0.00
     0     4      468.00      797.33        0.00
     0     4      472.00      796.00        0.00
     0     4      476.00      796.00        0.00
     0     4      480.00      794.67        0.00
     0     4      484.00      793.33        0.00
     0     4      488.00      792.00        0.00
     0     4      492.00      792.00        0.00
     0     4      496.00      789.33        0.00
     0     4      500.00      788.00        0.00
     0     4      504.00      786.67        0.00
     0     4      508.00      784.00        0.00
     0     4      512.00      782.67        0.00
     0     4      516.00      781.33        0.00
     0     4      518.67      778.67        0.00
     0     4      521.33      776.00        0.00
     0     4      525.33      774.67        0.00
     0     4      529.33      772.00        0.00
     0     4      533.33      769.33        0.00
     0     4      537.33      768.00        0.00
     0     4      540.00      765.33        0.00
     0     4      544.00      764.00        0.00
     0     4      546.67      761.33        0.00
     0     4      550.67      760.00        0.00
     0     4      553.33      757.33        0.00
     0     4      554.67      753.33        0.00
     0     4      556.00      749.33        0.00
     0     4      556.00      745.33        0.00
     0     4      557.33      741.33        0.00
     0     4      557.33      737.33        0.00
     0     4      557.33      733.33        0.00
     0     4      557.33      729.33        0.00
     0     4      557.33      725.33        0.00
     0     4      557.33      721.33        0.00
     0     4      557.33      717.33        0.00
     0     4      557.33      713.33        0.00
     0     4      557.33      709.33        0.00
     0     4      556.00      705.33        0.00
     0     4      554.67      701.33        0.00
     0     4      553.33      697.33        0.00
     0     4      552.00      693.33        0.00
     0     4      549.33      689.33        0.00
     0     4      549.33      685.33        0.00
     0     4      548.00      681.33        0.00
     0     4      545.33      678.67        0.00
     0     4      542.67      676.00        0.00
     0     4      540.00      673.33        0.00
     0     4      537.33      670.67        0.00
     0     4      533.33      669.33        0.00
     0     4      530.67      666.67        0.00
     0     4      526.67      665.33        0.00
     0     4      524.00      662.67        0.00
     0     4      520.00      661.33        0.00
     0     4      516.00      660.00        0.00
     0     4      512.00      658.67        0.00
     0     4      508.00      657.33        0.00
     0     4      504.00      656.00        0.00
     0     4      500.00      656.00        0.00
     0     4      496.00      656.00        0.00
     0     4      492.00      654.67        0.00
     0     4      488.00      654.67        0.00
     0     4      484.00      654.67        0.00
     0     4      480.00      653.33        0.00
     0     4      476.00      652.00        0.00
     0     4      472.00      652.00        0.00
     0     4      468.00      650.67        0.00
     0     4      464.00      649.33        0.00
     0     4      460.00      649.33        0.00
     0     4      456.00      648.00        0.00
     0     4      452.00      648.00        0.00
     0     4      448.00      646.67        0.00
     0     4      444.00      646.67        0.00
     0     4      440.00      646.67        0.00
     0     4      436.00      645.33        0.00
     0     4      432.00      645.33        0.00
     0     4      428.00      644.00        0.00
     0     4      424.00      644.00        0.00
     0     4      420.00      642.67        0.00
     0     4      416.00      642.67        0.00
     0     4      412.00      641.33        0.00
     0     4      408.00      640.00        0.00
     0     4      404.00      640.00        0.00
     0     4      400.00      640.00        0.00
     0     4      396.00      638.67        0.00
     0     4      392.00      638.67        0.00
     0     4      388.00      637.33        0.00
     0     4      384.00      636.00        0.00
     0     4      380.00      636.00        0.00
     0     4      376.00      634.67        0.00
     0     4      372.00      633.33        0.00
     0     4      368.00      632.00        0.00
     0     4      365.33      629.33        0.00
     0     4      364.00      625.33        0.00
     0     4      362.67      621.33        0.00
     0     4      362.67      617.33        0.00
     0     4      364.00      613.33        0.00
     0     4      366.67      610.67        0.00
     0     4      369.33      606.67        0.00
     0     4      373.33      605.33        0.00
     0     4      377.33      602.67        0.00
     0     4      381.33      602.67        0.00
     0     4      385.33      601.33        0.00
     0     4      389.33      601.33        0.00
     0     4      394.67      601.33        0.00
     0     4      398.67      601.33        0.00
     0     4      404.00      601.33        0.00
     0     4      409.33      602.67        0.00
     0     4      414.67      604.00        0.00
     0     4      418.67      604.00        0.00
     0     4      424.00      605.33        0.00
     0     4      428.00      606.67        0.00
     0     4      433.33      606.67        0.00
     0     4      438.67      608.00        0.00
     0     4      442.67      608.00        0.00
     0     4      448.00      609.33        0.00
     0     4      453.33      609.33        0.00
     0     4      457.33      609.33        0.00
     0     4      461.33      610.67        0.00
     0     4      465.33      610.67        0.00
     0     4      469.33      610.67        0.00
     0     4      474.67      612.00        0.00
     0     4      481.33      612.00        0.00
     0     4      489.33      612.00        0.00
     0     4      493.33      612.00        0.00
     0     4      498.67      612.00        0.00
     0     4      502.67      612.00        0.00
     0     4      506.67      612.00        0.00
     0     4      510.67      612.00        0.00
     0     4      532.00      606.67        0.00
     0     4      532.00      606.67        0.00
     0     4      541.33      605.33        0.00
     0     4      545.33      605.33        0.00
     0     4      549.33      604.00        0.00
     0     4      552.00      601.33        0.00
     0     4      556.00      601.33        0.00
     0     4      560.00      600.00        0.00
     0     4      564.00      598.67        0.00
     0     4      568.00      597.33        0.00
     0     4      572.00      597.33        0.00
     0     4      576.00      596.00        0.00
     0     4      580.00      596.00        0.00
     0     4      584.00      594.67        0.00
     0     4      588.00      592.00        0.00
     0     4      592.00      592.00        0.00
     0     4      596.00      590.67        0.00
     0     4      600.00      589.33        0.00
     0     4      604.00      588.00        0.00
     0     4      608.00      586.67        0.00
     0     4      612.00      584.00        0.00
     0     4      616.00      582.67        0.00
     0     4      620.00      581.33        0.00
     0     4      624.00      581.33        0.00
     0     4      628.00      580.00        0.00
     0     4      632.00      578.67        0.00
     0     4      636.00      577.33        0.00
     0     4      638.67      574.67        0.00
     0     4      642.67      573.33        0.00
     0     4      649.33      570.67        0.00
     0     4      653.33      569.33        0.00
     0     4      657.33      566.67        0.00
     0     4      662.67      564.00        0.00
     0     4      666.67      561.33        0.00
     0     4      670.67      560.00        0.00
     0     4      674.67      558.67        0.00
     0     4      680.00      557.33        0.00
     0     4      682.67      554.67        0.00
     0     4      686.67      554.67        0.00
     0     4      690.67      553.33        0.00
     0     4      698.67      549.33        0.00
     0     4      702.67      548.00        0.00
     0     4      706.67      545.33        0.00
     0     4      710.67      544.00        0.00
     0     4      714.67      542.67        0.00
     0     4      718.67      541.33        0.00
     0     4      724.00      538.67        0.00
     0     4      728.00      536.00        0.00
     0     4      732.00      534.67        0.00
     0     4      736.00      533.33        0.00
     0     4      740.00      532.00        0.00
     0     4      745.33      529.33        0.00
     0     4      749.33      528.00        0.00
     0     4      753.33      525.33        0.00
     0     4      757.33      524.00        0.00
     0     4      762.67      522.67        0.00
     0     4      769.33      521.33        0.00
     0     4      773.33      520.00        0.00
     0     4      777.33      518.67        0.00
     0     4      785.33      516.00        0.00
     0     4      792.00      512.00        0.00
     0     4      796.00      510.67        0.00
     0     4      801.33      509.33        0.00
     0     4      809.33      505.33        0.00
     0     4      813.33      504.00        0.00
     0     4      817.33      502.67        0.00
     0     4      821.33      501.33        0.00
     0     4      830.67      498.67        0.00
     0     4      834.67      497.33        0.00
     0     4      838.67      496.00        0.00
     0     4      842.67      494.67        0.00
     0     4      846.67      493.33        0.00
     0     4      849.33      490.67        0.00
     0     4      853.33      488.00        0.00
     0     4      856.00      485.33        0.00
     0     4      860.00      482.67        0.00
     0     4      865.33      480.00        0.00
     0     4      869.33      477.33        0.00
     0     4      872.00      474.67        0.00
     0     4      874.67      472.00        0.00
     0     4      881.33      468.00        0.00
     0     4      885.33      464.00        0.00
     0     4      888.00      461.33        0.00
     0     4      889.33      457.33        0.00
     0     4      890.67      453.33        0.00
     0     4      890.67      449.33        0.00
     0     4      892.00      445.33        0.00
     0     4      893.33      441.33        0.00
     0     4      893.33      437.33        0.00
     0     4      892.00      433.33        0.00
     0     4      892.00      429.33        0.00
     0     4      892.00      424.00        0.00
     0     4      892.00      420.00        0.00
     0     4      892.00      416.00        0.00
     0     4      890.67      412.00        0.00
     0     4      889.33      408.00        0.00
     0     4      888.00      404.00        0.00
     0     4      888.00      400.00        0.00
     0     4      885.33      397.33        0.00
     0     4      884.00      393.33        0.00
     0     4      884.00      389.33        0.00
     0     4      882.67      385.33        0.00
     0     4      878.67      384.00        0.00
     0     4      876.00      381.33        0.00
     0     4      873.33      378.67        0.00
     0     4      869.33      377.33        0.00
     0     4      865.33      376.00        0.00
     0     4      862.67      373.33        0.00
     0     4      858.67      372.00        0.00
     0     4      854.67      370.67        0.00
     0     4      850.67      369.33        0.00
     0     4      846.67      366.67        0.00
     0     4      842.67      366.67        0.00
     0     4      838.67      366.67        0.00
     0     4      834.67      366.67        0.00
     0     4      830.67      366.67        0.00
     0     4      826.67      368.00        0.00
     0     4      822.67      369.33        0.00
     0     4      818.67      370.67        0.00
     0     4      814.67      373.33        0.00
     0     4      810.67      374.67        0.00
     0     4      806.67      376.00        0.00
     0     4      804.00      378.67        0.00
     0     4      798.67      381.33        0.00
     0     4      794.67      384.00        0.00
     0     4      788.00      386.67        0.00
     0     4      782.67      390.67        0.00
     0     4      777.33      393.33        0.00
     0     4      770.67      396.00        0.00
     0     4      765.33      396.00        0.00
     0     4      757.33      398.67        0.00
     0     4      752.00      400.00        0.00
     0     4      746.67      402.67        0.00
     0     4      740.00      404.00        0.00
     0     4      736.00      406.67        0.00
     0     4      732.00      406.67        0.00
     0     4      728.00      408.00        0.00
     0     4      724.00      409.33        0.00
     0     4      720.00      412.00        0.00
     0     4      716.00      413.33        0.00
     0     4      712.00      416.00        0.00
     0     4      708.00      417.33        0.00
     0     4      704.00      418.67        0.00
     0     4      700.00      420.00        0.00
     0     4      696.00      422.67        0.00
     0     4      692.00      425.33        0.00
     0     4      688.00      426.67        0.00
     0     4      682.67      429.33        0.00
     0     4      677.33      432.00        0.00
     0     4      672.00      434.67        0.00
     0     4      668.00      436.00        0.00
     0     4      662.67      438.67        0.00
     0     4      658.67      441.33        0.00
     0     4      654.67      444.00        0.00
     0     4      650.67      445.33        0.00
     0     4      645.33      449.33        0.00
     0     4      638.67      452.00        0.00
     0     4      636.00      454.67        0.00
     0     4      630.67      460.00        0.00
     0     4      626.67      461.33        0.00
     0     4      624.00      464.00        0.00
     0     4      621.33      466.67        0.00
     0     4      617.33      472.00        0.00
     0     4      613.33      476.00        0.00
     0     4      610.67      478.67        0.00
     0     4      608.00      482.67        0.00
     0     4      604.00      488.00        0.00
     0     4      601.33      490.67        0.00
     0     4      598.67      496.00        0.00
     0     4      594.67      501.33        0.00
     0     4      592.00      505.33        0.00
     0     4      589.33      509.33        0.00
     0     4      586.67      513.33        0.00
     0     4      582.67      516.00        0.00
     0     4      577.33      521.33        0.00
     0     4      573.33      524.00        0.00
     0     4      565.33      529.33        0.00
     0     4      561.33      530.67        0.00
     0     4      557.33      533.33        0.00
     0     4      552.00      536.00        0.00
     0     4      545.33      538.67        0.00
     0     4      541.33      540.00        0.00
     0     4      537.33      542.67        0.00
     0     4      528.00      545.33        0.00
     0     4      524.00      546.67        0.00
     0     4      520.00      548.00        0.00
     0     4      516.00      549.33        0.00
     0     4      509.33      550.67        0.00
     0     4      504.00      553.33        0.00
     0     4      498.67      553.33        0.00
     0     4      488.00      554.67        0.00
     0     4      477.33      556.00        0.00
     0     4      472.00      557.33        0.00
     0     4      468.00      558.67        0.00
     0     4      461.33      560.00        0.00
     0     4      454.67      561.33        0.00
     0     4      450.67      562.67        0.00
     0     4      446.67      564.00        0.00
     0     4      441.33      565.33        0.00
     0     4      434.67      565.33        0.00
     0     4      429.33      566.67        0.00
     0     4      424.00      566.67        0.00
     0     4      418.67      568.00        0.00
     0     4      408.00      569.33        0.00
     0     4      402.67      569.33        0.00
     0     4      396.00      569.33        0.00
     0     4      385.33      569.33        0.00
     0     4      377.33      569.33        0.00
     0     4      370.67      569.33        0.00
     0     4      365.33      569.33        0.00
     0     4      357.33      569.33        0.00
     0     4      353.33      569.33        0.00
     0     4      348.00      569.33        0.00
     0     4      342.67      569.33        0.00
     0     4      334.67      568.00        0.00
     0     4      328.00      566.67        0.00
     0     4      322.67      566.67        0.00
     0     4      314.67      565.33        0.00
     0     4      306.67      565.33        0.00
     0     4      298.67      562.67        0.00
     0     4      293.33      561.33        0.00
     0     4      285.33      560.00        0.00
     0     4      278.67      558.67        0.00
     0     4      270.67      557.33        0.00
     0     4      266.67      556.00        0.00
     0     4      260.00      554.67        0.00
     0     4      254.67      554.67        0.00
     0     4      250.67      553.33        0.00
     0     4      244.00      552.00        0.00
     0     4      240.00      550.67        0.00
     0     4      234.67      550.67        0.00
     0     4      229.33      549.33        0.00
     0     4      224.00      548.00        0.00
     0     4      217.33      548.00        0.00
     0     4      210.67      546.67        0.00
     0     4      206.67      546.67        0.00
     0     4      200.00      546.67        0.00
     0     4      194.67      545.33        0.00
     0     4      188.00      544.00        0.00
     0     4      180.00      542.67        0.00
     0     4      173.33      541.33        0.00
     0     4      165.33      540.00        0.00
     0     4      157.33      538.67        0.00
     0     4      146.67      536.00        0.00
     0     4      142.67      534.67        0.00
     0     4      137.33      532.00        0.00
     0     4      133.33      529.33        0.00
     0     4      130.67      526.67        0.00
     0     4      126.67      524.00        0.00
     0     4      122.67      521.33        0.00
     0     4      118.67      518.67        0.00
     0     4      114.67      517.33        0.00
     0     4      109.33      514.67        0.00
     0     4      104.00      513.33        0.00
     0     4       96.00      510.67        0.00
     0     4       92.00      509.33        0.00
     0     4       85.33      509.33        0.00
     0     4       74.67      508.00        0.00
     0     4       69.33      505.33        0.00
     0     4       64.00      504.00        0.00
     0     4       57.33      502.67        0.00
     0     4       49.33      501.33        0.00
     0     4       45.33      500.00        0.00
     0     4       41.33      497.33        0.00
     0     4       37.33      496.00        0.00
     0     4       33.33      494.67        0.00
     0     4       29.33      494.67        0.00
     0     4       25.33      493.33        0.00
     0     4       21.33      492.00        0.00
     0     4       17.33      492.00        0.00
     0     4       13.33      492.00        0.00
     0     4        9.33      492.00        0.00
     0     4        5.33      492.00        0.00
     0     4        1.33      492.00        0.00
     1     0      186.00      531.00        0.00
     1     0      182.67      532.33        0.00
     1     0      179.33      533.00        0.00
     1     0      176.00      533.00        0.00
     1     0      172.67      533.00        0.00
     1     0      169.33      532.33        0.00
     1     0      166.00      531.00        0.00
     1     0      164.67      527.67        0.00
     1     0      164.67      524.33        0.00
     1     0      164.67      521.00        0.00
     1     0      166.67      517.67        0.00
     1     0      168.67      515.00        0.00
     1     0      171.33      513.00        0.00
     1     0      174.67      511.67        0.00
     1     0      178.00      511.67        0.00
     1     0      181.33      511.00        0.00
     1     0      184.67      511.00        0.00
     1     0      188.00      511.00        0.00
     1     0      191.33      511.00        0.00
     1     0      194.67      511.67        0.00
     1     0      197.33      514.33        0.00
     1     0      198.67      517.67        0.00
     1     0      199.33      521.00        0.00
     1     0      198.67      524.33        0.00
     1     0      197.33      527.67        0.00
     1     0      194.67      529.67        0.00
     1     0      191.33      530.33        0.00
     1     2      282.67      540.33        0.00
     1     2      279.33      541.00        0.00
     1     2      276.00      541.67        0.00
     1     2      272.67      541.67        0.00
     1     2      269.33      541.00        0.00
     1     2      266.00      539.00        0.00
     1     2      262.67      537.67        0.00
     1     2      260.67      535.00        0.00
     1     2      260.00      531.67        0.00
     1     2      260.67      528.33        0.00
     1     2      262.67      525.67        0.00
     1     2      266.00      523.67        0.00
     1     2      269.33      522.33        0.00
     1     2      272.67      521.67        0.00
     1     2      276.00      521.67        0.00
     1     2      279.33      523.00        0.00
     1     2      282.00      525.00        0.00
     1     2      284.67      527.00        0.00
     1     2      286.67      529.67        0.00
     1     2      288.00      533.00        0.00
     1     3      368.00      549.00        0.00
     1     3      365.33      551.67        0.00
     1     3      362.00      553.67        0.00
     1     3      358.67      554.33        0.00
     1     3      355.33      554.33        0.00
     1     3      352.00      553.00        0.00
     1     3      350.67      549.67        0.00
     1     3      349.33      546.33        0.00
     1     3      349.33      543.00        0.00
     1     3      350.67      539.67        0.00
     1     3      353.33      537.67        0.00
     1     3      356.67      536.33        0.00
     1     3      360.00      535.67        0.00
     1     3      363.33      536.33        0.00
     1     3      365.33      539.67        0.00
     1     4      391.33      555.67        0.00
     1     4      388.00      556.33        0.00
     1     4      384.67      556.33        0.00
     1     4      382.00      554.33        0.00
     1     4      381.33      551.00        0.00
     1     4      381.33      547.67        0.00
     1     4      381.33      544.33        0.00
     1     4      383.33      541.67        0.00
     1     4      386.67      540.33        0.00
     1     4      390.00      540.33        0.00
     1     4      392.00      543.00        0.00
     1     4      394.00      545.67        0.00
     1     5      418.67      539.00        0.00
     1     5      413.33      541.67        0.00
     1     5      410.00      541.67        0.00
     1     5      406.67      539.67        0.00
     1     5      406.00      536.33        0.00
     1     5      407.33      533.00        0.00
     1     5      409.33      530.33        0.00
     1     5      412.67      529.00        0.00
     1     5      416.00      527.67        0.00
     1     5      419.33      527.67        0.00
     1     5      422.67      528.33        0.00
     1     5      425.33      530.33        0.00
     1     5      426.00      533.67        0.00
     1     5      424.00      536.33        0.00
     1     6      441.33      523.00        0.00
     1     6      436.67      525.67        0.00
     1     6      433.33      525.67        0.00
     1     6      432.00      522.33        0.00
     1     6      432.00      519.00        0.00
     1     6      432.00      515.67        0.00
     1     6      431.33      512.33        0.00
     1     6      431.33      509.00        0.00
     1     6      434.00      507.00        0.00
     1     6      436.67      505.00        0.00
     1     6      440.00      504.33        0.00
     1     6      443.33      505.67        0.00
     1     6      446.00      507.67        0.00
     1     6      446.67      511.00        0.00
     1     6      447.33      514.33        0.00
     1     6      446.67      517.67        0.00
     1     7      456.00      519.00        0.00
     1     7      462.00      521.67        0.00
     1     7      465.33      522.33        0.00
     1     7      468.67      523.67        0.00
     1     7      471.33      526.33        0.00
     1     7      471.33      529.67        0.00
     1     7      469.33      533.00        0.00
     1     7      468.00      536.33        0.00
     1     7      464.67      538.33        0.00
     1     7      461.33      539.67        0.00
     1     7      458.00      541.00        0.00
     1     7      454.67      541.67        0.00
     1     7      451.33      542.33        0.00
     1     7      448.00      541.00        0.00
     1     7      446.00      538.33        0.00
     1     7      444.00      535.67        0.00
     1     7      443.33      532.33        0.00
     1     7      444.67      529.00        0.00
     1     7      447.33      526.33        0.00
     1     7      450.67      525.67        0.00
     1     8      506.00      515.00        0.00
     1     8      510.67      515.00        0.00
     1     8      512.67      517.67        0.00
     1     8      512.67      521.00        0.00
     1     8      512.00      524.33        0.00
     1     8      510.00      527.00        0.00
     1     8      506.67      528.33        0.00
     1     8      503.33      530.33        0.00
     1     8      500.00      531.67        0.00
     1     8      496.67      531.67        0.00
     1     8      494.00      529.67        0.00
     1     8      492.00      527.00        0.00
     1     8      490.67      523.67        0.00
     1     8      490.67      520.33        0.00
     1     8      492.00      517.00        0.00
     1     8      495.33      515.67        0.00
     1     8      498.67      514.33        0.00
     1     9      528.67      518.33        0.00
     1     9      523.33      516.33        0.00
     1     9      522.00      513.00        0.00
     1     9      521.33      509.67        0.00
     1     9      522.00      506.33        0.00
     1     9      524.67      503.67        0.00
     1     9      528.00      502.33        0.00
     1     9      531.33      502.33        0.00
     1     9      534.67      502.33        0.00
     1     9      538.00      503.00        0.00
     1     9      541.33      503.00        0.00
     1     9      544.00      505.00        0.00
     1     9      547.33      505.67        0.00
     1     9      550.67      507.00        0.00
     1     9      552.00      510.33        0.00
     1     9      550.00      513.00        0.00
     1     9      547.33      515.00        0.00
     1     9      544.00      516.33        0.00
     1     9      540.67      517.00        0.00
     1    10      556.67      516.33        0.00
     1    10      560.00      517.00        0.00
     1    10      563.33      517.00        0.00
     1    10      566.00      519.00        0.00
     1    10      568.00      521.67        0.00
     1    10      568.00      525.00        0.00
     1    10      568.00      528.33        0.00
     1    10      565.33      530.33        0.00
     1    10      562.00      531.00        0.00
     1    10      558.67      531.67        0.00
     1    10      555.33      531.67        0.00
     1    10      552.00      531.67        0.00
     1    10      548.67      531.67        0.00
     1    10      546.00      529.67        0.00
     1    10      546.00      526.33        0.00
     1    10      546.00      523.00        0.00
     1    10      548.00      520.33        0.00
     1    11      597.33      503.67        0.00
     1    11      598.00      507.00        0.00
     1    11      598.00      510.33        0.00
     1    11      596.00      513.00        0.00
     1    11      592.67      513.67        0.00
     1    11      589.33      513.67        0.00
     1    11      586.00      512.33        0.00
     1    11      583.33      510.33        0.00
     1    11      580.67      507.67        0.00
     1    11      578.67      504.33        0.00
     1    11      577.33      501.00        0.00
     1    11      579.33      498.33        0.00
     1    11      582.67      497.00        0.00
     1    11      586.00      496.33        0.00
     1    11      589.33      495.67        0.00
     1    11      592.67      495.67        0.00
     1    12      542.00      471.00        0.00
     1    12      542.67      474.33        0.00
     1    12      542.67      477.67        0.00
     1    12      540.00      479.67        0.00
     1    12      536.67      480.33        0.00
     1    12      533.33      481.00        0.00
     1    12      530.00      480.33        0.00
     1    12      526.67      479.00        0.00
     1    12      524.67      476.33        0.00
     1    12      523.33      473.00        0.00
     1    12      523.33      469.67        0.00
     1    12      524.67      466.33        0.00
     1    12      528.00      465.00        0.00
     1    12      531.33      465.00        0.00
     1    12      534.67      465.67        0.00
     1    13      571.33      475.00        0.00
     1    13      570.67      478.33        0.00
     1    13      568.00      480.33        0.00
     1    13      565.33      482.33        0.00
     1    13      562.00      482.33        0.00
     1    13      558.67      480.33        0.00
     1    13      556.67      477.67        0.00
     1    13      556.00      474.33        0.00
     1    13      555.33      471.00        0.00
     1    13      555.33      467.67        0.00
     1    13      556.67      464.33        0.00
     1    13      559.33      462.33        0.00
     1    13      562.67      462.33        0.00
     1    13      565.33      464.33        0.00
     1    13      566.67      467.67        0.00
     1    14      586.00      475.00        0.00
     1    14      580.00      471.67        0.00
     1    14      578.00      469.00        0.00
     1    14      576.67      465.67        0.00
     1    14      576.67      462.33        0.00
     1    14      576.67      459.00        0.00
     1    14      580.00      457.67        0.00
     1    14      583.33      457.00        0.00
     1    14      586.67      457.00        0.00
     1    14      590.00      456.33        0.00
     1    14      592.67      458.33        0.00
     1    14      595.33      460.33        0.00
     1    14      597.33      463.00        0.00
     1    14      598.67      466.33        0.00
     1    14      599.33      469.67        0.00
     1    14      598.67      473.00        0.00
     1    14      595.33      473.67        0.00
     1    15      614.00      471.00        0.00
     1    15      610.67      471.00        0.00
     1    15      607.33      471.00        0.00
     1    15      604.67      468.33        0.00
     1    15      602.00      466.33        0.00
     1    15      601.33      463.00        0.00
     1    15      601.33      459.67        0.00
     1    15      601.33      456.33        0.00
     1    15      602.67      453.00        0.00
     1    15      604.67      450.33        0.00
     1    15      608.00      449.67        0.00
     1    15      611.33      449.67        0.00
     1    15      614.67      450.33        0.00
     1    15      617.33      453.00        0.00
     1    15      619.33      455.67        0.00
     1    15      620.67      459.00        0.00
     1    15      621.33      462.33        0.00
     1    15      622.00      465.67        0.00
     1    15      620.00      468.33        0.00
     1    16      639.33      463.67        0.00
     1    16      635.33      465.67        0.00
     1    16      632.00      465.67        0.00
     1    16      628.67      464.33        0.00
     1    16      626.00      462.33        0.00
     1    16      624.67      459.00        0.00
     1    16      624.00      455.67        0.00
     1    16      623.33      452.33        0.00
     1    16      622.67      449.00        0.00
     1    16      622.67      445.67        0.00
     1    16      624.67      442.33        0.00
     1    16      628.00      441.00        0.00
     1    16      631.33      440.33        0.00
     1    16      634.67      442.33        0.00
     1    16      636.67      445.00        0.00
     1    16      639.33      447.67        0.00
     1    16      640.00      451.00        0.00
     1    16      640.00      454.33        0.00
     1    16      639.33      457.67        0.00
     1    17      663.33      431.67        0.00
     1    17      666.67      435.00        0.00
     1    17      667.33      438.33        0.00
     1    17      667.33      441.67        0.00
     1    17      666.67      445.00        0.00
     1    17      664.00      447.00        0.00
     1    17      660.67      447.67        0.00
     1    17      657.33      448.33        0.00
     1    17      654.00      447.67        0.00
     1    17      651.33      445.00        0.00
     1    17      649.33      441.67        0.00
     1    17      648.00      438.33        0.00
     1    17      647.33      435.00        0.00
     1    17      647.33      431.67        0.00
     1    17      647.33      428.33        0.00
     1    17      650.00      425.67        0.00
     1    17      653.33      425.67        0.00
     1    17      656.67      425.67        0.00
     1    18      688.00      414.33        0.00
     1    18      692.00      419.67        0.00
     1    18      692.00      423.00        0.00
     1    18      689.33      425.00        0.00
     1    18      686.00      426.33        0.00
     1    18      682.67      427.67        0.00
     1    18      679.33      428.33        0.00
     1    18      676.00      428.33        0.00
     1    18      672.67      427.00        0.00
     1    18      670.00      425.00        0.00
     1    18      668.67      421.67        0.00
     1    18      668.67      418.33        0.00
     1    18      669.33      415.00        0.00
     1    18      670.67      411.67        0.00
     1    18      673.33      409.00        0.00
     1    18      676.67      408.33        0.00
     1    18      680.00      407.67        0.00
     1    19      853.33      355.00        0.00
     1    19      856.67      357.67        0.00
     1    19      858.67      360.33        0.00
     1    19      858.67      363.67        0.00
     1    19      855.33      365.00        0.00
     1    19      852.00      365.67        0.00
     1    19      848.67      366.33        0.00
     1    19      845.33      366.33        0.00
     1    19      842.00      365.67        0.00
     1    19      838.67      363.67        0.00
     1    19      837.33      360.33        0.00
     1    19      836.67      357.00        0.00
     1    19      836.67      353.67        0.00
     1    19      838.00      350.33        0.00
     1    19      841.33      349.00        0.00
     1    19      844.67      348.33        0.00
     1    19      848.00      348.33        0.00
     1    20      854.00      335.67        0.00
     1    20      856.00      338.33        0.00
     1    20      856.00      341.67        0.00
     1    20      853.33      343.67        0.00
     1    20      850.00      344.33        0.00
     1    20      847.33      342.33        0.00
     1    20      846.00      339.00        0.00
     1    20      844.00      336.33        0.00
     1    20      843.33      333.00        0.00
     1    20      843.33      329.67        0.00
     1    20      846.67      329.00        0.00
     1    20      850.00      329.00        0.00
     1    21      872.67      329.00        0.00
     1    21      878.67      331.67        0.00
     1    21      880.67      334.33        0.00
     1    21      882.67      337.00        0.00
     1    21      884.67      340.33        0.00
     1    21      885.33      343.67        0.00
     1    21      884.00      347.00        0.00
     1    21      881.33      349.00        0.00
     1    21      878.00      349.67        0.00
     1    21      874.67      350.33        0.00
     1    21      871.33      350.33        0.00
     1    21      868.00      349.67        0.00
     1    21      866.00      347.00        0.00
     1    21      864.67      343.67        0.00
     1    21      863.33      340.33        0.00
     1    21      862.00      337.00        0.00
     1    21      862.00      333.67        0.00
     1    21      864.67      331.00        0.00
     1    21      868.00      330.33        0.00
     1    22      888.67      356.33        0.00
     1    22      892.67      361.00        0.00
     1    22      894.67      363.67        0.00
     1    22      895.33      367.00        0.00
     1    22      894.67      370.33        0.00
     1    22      891.33      371.67        0.00
     1    22      888.00      371.67        0.00
     1    22      884.67      371.67        0.00
     1    22      881.33      371.00        0.00
     1    22      878.00      369.00        0.00
     1    22      874.67      367.00        0.00
     1    22      872.67      364.33        0.00
     1    22      872.67      361.00        0.00
     1    22      875.33      359.00        0.00
     1    22      878.67      358.33        0.00
     1    22      882.00      358.33        0.00
     1    23      929.33      341.67        0.00
     1    23      932.00      346.33        0.00
     1    23      932.67      349.67        0.00
     1    23      932.67      353.00        0.00
     1    23      932.00      356.33        0.00
     1    23      929.33      358.33        0.00
     1    23      926.00      359.00        0.00
     1    23      922.67      359.00        0.00
     1    23      919.33      357.00        0.00
     1    23      916.67      355.00        0.00
     1    23      914.00      353.00        0.00
     1    23      912.00      350.33        0.00
     1    23      910.67      347.00        0.00
     1    23      910.00      343.67        0.00
     1    23      910.67      340.33        0.00
     1    23      912.67      337.67        0.00
     1    23      915.33      335.67        0.00
     1    23      918.67      334.33        0.00
     1    23      922.00      334.33        0.00
     1    23      924.67      336.33        0.00
     1    24      694.00      534.00        0.00
     1    24      688.00      534.67        0.00
     1    24      685.33      532.67        0.00
     1    24      684.00      529.33        0.00
     1    24      682.67      526.00        0.00
     1    24      682.67      522.67        0.00
     1    24      682.67      519.33        0.00
     1    24      684.00      516.00        0.00
     1    24      686.67      514.00        0.00
     1    24      690.00      512.67        0.00
     1    24      693.33      512.67        0.00
     1    24      696.67      514.00        0.00
     1    24      698.67      516.67        0.00
     1    24      699.33      520.00        0.00
     1    24      700.67      523.33        0.00
     1    24      700.67      526.67        0.00
     1    25      726.00      527.33        0.00
     1    25      728.67      534.00        0.00
     1    25      727.33      537.33        0.00
     1    25      724.00      539.33        0.00
     1    25      720.67      540.00        0.00
     1    25      717.33      540.00        0.00
     1    25      714.00      540.00        0.00
     1    25      711.33      537.33        0.00
     1    25      710.67      534.00        0.00
     1    25      710.00      530.67        0.00
     1    25      710.00      527.33        0.00
     1    25      712.00      524.67        0.00
     1    25      715.33      522.67        0.00
     1    25      718.67      522.67        0.00
     1    26      746.67      516.67        0.00
     1    26      751.33      518.00        0.00
     1    26      754.00      520.00        0.00
     1    26      754.00      523.33        0.00
     1    26      754.00      526.67        0.00
     1    26      754.00      530.00        0.00
     1    26      752.00      532.67        0.00
     1    26      750.00      535.33        0.00
     1    26      746.67      536.00        0.00
     1    26      743.33      534.67        0.00
     1    26      740.67      532.67        0.00
     1    26      738.00      530.67        0.00
     1    26      736.00      528.00        0.00
     1    26      734.67      524.67        0.00
     1    26      734.00      521.33        0.00
     1    26      736.67      518.67        0.00
     1    27      515.00      630.33        0.00
     1    27      511.67      631.00        0.00
     1    27      509.00      633.00        0.00
     1    27      505.67      633.67        0.00
     1    27      502.33      633.67        0.00
     1    27      499.00      633.00        0.00
     1    27      495.67      631.67        0.00
     1    27      493.00      629.00        0.00
     1    27      492.33      625.67        0.00
     1    27      492.33      622.33        0.00
     1    27      494.33      619.67        0.00
     1    27      497.00      617.00        0.00
     1    27      499.67      615.00        0.00
     1    27      503.00      614.33        0.00
     1    27      506.33      614.33        0.00
     1    27      509.67      615.00        0.00
     1    27      511.67      618.33        0.00
     1    27      513.00      621.67        0.00
     1    28      541.00      615.67        0.00
     1    28      543.00      618.33        0.00
     1    28      543.67      621.67        0.00
     1    28      543.67      625.00        0.00
     1    28      541.67      628.33        0.00
     1    28      538.33      630.33        0.00
     1    28      535.00      630.33        0.00
     1    28      531.67      629.67        0.00
     1    28      529.67      627.00        0.00
     1    28      527.67      624.33        0.00
     1    28      525.67      621.00        0.00
     1    28      525.00      617.67        0.00
     1    28      525.00      614.33        0.00
     1    28      527.67      612.33        0.00
     1    28      531.00      611.67        0.00
     1    28      534.33      611.67        0.00
     1    29      554.33      619.00        0.00
     1    29      559.00      621.00        0.00
     1    29      561.67      623.67        0.00
     1    29      561.67      627.00        0.00
     1    29      560.33      630.33        0.00
     1    29      557.67      632.33        0.00
     1    29      554.33      633.67        0.00
     1    29      551.00      634.33        0.00
     1    29      547.67      634.33        0.00
     1    29      544.33      634.33        0.00
     1    29      543.00      631.00        0.00
     1    29      543.00      627.67        0.00
     1    29      543.00      624.33        0.00
     1    29      543.00      621.00        0.00
     1    29      543.67      617.67        0.00
     1    29      546.33      615.67        0.00
     1    29      549.67      615.67        0.00
     1    30      576.33      638.33        0.00
     1    30      581.00      640.33        0.00
     1    30      584.33      641.67        0.00
     1    30      586.33      644.33        0.00
     1    30      586.33      647.67        0.00
     1    30      586.33      651.00        0.00
     1    30      583.67      653.00        0.00
     1    30      581.00      655.00        0.00
     1    30      577.67      656.33        0.00
     1    30      574.33      655.67        0.00
     1    30      571.67      653.67        0.00
     1    30      569.00      651.00        0.00
     1    30      566.33      649.00        0.00
     1    30      564.33      645.67        0.00
     1    30      563.67      642.33        0.00
     1    30      564.33      639.00        0.00
     1    30      567.67      637.67        0.00
     1    30      571.00      637.00        0.00
     1    31      555.67      641.67        0.00
     1    31      561.00      644.33        0.00
     1    31      563.00      647.00        0.00
     1    31      563.00      650.33        0.00
     1    31      563.00      653.67        0.00
     1    31      561.00      656.33        0.00
     1    31      558.33      659.00        0.00
     1    31      555.00      659.67        0.00
     1    31      551.67      659.67        0.00
     1    31      548.33      659.00        0.00
     1    31      545.67      657.00        0.00
     1    31      543.67      654.33        0.00
     1    31      543.00      651.00        0.00
     1    31      543.00      647.67        0.00
     1    31      544.33      644.33        0.00
     1    31      547.67      643.00        0.00
     1    31      551.00      643.00        0.00
     1    32      626.33      625.00        0.00
     1    32      630.33      629.67        0.00
     1    32      631.00      633.00        0.00
     1    32      630.33      636.33        0.00
     1    32      628.33      639.00        0.00
     1    32      625.00      641.00        0.00
     1    32      621.67      642.33        0.00
     1    32      618.33      642.33        0.00
     1    32      615.00      641.00        0.00
     1    32      612.33      638.33        0.00
     1    32      611.00      635.00        0.00
     1    32      610.33      631.67        0.00
     1    32      610.33      628.33        0.00
     1    32      613.00      625.67        0.00
     1    32      615.67      623.67        0.00
     1    32      619.00      623.00        0.00
     1    33      613.00      687.00        0.00
     1    33      614.33      690.33        0.00
     1    33      615.67      693.67        0.00
     1    33      615.67      697.00        0.00
     1    33      614.33      700.33        0.00
     1    33      611.67      702.33        0.00
     1    33      608.33      703.67        0.00
     1    33      605.67      701.67        0.00
     1    33      604.33      698.33        0.00
     1    33      603.00      695.00        0.00
     1    33      602.33      691.67        0.00
     1    33      601.67      688.33        0.00
     1    33      602.33      685.00        0.00
     1    33      605.67      684.33        0.00
     1    34      603.00      714.33        0.00
     1    34      607.67      717.67        0.00
     1    34      609.67      720.33        0.00
     1    34      609.67      723.67        0.00
     1    34      609.67      727.00        0.00
     1    34      609.67      730.33        0.00
     1    34      609.00      733.67        0.00
     1    34      608.33      737.00        0.00
     1    34      607.67      740.33        0.00
     1    34      605.00      742.33        0.00
     1    34      601.67      742.33        0.00
     1    34      598.33      741.00        0.00
     1    34      595.67      738.33        0.00
     1    34      593.67      735.67        0.00
     1    34      591.67      732.33        0.00
     1    34      590.33      729.00        0.00
     1    34      589.67      725.67        0.00
     1    34      589.67      722.33        0.00
     1    34      590.33      719.00        0.00
     1    34      593.00      716.33        0.00
     1    34      596.33      715.00        0.00
     1    35      639.67      695.00        0.00
     1    35      645.67      699.00        0.00
     1    35      647.67      701.67        0.00
     1    35      649.00      705.00        0.00
     1    35      651.00      707.67        0.00
     1    35      653.00      710.33        0.00
     1    35      653.67      713.67        0.00
     1    35      650.33      715.00        0.00
     1    35      647.00      716.33        0.00
     1    35      643.67      716.33        0.00
     1    35      640.33      716.33        0.00
     1    35      637.00      716.33        0.00
     1    35      633.67      715.67        0.00
     1    35      630.33      713.67        0.00
     1    35      628.33      711.00        0.00
     1    35      627.00      707.67        0.00
     1    35      627.00      704.33        0.00
     1    35      626.33      701.00        0.00
     1    35      627.00      697.67        0.00
     1    35      629.67      695.67        0.00
     1    36      683.00      715.67        0.00
     1    36      689.67      717.67        0.00
     1    36      692.33      719.67        0.00
     1    36      695.00      721.67        0.00
     1    36      697.67      724.33        0.00
     1    36      699.67      727.67        0.00
     1    36      700.33      731.00        0.00
     1    36      700.33      734.33        0.00
     1    36      699.67      737.67        0.00
     1    36      698.33      741.00        0.00
     1    36      696.33      743.67        0.00
     1    36      693.67      746.33        0.00
     1    36      690.33      747.00        0.00
     1    36      687.00      748.33        0.00
     1    36      683.67      750.33        0.00
     1    36      680.33      751.00        0.00
     1    36      677.00      751.00        0.00
     1    36      673.67      751.67        0.00
     1    36      670.33      751.67        0.00
     1    36      667.00      752.33        0.00
     1    36      663.67      752.33        0.00
     1    36      660.33      752.33        0.00
     1    36      657.00      751.00        0.00
     1    36      655.00      748.33        0.00
     1    36      653.00      745.67        0.00
     1    36      651.00      742.33        0.00
     1    36      649.67      738.33        0.00
     1    36      649.00      735.00        0.00
     1    36      648.33      731.67        0.00
     1    36      648.33      728.33        0.00
     1    36      648.33      725.00        0.00
     1    36      650.33      722.33        0.00
     1    36      653.00      719.67        0.00
     1    36      656.33      718.33        0.00
     1    36      659.00      716.33        0.00
     1    36      662.33      715.00        0.00
     1    36      665.67      713.67        0.00
     1    36      669.00      713.00        0.00
     1    36      672.33      712.33        0.00
     1    36      675.67      712.33        0.00
     1    37      462.00      623.33        0.00
     1    37      463.33      627.33        0.00
     1    37      462.67      630.67        0.00
     1    37      460.67      633.33        0.00
     1    37      457.33      634.67        0.00
     1    37      454.00      636.00        0.00
     1    37      450.67      636.00        0.00
     1    37      447.33      635.33        0.00
     1    37      444.00      634.00        0.00
     1    37      440.67      632.00        0.00
     1    37      437.33      630.67        0.00
     1    37      435.33      627.33        0.00
     1    37      434.00      624.00        0.00
     1    37      434.00      620.67        0.00
     1    37      434.67      617.33        0.00
     1    37      436.67      614.67        0.00
     1    37      439.33      612.67        0.00
     1    37      442.67      611.33        0.00
     1    37      446.00      611.33        0.00
     1    37      449.33      611.33        0.00
     1    37      452.67      611.33        0.00
     1    37      456.00      611.33        0.00
     1    37      458.00      614.00        0.00
     1    38      347.33      817.00        0.00
     1    38      344.67      819.00        0.00
     1    38      341.33      820.33        0.00
     1    38      338.00      821.00        0.00
     1    38      334.67      821.00        0.00
     1    38      332.67      818.33        0.00
     1    38      332.00      815.00        0.00
     1    38      332.67      811.67        0.00
     1    38      334.67      809.00        0.00
     1    38      336.00      805.67        0.00
     1    38      338.67      803.00        0.00
     1    38      341.33      801.00        0.00
     1    38      344.67      801.00        0.00
     1    38      348.00      801.00        0.00
     1    38      351.33      801.67        0.00
     1    38      352.67      805.00        0.00
     1    38      352.67      808.33        0.00
     1    38      352.00      811.67        0.00
     1    39      742.33      700.67        0.00
     1    39      743.67      704.00        0.00
     1    39      743.67      707.33        0.00
     1    39      743.67      710.67        0.00
     1    39      741.00      712.67        0.00
     1    39      737.67      713.33        0.00
     1    39      734.33      712.67        0.00
     1    39      732.33      710.00        0.00
     1    39      731.00      706.67        0.00
     1    39      731.00      703.33        0.00
     1    39      731.67      700.00        0.00
     1    39      733.67      697.33        0.00
     1    39      737.00      696.67        0.00
     1    39      740.33      696.67        0.00
