     0     0      372.00      390.67        0.00
     0     0      366.67      393.33        0.00
     0     0      362.67      393.33        0.00
     0     0      358.67      393.33        0.00
     0     0      354.67      394.67        0.00
     0     0      350.67      394.67        0.00
     0     0      346.67      397.33        0.00
     0     0      342.67      400.00        0.00
     0     0      338.67      402.67        0.00
     0     0      334.67      404.00        0.00
     0     0      330.67      406.67        0.00
     0     0      326.67      408.00        0.00
     0     0      322.67      409.33        0.00
     0     0      318.67      410.67        0.00
     0     0      314.67      412.00        0.00
     0     0      310.67      413.33        0.00
     0     0      308.00      416.00        0.00
     0     0      304.00      417.33        0.00
     0     0      300.00      420.00        0.00
     0     0      296.00      421.33        0.00
     0     0      292.00      422.67        0.00
     0     0      288.00      424.00        0.00
     0     0      284.00      425.33        0.00
     0     0      280.00      426.67        0.00
     0     0      276.00      426.67        0.00
     0     0      272.00      428.00        0.00
     0     0      268.00      429.33        0.00
     0     0      264.00      429.33        0.00
     0     0      260.00      430.67        0.00
     0     0      256.00      430.67        0.00
     0     0      252.00      430.67        0.00
     0     0      248.00      432.00        0.00
     0     0      244.00      433.33        0.00
     0     0      240.00      433.33        0.00
     0     0      236.00      434.67        0.00
     0     0      232.00      434.67        0.00
     0     0      228.00      436.00        0.00
     0     0      224.00      437.33        0.00
     0     0      220.00      437.33        0.00
     0     0      216.00      437.33        0.00
     0     0      212.00      437.33        0.00
     0     0      208.00      438.67        0.00
     0     0      204.00      438.67        0.00
     0     0      200.00      440.00        0.00
     0     0      196.00      440.00        0.00
     0     0      192.00      441.33        0.00
     0     0      188.00      441.33        0.00
     0     0      184.00      442.67        0.00
     0     0      180.00      442.67        0.00
     0     0      176.00      442.67        0.00
     0     0      172.00      442.67        0.00
     0     0      168.00      442.67        0.00
     0     0      164.00      442.67        0.00
     0     0      160.00      442.67        0.00
     0     0      156.00      442.67        0.00
     0     0      152.00      442.67        0.00
     0     0      148.00      441.33        0.00
     0     0      145.33      438.67        0.00
     0     0      142.67      436.00        0.00
     0     0      138.67      434.67        0.00
     0     0      134.67      432.00        0.00
     0     0      132.00      429.33        0.00
     0     0      130.67      425.33        0.00
     0     0      129.33      421.33        0.00
     0     0      129.33      417.33        0.00
     0     0      129.33      413.33        0.00
     0     0      129.33      409.33        0.00
     0     0      129.33      405.33        0.00
     0     0      130.67      401.33        0.00
     0     0      130.67      397.33        0.00
     0     0      133.33      393.33        0.00
     0     0      134.67      389.33        0.00
     0     0      136.00      385.33        0.00
     0     0      138.67      382.67        0.00
     0     0      141.33      378.67        0.00
     0     0      142.67      374.67        0.00
     0     0      144.00      370.67        0.00
     0     0      145.33      366.67        0.00
     0     0      146.67      362.67        0.00
     0     0      148.00      358.67        0.00
     0     0      149.33      354.67        0.00
     0     0      150.67      350.67        0.00
     0     0      152.00      346.67        0.00
     0     0      154.67      344.00        0.00
     0     0      154.67      340.00        0.00
     0     0      156.00      336.00        0.00
     0     0      157.33      332.00        0.00
     0     0      157.33      328.00        0.00
     0     0      158.67      324.00        0.00
     0     0      158.67      320.00        0.00
     0     0      160.00      316.00        0.00
     0     0      160.00      312.00        0.00
     0     0      161.33      308.00        0.00
     0     0      162.67      304.00        0.00
     0     0      164.00      300.00        0.00
     0     0      166.67      297.33        0.00
     0     0      168.00      293.33        0.00
     0     0      170.67      290.67        0.00
     0     0      172.00      286.67        0.00
     0     0      174.67      284.00        0.00
     0     0      177.33      281.33        0.00
     0     0      180.00      278.67        0.00
     0     0      184.00      276.00        0.00
     0     0      188.00      273.33        0.00
     0     0      190.67      270.67        0.00
     0     0      194.67      269.33        0.00
     0     0      197.33      266.67        0.00
     0     0      201.33      265.33        0.00
     0     0      205.33      262.67        0.00
     0     0      209.33      261.33        0.00
     0     0      213.33      260.00        0.00
     0     0      217.33      260.00        0.00
     0     0      221.33      258.67        0.00
     0     0      225.33      257.33        0.00
     0     0      232.00      256.00        0.00
     0     0      237.33      254.67        0.00
     0     0      242.67      253.33        0.00
     0     0      249.33      253.33        0.00
     0     0      254.67      252.00        0.00
     0     0      260.00      249.33        0.00
     0     0      265.33      246.67        0.00
     0     0      272.00      244.00        0.00
     0     0      276.00      242.67        0.00
     0     0      280.00      241.33        0.00
     0     0      284.00      238.67        0.00
     0     0      289.33      236.00        0.00
     0     0      292.00      233.33        0.00
     0     0      296.00      232.00        0.00
     0     0      301.33      229.33        0.00
     0     0      306.67      228.00        0.00
     0     0      314.67      225.33        0.00
     0     0      318.67      222.67        0.00
     0     0      324.00      222.67        0.00
     0     0      332.00      221.33        0.00
     0     0      338.67      221.33        0.00
     0     0      348.00      218.67        0.00
     0     0      354.67      217.33        0.00
     0     0      362.67      216.00        0.00
     0     0      368.00      214.67        0.00
     0     0      376.00      213.33        0.00
     0     0      382.67      210.67        0.00
     0     0      388.00      209.33        0.00
     0     0      394.67      208.00        0.00
     0     0      400.00      205.33        0.00
     0     0      406.67      204.00        0.00
     0     0      413.33      202.67        0.00
     0     0      420.00      200.00        0.00
     0     0      424.00      198.67        0.00
     0     0      428.00      197.33        0.00
     0     0      430.67      194.67        0.00
     0     0      436.00      192.00        0.00
     0     0      444.00      188.00        0.00
     0     0      453.33      184.00        0.00
     0     0      462.67      178.67        0.00
     0     0      469.33      174.67        0.00
     0     0      473.33      169.33        0.00
     0     0      477.33      168.00        0.00
     0     0      485.33      165.33        0.00
     0     0      493.33      162.67        0.00
     0     0      502.67      158.67        0.00
     0     0      508.00      157.33        0.00
     0     0      514.67      154.67        0.00
     0     0      528.00      152.00        0.00
     0     0      537.33      149.33        0.00
     0     0      548.00      146.67        0.00
     0     0      558.67      144.00        0.00
     0     0      569.33      141.33        0.00
     0     0      577.33      138.67        0.00
     0     0      585.33      137.33        0.00
     0     0      589.33      136.00        0.00
     0     0      593.33      134.67        0.00
     0     0      598.67      134.67        0.00
     0     0      606.67      133.33        0.00
     0     0      620.00      129.33        0.00
     0     0      628.00      128.00        0.00
     0     0      634.67      126.67        0.00
     0     0      641.33      125.33        0.00
     0     0      645.33      126.67        0.00
     0     0      653.33      126.67        0.00
     0     0      661.33      126.67        0.00
     0     0      666.67      126.67        0.00
     0     0      676.00      126.67        0.00
     0     0      684.00      125.33        0.00
     0     0      696.00      125.33        0.00
     0     0      704.00      125.33        0.00
     0     0      714.67      125.33        0.00
     0     0      722.67      124.00        0.00
     0     0      729.33      124.00        0.00
     0     0      736.00      125.33        0.00
     0     0      741.33      125.33        0.00
     0     0      752.00      125.33        0.00
     0     0      761.33      124.00        0.00
     0     0      773.33      124.00        0.00
     0     0      777.33      124.00        0.00
     0     0      784.00      125.33        0.00
     0     0      796.00      125.33        0.00
     0     0      808.00      125.33        0.00
     0     0      821.33      125.33        0.00
     0     0      829.33      126.67        0.00
     0     0      834.67      126.67        0.00
     0     0      841.33      128.00        0.00
     0     0      852.00      129.33        0.00
     0     0      861.33      129.33        0.00
     0     0      870.67      130.67        0.00
     0     0      877.33      132.00        0.00
     0     0      884.00      133.33        0.00
     0     0      892.00      136.00        0.00
     0     0      897.33      138.67        0.00
     0     0      905.33      141.33        0.00
     0     0      910.67      145.33        0.00
     0     0      918.67      148.00        0.00
     0     0      925.33      150.67        0.00
     0     0      933.33      152.00        0.00
     0     0      938.67      153.33        0.00
     0     0      946.67      157.33        0.00
     0     0      953.33      160.00        0.00
     0     0      958.67      162.67        0.00
     0     0      964.00      166.67        0.00
     0     0      968.00      170.67        0.00
     0     0      974.67      176.00        0.00
     0     0      978.67      178.67        0.00
     0     0      982.67      184.00        0.00
     0     0      986.67      189.33        0.00
     0     0      990.67      193.33        0.00
     0     0      994.67      198.67        0.00
     0     0     1000.00      202.67        0.00
     0     0     1004.00      208.00        0.00
     0     0     1006.67      212.00        0.00
     0     0     1013.33      217.33        0.00
     0     0     1016.00      222.67        0.00
     0     0     1020.00      226.67        0.00
     0     0     1021.33      230.67        0.00
     0     0     1024.00      233.33        0.00
     0     0     1026.67      238.67        0.00
     0     0     1029.33      242.67        0.00
     0     0     1030.67      248.00        0.00
     0     0     1032.00      252.00        0.00
     0     0     1032.00      260.00        0.00
     0     0     1032.00      264.00        0.00
     0     0     1030.67      270.67        0.00
     0     0     1029.33      277.33        0.00
     0     0     1028.00      285.33        0.00
     0     0     1026.67      289.33        0.00
     0     0     1026.67      294.67        0.00
     0     0     1026.67      301.33        0.00
     0     0     1025.33      305.33        0.00
     0     0     1025.33      312.00        0.00
     0     0     1024.00      316.00        0.00
     0     0     1020.00      322.67        0.00
     0     0     1017.33      328.00        0.00
     0     0     1013.33      334.67        0.00
     0     0     1010.67      338.67        0.00
     0     0     1008.00      344.00        0.00
     0     0     1001.33      350.67        0.00
     0     0      996.00      356.00        0.00
     0     0      989.33      360.00        0.00
     0     0      986.67      364.00        0.00
     0     0      980.00      369.33        0.00
     0     0      973.33      373.33        0.00
     0     0      969.33      374.67        0.00
     0     0      964.00      377.33        0.00
     0     0      960.00      380.00        0.00
     0     0      950.67      382.67        0.00
     0     0      945.33      385.33        0.00
     0     0      936.00      386.67        0.00
     0     0      928.00      389.33        0.00
     0     0      920.00      390.67        0.00
     0     0      913.33      393.33        0.00
     0     0      904.00      396.00        0.00
     0     0      896.00      398.67        0.00
     0     0      889.33      398.67        0.00
     0     0      884.00      398.67        0.00
     0     0      876.00      398.67        0.00
     0     0      866.67      400.00        0.00
     0     0      860.00      400.00        0.00
     0     0      853.33      398.67        0.00
     0     0      845.33      398.67        0.00
     0     0      840.00      398.67        0.00
     0     0      832.00      398.67        0.00
     0     0      825.33      397.33        0.00
     0     0      818.67      397.33        0.00
     0     0      813.33      396.00        0.00
     0     0      806.67      393.33        0.00
     0     0      800.00      392.00        0.00
     0     0      793.33      390.67        0.00
     0     0      784.00      388.00        0.00
     0     0      778.67      386.67        0.00
     0     0      773.33      386.67        0.00
     0     0      765.33      386.67        0.00
     0     0      754.67      385.33        0.00
     0     0      745.33      385.33        0.00
     0     0      738.67      385.33        0.00
     0     0      733.33      385.33        0.00
     0     0      724.00      385.33        0.00
     0     0      712.00      385.33        0.00
     0     0      705.33      385.33        0.00
     0     0      701.33      385.33        0.00
     0     0      697.33      385.33        0.00
     0     0      690.67      384.00        0.00
     0     0      684.00      384.00        0.00
     0     0      680.00      382.67        0.00
     0     0      676.00      382.67        0.00
     0     0      672.00      381.33        0.00
     0     0      668.00      380.00        0.00
     0     0      664.00      380.00        0.00
     0     0      660.00      378.67        0.00
     0     0      656.00      376.00        0.00
     0     0      652.00      374.67        0.00
     0     0      648.00      373.33        0.00
     0     0      644.00      373.33        0.00
     0     0      640.00      372.00        0.00
     0     0      636.00      372.00        0.00
     0     0      632.00      370.67        0.00
     0     0      628.00      369.33        0.00
     0     0      622.67      369.33        0.00
     0     0      618.67      368.00        0.00
     0     0      614.67      366.67        0.00
     0     0      610.67      365.33        0.00
     0     0      606.67      364.00        0.00
     0     0      600.00      364.00        0.00
     0     0      594.67      362.67        0.00
     0     0      590.67      362.67        0.00
     0     0      586.67      361.33        0.00
     0     0      582.67      361.33        0.00
     0     0      578.67      361.33        0.00
     0     0      572.00      361.33        0.00
     0     0      564.00      361.33        0.00
     0     0      558.67      361.33        0.00
     0     0      554.67      361.33        0.00
     0     0      550.67      361.33        0.00
     0     0      545.33      361.33        0.00
     0     0      540.00      361.33        0.00
     0     0      534.67      361.33        0.00
     0     0      529.33      361.33        0.00
     0     0      524.00      361.33        0.00
     0     0      517.33      361.33        0.00
     0     0      513.33      361.33        0.00
     0     0      509.33      361.33        0.00
     0     0      505.33      360.00        0.00
     0     0      500.00      358.67        0.00
     0     0      496.00      358.67        0.00
     0     0      490.67      358.67        0.00
     0     0      485.33      358.67        0.00
     0     0      481.33      358.67        0.00
     0     0      474.67      361.33        0.00
     0     0      470.67      362.67        0.00
     0     0      466.67      362.67        0.00
     0     0      462.67      364.00        0.00
     0     0      458.67      365.33        0.00
     0     0      454.67      366.67        0.00
     0     0      450.67      368.00        0.00
     0     0      446.67      369.33        0.00
     0     0      442.67      370.67        0.00
     0     0      438.67      372.00        0.00
     0     0      434.67      373.33        0.00
     0     0      430.67      374.67        0.00
     0     0      426.67      376.00        0.00
     0     0      422.67      377.33        0.00
     0     0      418.67      378.67        0.00
     0     0      414.67      378.67        0.00
     0     0      410.67      380.00        0.00
     0     0      406.67      381.33        0.00
     0     0      402.67      382.67        0.00
     0     1      661.33      742.67        0.00
     0     1      657.33      742.67        0.00
     0     1      653.33      742.67        0.00
     0     1      649.33      742.67        0.00
     0     1      645.33      744.00        0.00
     0     1      640.00      745.33        0.00
     0     1      636.00      746.67        0.00
     0     1      633.33      749.33        0.00
     0     1      629.33      750.67        0.00
     0     1      624.00      753.33        0.00
     0     1      617.33      756.00        0.00
     0     1      612.00      758.67        0.00
     0     1      604.00      761.33        0.00
     0     1      597.33      764.00        0.00
     0     1      590.67      766.67        0.00
     0     1      586.67      768.00        0.00
     0     1      580.00      769.33        0.00
     0     1      570.67      772.00        0.00
     0     1      562.67      773.33        0.00
     0     1      553.33      774.67        0.00
     0     1      545.33      776.00        0.00
     0     1      533.33      777.33        0.00
     0     1      524.00      777.33        0.00
     0     1      517.33      777.33        0.00
     0     1      506.67      778.67        0.00
     0     1      500.00      778.67        0.00
     0     1      492.00      778.67        0.00
     0     1      486.67      778.67        0.00
     0     1      481.33      778.67        0.00
     0     1      476.00      778.67        0.00
     0     1      472.00      777.33        0.00
     0     1      468.00      777.33        0.00
     0     1      464.00      776.00        0.00
     0     1      457.33      774.67        0.00
     0     1      453.33      773.33        0.00
     0     1      449.33      773.33        0.00
     0     1      444.00      772.00        0.00
     0     1      436.00      770.67        0.00
     0     1      432.00      770.67        0.00
     0     1      428.00      769.33        0.00
     0     1      422.67      768.00        0.00
     0     1      418.67      768.00        0.00
     0     1      413.33      769.33        0.00
     0     1      408.00      770.67        0.00
     0     1      404.00      772.00        0.00
     0     1      400.00      772.00        0.00
     0     1      396.00      772.00        0.00
     0     1      388.00      772.00        0.00
     0     1      384.00      772.00        0.00
     0     1      380.00      772.00        0.00
     0     1      374.67      772.00        0.00
     0     1      370.67      772.00        0.00
     0     1      366.67      770.67        0.00
     0     1      362.67      769.33        0.00
     0     1      358.67      768.00        0.00
     0     1      352.00      765.33        0.00
     0     1      348.00      761.33        0.00
     0     1      342.67      756.00        0.00
     0     1      338.67      750.67        0.00
     0     1      334.67      745.33        0.00
     0     1      332.00      741.33        0.00
     0     1      329.33      737.33        0.00
     0     1      326.67      732.00        0.00
     0     1      324.00      728.00        0.00
     0     1      322.67      721.33        0.00
     0     1      321.33      714.67        0.00
     0     1      320.00      709.33        0.00
     0     1      318.67      704.00        0.00
     0     1      317.33      698.67        0.00
     0     1      317.33      694.67        0.00
     0     1      317.33      690.67        0.00
     0     1      320.00      686.67        0.00
     0     1      321.33      682.67        0.00
     0     1      324.00      680.00        0.00
     0     1      326.67      677.33        0.00
     0     1      329.33      672.00        0.00
     0     1      332.00      668.00        0.00
     0     1      334.67      664.00        0.00
     0     1      337.33      661.33        0.00
     0     1      340.00      658.67        0.00
     0     1      342.67      654.67        0.00
     0     1      345.33      652.00        0.00
     0     1      346.67      648.00        0.00
     0     1      350.67      646.67        0.00
     0     1      353.33      644.00        0.00
     0     1      357.33      642.67        0.00
     0     1      361.33      641.33        0.00
     0     1      365.33      640.00        0.00
     0     1      369.33      638.67        0.00
     0     1      373.33      637.33        0.00
     0     1      377.33      636.00        0.00
     0     1      381.33      634.67        0.00
     0     1      385.33      633.33        0.00
     0     1      389.33      632.00        0.00
     0     1      393.33      632.00        0.00
     0     1      397.33      630.67        0.00
     0     1      401.33      629.33        0.00
     0     1      405.33      628.00        0.00
     0     1      409.33      626.67        0.00
     0     1      413.33      625.33        0.00
     0     1      418.67      625.33        0.00
     0     1      424.00      624.00        0.00
     0     1      432.00      622.67        0.00
     0     1      444.00      621.33        0.00
     0     1      450.67      620.00        0.00
     0     1      458.67      618.67        0.00
     0     1      470.67      617.33        0.00
     0     1      478.67      614.67        0.00
     0     1      492.00      612.00        0.00
     0     1      501.33      609.33        0.00
     0     1      512.00      605.33        0.00
     0     1      524.00      602.67        0.00
     0     1      533.33      601.33        0.00
     0     1      542.67      600.00        0.00
     0     1      553.33      600.00        0.00
     0     1      564.00      597.33        0.00
     0     1      572.00      596.00        0.00
     0     1      580.00      594.67        0.00
     0     1      586.67      594.67        0.00
     0     1      593.33      593.33        0.00
     0     1      598.67      590.67        0.00
     0     1      605.33      589.33        0.00
     0     1      612.00      588.00        0.00
     0     1      618.67      586.67        0.00
     0     1      624.00      585.33        0.00
     0     1      629.33      584.00        0.00
     0     1      636.00      582.67        0.00
     0     1      640.00      582.67        0.00
     0     1      644.00      581.33        0.00
     0     1      649.33      581.33        0.00
     0     1      654.67      580.00        0.00
     0     1      660.00      580.00        0.00
     0     1      664.00      578.67        0.00
     0     1      668.00      578.67        0.00
     0     1      672.00      578.67        0.00
     0     1      676.00      578.67        0.00
     0     1      680.00      578.67        0.00
     0     1      684.00      577.33        0.00
     0     1      688.00      577.33        0.00
     0     1      692.00      577.33        0.00
     0     1      696.00      577.33        0.00
     0     1      700.00      577.33        0.00
     0     1      704.00      577.33        0.00
     0     1      708.00      577.33        0.00
     0     1      710.67      574.67        0.00
     0     1      714.67      574.67        0.00
     0     1      718.67      573.33        0.00
     0     1      721.33      570.67        0.00
     0     1      725.33      569.33        0.00
     0     1      729.33      568.00        0.00
     0     1      732.00      565.33        0.00
     0     1      734.67      562.67        0.00
     0     1      737.33      560.00        0.00
     0     1      740.00      557.33        0.00
     0     1      742.67      554.67        0.00
     0     1      745.33      552.00        0.00
     0     1      748.00      549.33        0.00
     0     1      750.67      546.67        0.00
     0     1      753.33      544.00        0.00
     0     1      753.33      540.00        0.00
     0     1      754.67      536.00        0.00
     0     1      756.00      532.00        0.00
     0     1      760.00      528.00        0.00
     0     1      760.00      524.00        0.00
     0     1      760.00      520.00        0.00
     0     1      760.00      516.00        0.00
     0     1      760.00      512.00        0.00
     0     1      757.33      509.33        0.00
     0     1      754.67      506.67        0.00
     0     1      750.67      505.33        0.00
     0     1      746.67      505.33        0.00
     0     1      742.67      505.33        0.00
     0     1      738.67      505.33        0.00
     0     1      734.67      505.33        0.00
     0     1      729.33      506.67        0.00
     0     1      724.00      508.00        0.00
     0     1      718.67      509.33        0.00
     0     1      710.67      513.33        0.00
     0     1      702.67      517.33        0.00
     0     1      697.33      521.33        0.00
     0     1      692.00      525.33        0.00
     0     1      682.67      533.33        0.00
     0     1      674.67      538.67        0.00
     0     1      666.67      541.33        0.00
     0     1      658.67      544.00        0.00
     0     1      646.67      548.00        0.00
     0     1      637.33      550.67        0.00
     0     1      628.00      553.33        0.00
     0     1      620.00      554.67        0.00
     0     1      609.33      557.33        0.00
     0     1      600.00      560.00        0.00
     0     1      596.00      564.00        0.00
     0     1      589.33      565.33        0.00
     0     1      584.00      568.00        0.00
     0     1      580.00      569.33        0.00
     0     1      576.00      572.00        0.00
     0     1      573.33      574.67        0.00
     0     1      569.33      577.33        0.00
     0     1      565.33      578.67        0.00
     0     1      562.67      581.33        0.00
     0     1      558.67      582.67        0.00
     0     1      552.00      584.00        0.00
     0     1      544.00      586.67        0.00
     0     1      537.33      588.00        0.00
     0     1      532.00      589.33        0.00
     0     1      526.67      590.67        0.00
     0     1      521.33      592.00        0.00
     0     1      513.33      593.33        0.00
     0     1      505.33      593.33        0.00
     0     1      493.33      594.67        0.00
     0     1      485.33      596.00        0.00
     0     1      477.33      597.33        0.00
     0     1      469.33      597.33        0.00
     0     1      461.33      597.33        0.00
     0     1      452.00      598.67        0.00
     0     1      444.00      598.67        0.00
     0     1      429.33      598.67        0.00
     0     1      416.00      598.67        0.00
     0     1      402.67      598.67        0.00
     0     1      389.33      598.67        0.00
     0     1      377.33      598.67        0.00
     0     1      370.67      598.67        0.00
     0     1      362.67      598.67        0.00
     0     1      354.67      598.67        0.00
     0     1      348.00      600.00        0.00
     0     1      340.00      602.67        0.00
     0     1      333.33      606.67        0.00
     0     1      324.00      612.00        0.00
     0     1      313.33      621.33        0.00
     0     1      301.33      628.00        0.00
     0     1      294.67      633.33        0.00
     0     1      285.33      641.33        0.00
     0     1      280.00      645.33        0.00
     0     1      276.00      649.33        0.00
     0     1      272.00      654.67        0.00
     0     1      268.00      660.00        0.00
     0     1      262.67      665.33        0.00
     0     1      257.33      670.67        0.00
     0     1      248.00      674.67        0.00
     0     1      240.00      678.67        0.00
     0     1      228.00      682.67        0.00
     0     1      216.00      686.67        0.00
     0     1      202.67      686.67        0.00
     0     1      190.67      688.00        0.00
     0     1      181.33      690.67        0.00
     0     1      169.33      693.33        0.00
     0     1      158.67      697.33        0.00
     0     1      149.33      700.00        0.00
     0     1      141.33      700.00        0.00
     0     1      133.33      701.33        0.00
     0     1      125.33      702.67        0.00
     0     1      120.00      702.67        0.00
     0     1      113.33      702.67        0.00
     0     1      106.67      702.67        0.00
     0     1       92.00      701.33        0.00
     0     1       82.67      698.67        0.00
     0     1       72.00      694.67        0.00
     0     1       66.67      689.33        0.00
     0     1       61.33      686.67        0.00
     0     1       57.33      684.00        0.00
     0     1       54.67      680.00        0.00
     0     1       52.00      676.00        0.00
     0     1       50.67      670.67        0.00
     0     1       48.00      662.67        0.00
     0     1       48.00      658.67        0.00
     0     1       44.00      645.33        0.00
     0     1       44.00      636.00        0.00
     0     1       44.00      628.00        0.00
     0     1       46.67      618.67        0.00
     0     1       48.00      612.00        0.00
     0     1       48.00      606.67        0.00
     0     1       50.67      600.00        0.00
     0     1       52.00      596.00        0.00
     0     1       54.67      592.00        0.00
     0     1       57.33      585.33        0.00
     0     1       60.00      581.33        0.00
     0     1       64.00      574.67        0.00
     0     1       68.00      569.33        0.00
     0     1       72.00      565.33        0.00
     0     1       74.67      561.33        0.00
     0     1       77.33      557.33        0.00
     0     1       80.00      553.33        0.00
     0     1       82.67      549.33        0.00
     0     1       86.67      544.00        0.00
     0     1       90.67      540.00        0.00
     0     1       96.00      534.67        0.00
     0     1      100.00      530.67        0.00
     0     1      106.67      526.67        0.00
     0     1      113.33      524.00        0.00
     0     1      122.67      518.67        0.00
     0     1      129.33      517.33        0.00
     0     1      134.67      516.00        0.00
     0     1      140.00      513.33        0.00
     0     1      144.00      512.00        0.00
     0     1      148.00      512.00        0.00
     0     1      152.00      510.67        0.00
     0     1      156.00      510.67        0.00
     0     1      160.00      508.00        0.00
     0     1      164.00      506.67        0.00
     0     1      169.33      504.00        0.00
     0     1      173.33      502.67        0.00
     0     1      181.33      502.67        0.00
     0     1      185.33      501.33        0.00
     0     1      190.67      498.67        0.00
     0     1      197.33      497.33        0.00
     0     1      206.67      497.33        0.00
     0     1      210.67      496.00        0.00
     0     1      216.00      494.67        0.00
     0     1      218.67      492.00        0.00
     0     1      222.67      490.67        0.00
     0     1      226.67      489.33        0.00
     0     1      230.67      488.00        0.00
     0     1      234.67      486.67        0.00
     0     1      237.33      484.00        0.00
     0     1      240.00      481.33        0.00
     0     1      244.00      478.67        0.00
     0     1      248.00      476.00        0.00
     0     1      252.00      474.67        0.00
     0     1      256.00      473.33        0.00
     0     1      258.67      470.67        0.00
     0     1      262.67      469.33        0.00
     0     1      265.33      466.67        0.00
     0     1      269.33      464.00        0.00
     0     1      273.33      461.33        0.00
     0     1      277.33      458.67        0.00
     0     1      282.67      454.67        0.00
     0     1      286.67      454.67        0.00
     0     1      292.00      453.33        0.00
     0     1      296.00      452.00        0.00
     0     1      304.00      449.33        0.00
     0     1      308.00      446.67        0.00
     0     1      317.33      445.33        0.00
     0     1      325.33      445.33        0.00
     0     1      338.67      437.33        0.00
     0     1      344.00      437.33        0.00
     0     1      349.33      436.00        0.00
     0     1      354.67      436.00        0.00
     0     1      358.67      436.00        0.00
     0     1      366.67      434.67        0.00
     0     1      372.00      434.67        0.00
     0     1      376.00      433.33        0.00
     0     1      384.00      430.67        0.00
     0     1      389.33      430.67        0.00
     0     1      393.33      429.33        0.00
     0     1      400.00      429.33        0.00
     0     1      404.00      428.00        0.00
     0     1      408.00      426.67        0.00
     0     1      413.33      425.33        0.00
     0     1      418.67      425.33        0.00
     0     1      422.67      425.33        0.00
     0     1      429.33      424.00        0.00
     0     1      433.33      422.67        0.00
     0     1      438.67      422.67        0.00
     0     1      446.67      420.00        0.00
     0     1      450.67      418.67        0.00
     0     1      456.00      418.67        0.00
     0     1      460.00      417.33        0.00
     0     1      464.00      417.33        0.00
     0     1      469.33      416.00        0.00
     0     1      473.33      416.00        0.00
     0     1      478.67      416.00        0.00
     0     1      484.00      416.00        0.00
     0     1      492.00      416.00        0.00
     0     1      497.33      416.00        0.00
     0     1      504.00      416.00        0.00
     0     1      512.00      417.33        0.00
     0     1      516.00      417.33        0.00
     0     1      521.33      417.33        0.00
     0     1      528.00      417.33        0.00
     0     1      534.67      417.33        0.00
     0     1      541.33      417.33        0.00
     0     1      549.33      418.67        0.00
     0     1      553.33      418.67        0.00
     0     1      558.67      418.67        0.00
     0     1      566.67      418.67        0.00
     0     1      570.67      418.67        0.00
     0     1      577.33      418.67        0.00
     0     1      582.67      418.67        0.00
     0     1      590.67      418.67        0.00
     0     1      597.33      418.67        0.00
     0     1      604.00      418.67        0.00
     0     1      608.00      418.67        0.00
     0     1      614.67      418.67        0.00
     0     1      620.00      418.67        0.00
     0     1      624.00      418.67        0.00
     0     1      633.33      418.67        0.00
     0     1      637.33      417.33        0.00
     0     1      641.33      417.33        0.00
     0     1      646.67      418.67        0.00
     0     1      652.00      418.67        0.00
     0     1      660.00      418.67        0.00
     0     1      665.33      418.67        0.00
     0     1      670.67      418.67        0.00
     0     1      674.67      420.00        0.00
     0     1      678.67      421.33        0.00
     0     1      682.67      421.33        0.00
     0     1      729.33      437.33        0.00
     0     1      742.67      438.67        0.00
     0     1      746.67      438.67        0.00
     0     1      750.67      437.33        0.00
     0     1      754.67      436.00        0.00
     0     1      758.67      434.67        0.00
     0     1      765.33      433.33        0.00
     0     1      772.00      432.00        0.00
     0     1      777.33      430.67        0.00
     0     1      784.00      429.33        0.00
     0     1      789.33      428.00        0.00
     0     1      794.67      426.67        0.00
     0     1      801.33      422.67        0.00
     0     1      806.67      421.33        0.00
     0     1      810.67      420.00        0.00
     0     1      816.00      420.00        0.00
     0     1      820.00      420.00        0.00
     0     1      824.00      420.00        0.00
     0     1      828.00      421.33        0.00
     0     1      832.00      422.67        0.00
     0     1      836.00      424.00        0.00
     0     1      840.00      424.00        0.00
     0     1      844.00      425.33        0.00
     0     1      848.00      426.67        0.00
     0     1      852.00      428.00        0.00
     0     1      856.00      429.33        0.00
     0     1      860.00      430.67        0.00
     0     1      862.67      433.33        0.00
     0     1      866.67      436.00        0.00
     0     1      870.67      438.67        0.00
     0     1      874.67      440.00        0.00
     0     1      878.67      442.67        0.00
     0     1      882.67      444.00        0.00
     0     1      886.67      446.67        0.00
     0     1      889.33      449.33        0.00
     0     1      893.33      450.67        0.00
     0     1      896.00      453.33        0.00
     0     1      900.00      456.00        0.00
     0     1      902.67      458.67        0.00
     0     1      905.33      462.67        0.00
     0     1      909.33      466.67        0.00
     0     1      912.00      470.67        0.00
     0     1      916.00      476.00        0.00
     0     1      920.00      480.00        0.00
     0     1      925.33      486.67        0.00
     0     1      928.00      490.67        0.00
     0     1      930.67      496.00        0.00
     0     1      932.00      501.33        0.00
     0     1      934.67      505.33        0.00
     0     1      937.33      512.00        0.00
     0     1      938.67      518.67        0.00
     0     1      941.33      524.00        0.00
     0     1      944.00      530.67        0.00
     0     1      946.67      537.33        0.00
     0     1      949.33      544.00        0.00
     0     1      950.67      553.33        0.00
     0     1      952.00      560.00        0.00
     0     1      953.33      566.67        0.00
     0     1      954.67      573.33        0.00
     0     1      956.00      580.00        0.00
     0     1      956.00      584.00        0.00
     0     1      956.00      589.33        0.00
     0     1      956.00      597.33        0.00
     0     1      956.00      602.67        0.00
     0     1      953.33      610.67        0.00
     0     1      952.00      618.67        0.00
     0     1      945.33      626.67        0.00
     0     1      941.33      633.33        0.00
     0     1      937.33      638.67        0.00
     0     1      932.00      644.00        0.00
     0     1      926.67      648.00        0.00
     0     1      921.33      654.67        0.00
     0     1      917.33      660.00        0.00
     0     1      910.67      668.00        0.00
     0     1      906.67      672.00        0.00
     0     1      900.00      674.67        0.00
     0     1      893.33      678.67        0.00
     0     1      885.33      684.00        0.00
     0     1      882.67      686.67        0.00
     0     1      878.67      689.33        0.00
     0     1      876.00      692.00        0.00
     0     1      873.33      694.67        0.00
     0     1      868.00      700.00        0.00
     0     1      865.33      702.67        0.00
     0     1      860.00      706.67        0.00
     0     1      854.67      710.67        0.00
     0     1      844.00      716.00        0.00
     0     1      836.00      718.67        0.00
     0     1      832.00      721.33        0.00
     0     1      828.00      721.33        0.00
     0     1      817.33      725.33        0.00
     0     1      808.00      728.00        0.00
     0     1      802.67      730.67        0.00
     0     1      797.33      734.67        0.00
     0     1      792.00      736.00        0.00
     0     1      781.33      738.67        0.00
     0     1      772.00      740.00        0.00
     0     1      761.33      742.67        0.00
     0     1      753.33      744.00        0.00
     0     1      746.67      745.33        0.00
     0     1      742.67      745.33        0.00
     0     1      738.67      745.33        0.00
     0     1      730.67      745.33        0.00
     0     1      725.33      746.67        0.00
     0     1      721.33      746.67        0.00
     0     1      717.33      746.67        0.00
     0     1      713.33      745.33        0.00
     0     1      709.33      745.33        0.00
     0     1      705.33      744.00        0.00
     0     1      701.33      742.67        0.00
     0     2      249.33       72.00        0.00
     0     2      242.67       76.00        0.00
     0     2      240.00       78.67        0.00
     0     2      238.67       82.67        0.00
     0     2      238.67       86.67        0.00
     0     2      238.67       90.67        0.00
     0     2      238.67       94.67        0.00
     0     2      240.00       98.67        0.00
     0     2      240.00      102.67        0.00
     0     2      242.67      106.67        0.00
     0     2      244.00      110.67        0.00
     0     2      245.33      114.67        0.00
     0     2      246.67      118.67        0.00
     0     2      249.33      121.33        0.00
     0     2      252.00      124.00        0.00
     0     2      254.67      128.00        0.00
     0     2      256.00      132.00        0.00
     0     2      258.67      134.67        0.00
     0     2      261.33      137.33        0.00
     0     2      264.00      141.33        0.00
     0     2      266.67      144.00        0.00
     0     2      269.33      146.67        0.00
     0     2      272.00      149.33        0.00
     0     2      276.00      150.67        0.00
     0     2      280.00      152.00        0.00
     0     2      285.33      153.33        0.00
     0     2      292.00      154.67        0.00
     0     2      296.00      156.00        0.00
     0     2      302.67      156.00        0.00
     0     2      312.00      158.67        0.00
     0     2      317.33      160.00        0.00
     0     2      326.67      162.67        0.00
     0     2      333.33      164.00        0.00
     0     2      337.33      165.33        0.00
     0     2      344.00      165.33        0.00
     0     2      350.67      166.67        0.00
     0     2      358.67      166.67        0.00
     0     2      362.67      166.67        0.00
     0     2      372.00      166.67        0.00
     0     2      378.67      166.67        0.00
     0     2      385.33      165.33        0.00
     0     2      393.33      165.33        0.00
     0     2      401.33      164.00        0.00
     0     2      406.67      162.67        0.00
     0     2      412.00      161.33        0.00
     0     2      422.67      157.33        0.00
     0     2      429.33      156.00        0.00
     0     2      436.00      153.33        0.00
     0     2      441.33      150.67        0.00
     0     2      448.00      146.67        0.00
     0     2      453.33      145.33        0.00
     0     2      457.33      142.67        0.00
     0     2      465.33      138.67        0.00
     0     2      470.67      137.33        0.00
     0     2      473.33      133.33        0.00
     0     2      477.33      130.67        0.00
     0     2      480.00      128.00        0.00
     0     2      482.67      125.33        0.00
     0     2      485.33      121.33        0.00
     0     2      488.00      118.67        0.00
     0     2      490.67      116.00        0.00
     0     2      493.33      113.33        0.00
     0     2      494.67      109.33        0.00
     0     2      497.33      106.67        0.00
     0     2      498.67      102.67        0.00
     0     2      501.33      100.00        0.00
     0     2      506.67       94.67        0.00
     0     2      509.33       92.00        0.00
     0     2      512.00       89.33        0.00
     0     2      514.67       86.67        0.00
     0     2      518.67       82.67        0.00
     0     2      522.67       77.33        0.00
     0     2      524.00       73.33        0.00
     0     2      526.67       68.00        0.00
     0     2      529.33       64.00        0.00
     0     2      532.00       61.33        0.00
     0     2      534.67       58.67        0.00
     0     2      537.33       56.00        0.00
     0     2      540.00       53.33        0.00
     0     2      544.00       50.67        0.00
     0     2      548.00       49.33        0.00
     0     2      552.00       45.33        0.00
     0     2      553.33       41.33        0.00
     0     2      554.67       37.33        0.00
     0     2      556.00       33.33        0.00
     0     2      558.67       30.67        0.00
     0     2      560.00       26.67        0.00
     0     2      562.67       22.67        0.00
     0     2      562.67       18.67        0.00
     0     2      564.00       14.67        0.00
     0     2      565.33       10.67        0.00
     0     2      565.33        6.67        0.00
     0     2      297.33        2.67        0.00
     0     2      294.67        6.67        0.00
     0     2      292.00        9.33        0.00
     0     2      289.33       12.00        0.00
     0     2      285.33       13.33        0.00
     0     2      282.67       16.00        0.00
     0     2      278.67       17.33        0.00
     0     2      276.00       20.00        0.00
     0     2      274.67       24.00        0.00
     0     2      273.33       28.00        0.00
     0     2      270.67       30.67        0.00
     0     2      269.33       34.67        0.00
     0     2      266.67       37.33        0.00
     0     2      265.33       41.33        0.00
     0     2      262.67       44.00        0.00
     0     2      261.33       48.00        0.00
     0     3     1377.33      453.33        0.00
     0     3     1373.33      454.67        0.00
     0     3     1369.33      454.67        0.00
     0     3     1365.33      454.67        0.00
     0     3     1361.33      454.67        0.00
     0     3     1354.67      454.67        0.00
     0     3     1348.00      454.67        0.00
     0     3     1340.00      452.00        0.00
     0     3     1334.67      449.33        0.00
     0     3     1329.33      448.00        0.00
     0     3     1320.00      446.67        0.00
     0     3     1313.33      445.33        0.00
     0     3     1305.33      444.00        0.00
     0     3     1300.00      441.33        0.00
     0     3     1293.33      440.00        0.00
     0     3     1286.67      438.67        0.00
     0     3     1281.33      434.67        0.00
     0     3     1276.00      432.00        0.00
     0     3     1272.00      430.67        0.00
     0     3     1264.00      428.00        0.00
     0     3     1257.33      424.00        0.00
     0     3     1250.67      421.33        0.00
     0     3     1244.00      420.00        0.00
     0     3     1236.00      417.33        0.00
     0     3     1229.33      414.67        0.00
     0     3     1224.00      412.00        0.00
     0     3     1221.33      409.33        0.00
     0     3     1217.33      405.33        0.00
     0     3     1212.00      402.67        0.00
     0     3     1209.33      398.67        0.00
     0     3     1204.00      394.67        0.00
     0     3     1200.00      390.67        0.00
     0     3     1196.00      385.33        0.00
     0     3     1192.00      380.00        0.00
     0     3     1188.00      373.33        0.00
     0     3     1185.33      368.00        0.00
     0     3     1182.67      364.00        0.00
     0     3     1180.00      358.67        0.00
     0     3     1177.33      353.33        0.00
     0     3     1172.00      348.00        0.00
     0     3     1169.33      344.00        0.00
     0     3     1168.00      338.67        0.00
     0     3     1168.00      333.33        0.00
     0     3     1166.67      326.67        0.00
     0     3     1165.33      318.67        0.00
     0     3     1165.33      313.33        0.00
     0     3     1166.67      306.67        0.00
     0     3     1166.67      298.67        0.00
     0     3     1166.67      289.33        0.00
     0     3     1168.00      284.00        0.00
     0     3     1168.00      278.67        0.00
     0     3     1169.33      274.67        0.00
     0     3     1170.67      269.33        0.00
     0     3     1173.33      264.00        0.00
     0     3     1176.00      258.67        0.00
     0     3     1182.67      254.67        0.00
     0     3     1188.00      250.67        0.00
     0     3     1193.33      248.00        0.00
     0     3     1196.00      245.33        0.00
     0     3     1200.00      241.33        0.00
     0     3     1204.00      238.67        0.00
     0     3     1205.33      234.67        0.00
     0     3     1208.00      232.00        0.00
     0     3     1210.67      229.33        0.00
     0     3     1214.67      225.33        0.00
     0     3     1221.33      220.00        0.00
     0     3     1229.33      214.67        0.00
     0     3     1236.00      210.67        0.00
     0     3     1242.67      205.33        0.00
     0     3     1248.00      200.00        0.00
     0     3     1260.00      196.00        0.00
     0     3     1269.33      192.00        0.00
     0     3     1280.00      186.67        0.00
     0     3     1294.67      180.00        0.00
     0     3     1300.00      178.67        0.00
     0     3     1305.33      177.33        0.00
     0     3     1309.33      176.00        0.00
     0     3     1314.67      176.00        0.00
     0     3     1318.67      174.67        0.00
     0     3     1322.67      174.67        0.00
     0     3     1326.67      174.67        0.00
     0     3     1330.67      174.67        0.00
     0     3     1334.67      174.67        0.00
     0     3     1338.67      174.67        0.00
     0     3     1346.67      176.00        0.00
     0     3     1350.67      176.00        0.00
     0     3     1354.67      176.00        0.00
     0     3     1358.67      177.33        0.00
     0     3     1362.67      177.33        0.00
     0     3     1366.67      177.33        0.00
     0     3     1370.67      178.67        0.00
     0     3     1374.67      180.00        0.00
     0     3     1377.33      182.67        0.00
     1     0      729.00      550.00        0.00
     1     0      726.00      551.00        0.00
     1     0      723.00      552.00        0.00
     1     0      720.00      551.00        0.00
     1     0      716.00      550.00        0.00
     1     0      713.00      549.00        0.00
     1     0      710.00      547.00        0.00
     1     0      707.00      545.00        0.00
     1     0      705.00      542.00        0.00
     1     0      703.00      539.00        0.00
     1     0      702.00      536.00        0.00
     1     0      705.00      533.00        0.00
     1     0      707.00      530.00        0.00
     1     0      710.00      528.00        0.00
     1     0      713.00      526.00        0.00
     1     0      716.00      524.00        0.00
     1     0      720.00      524.00        0.00
     1     0      724.00      524.00        0.00
     1     0      728.00      524.00        0.00
     1     0      731.00      525.00        0.00
     1     0      734.00      527.00        0.00
     1     0      736.00      530.00        0.00
     1     0      738.00      533.00        0.00
     1     0      740.00      536.00        0.00
     1     0      740.00      540.00        0.00
     1     0      741.00      543.00        0.00
     1     0      738.00      545.00        0.00
     1     1      226.00      461.00        0.00
     1     1      227.00      466.00        0.00
     1     1      227.00      470.00        0.00
     1     1      226.00      473.00        0.00
     1     1      224.00      476.00        0.00
     1     1      222.00      479.00        0.00
     1     1      219.00      482.00        0.00
     1     1      216.00      484.00        0.00
     1     1      213.00      486.00        0.00
     1     1      210.00      487.00        0.00
     1     1      206.00      487.00        0.00
     1     1      203.00      486.00        0.00
     1     1      200.00      485.00        0.00
     1     1      196.00      484.00        0.00
     1     1      193.00      483.00        0.00
     1     1      190.00      482.00        0.00
     1     1      187.00      481.00        0.00
     1     1      184.00      479.00        0.00
     1     1      183.00      476.00        0.00
     1     1      181.00      472.00        0.00
     1     1      179.00      468.00        0.00
     1     1      178.00      463.00        0.00
     1     1      178.00      459.00        0.00
     1     1      180.00      456.00        0.00
     1     1      181.00      453.00        0.00
     1     1      184.00      450.00        0.00
     1     1      187.00      448.00        0.00
     1     1      190.00      447.00        0.00
     1     1      193.00      445.00        0.00
     1     1      196.00      443.00        0.00
     1     1      199.00      442.00        0.00
     1     1      203.00      442.00        0.00
     1     1      207.00      442.00        0.00
     1     1      210.00      443.00        0.00
     1     1      213.00      444.00        0.00
     1     1      216.00      447.00        0.00
     1     1      218.00      450.00        0.00
     1     1      219.00      453.00        0.00
     1     2      283.00      446.00        0.00
     1     2      278.00      451.00        0.00
     1     2      275.00      452.00        0.00
     1     2      272.00      453.00        0.00
     1     2      268.00      453.00        0.00
     1     2      264.00      452.00        0.00
     1     2      261.00      451.00        0.00
     1     2      258.00      449.00        0.00
     1     2      256.00      446.00        0.00
     1     2      255.00      442.00        0.00
     1     2      255.00      438.00        0.00
     1     2      257.00      435.00        0.00
     1     2      260.00      433.00        0.00
     1     2      263.00      431.00        0.00
     1     2      266.00      430.00        0.00
     1     2      269.00      428.00        0.00
     1     2      272.00      427.00        0.00
     1     2      275.00      426.00        0.00
     1     2      279.00      426.00        0.00
     1     2      283.00      426.00        0.00
     1     2      285.00      429.00        0.00
     1     2      286.00      432.00        0.00
     1     2      287.00      435.00        0.00
     1     2      287.00      439.00        0.00
     1     2      287.00      443.00        0.00
     1     3      356.00      424.00        0.00
     1     3      353.00      430.00        0.00
     1     3      350.00      431.00        0.00
     1     3      347.00      432.00        0.00
     1     3      344.00      433.00        0.00
     1     3      340.00      434.00        0.00
     1     3      336.00      434.00        0.00
     1     3      333.00      432.00        0.00
     1     3      330.00      429.00        0.00
     1     3      329.00      426.00        0.00
     1     3      329.00      422.00        0.00
     1     3      329.00      418.00        0.00
     1     3      330.00      415.00        0.00
     1     3      333.00      412.00        0.00
     1     3      336.00      410.00        0.00
     1     3      340.00      409.00        0.00
     1     3      344.00      409.00        0.00
     1     3      349.00      408.00        0.00
     1     3      353.00      408.00        0.00
     1     3      357.00      409.00        0.00
     1     3      359.00      412.00        0.00
     1     3      360.00      415.00        0.00
     1     4      479.00      373.00        0.00
     1     4      479.00      377.00        0.00
     1     4      477.00      380.00        0.00
     1     4      474.00      382.00        0.00
     1     4      471.00      383.00        0.00
     1     4      467.00      383.00        0.00
     1     4      463.00      383.00        0.00
     1     4      461.00      380.00        0.00
     1     4      459.00      377.00        0.00
     1     4      457.00      374.00        0.00
     1     4      456.00      371.00        0.00
     1     4      455.00      368.00        0.00
     1     4      455.00      364.00        0.00
     1     4      455.00      360.00        0.00
     1     4      457.00      357.00        0.00
     1     4      460.00      356.00        0.00
     1     4      463.00      355.00        0.00
     1     4      467.00      355.00        0.00
     1     4      471.00      356.00        0.00
     1     4      474.00      358.00        0.00
     1     4      477.00      361.00        0.00
     1     4      479.00      364.00        0.00
     1     4      480.00      367.00        0.00
     1     5      436.00      379.00        0.00
     1     5      445.00      385.00        0.00
     1     5      447.00      388.00        0.00
     1     5      447.00      392.00        0.00
     1     5      445.00      395.00        0.00
     1     5      443.00      398.00        0.00
     1     5      440.00      399.00        0.00
     1     5      436.00      399.00        0.00
     1     5      433.00      400.00        0.00
     1     5      429.00      400.00        0.00
     1     5      426.00      399.00        0.00
     1     5      422.00      398.00        0.00
     1     5      419.00      395.00        0.00
     1     5      416.00      393.00        0.00
     1     5      413.00      390.00        0.00
     1     5      412.00      387.00        0.00
     1     5      410.00      384.00        0.00
     1     5      409.00      381.00        0.00
     1     5      409.00      377.00        0.00
     1     5      412.00      376.00        0.00
     1     5      415.00      375.00        0.00
     1     5      419.00      375.00        0.00
     1     5      423.00      375.00        0.00
     1     6      506.00      380.00        0.00
     1     6      510.00      386.00        0.00
     1     6      512.00      389.00        0.00
     1     6      511.00      392.00        0.00
     1     6      508.00      393.00        0.00
     1     6      505.00      394.00        0.00
     1     6      502.00      395.00        0.00
     1     6      498.00      395.00        0.00
     1     6      494.00      395.00        0.00
     1     6      490.00      395.00        0.00
     1     6      487.00      394.00        0.00
     1     6      484.00      393.00        0.00
     1     6      481.00      391.00        0.00
     1     6      480.00      388.00        0.00
     1     6      481.00      384.00        0.00
     1     6      485.00      383.00        0.00
     1     6      488.00      382.00        0.00
     1     6      492.00      381.00        0.00
     1     6      495.00      379.00        0.00
     1     6      499.00      379.00        0.00
     1     7      586.00      376.00        0.00
     1     7      590.00      382.00        0.00
     1     7      590.00      386.00        0.00
     1     7      588.00      389.00        0.00
     1     7      585.00      391.00        0.00
     1     7      582.00      392.00        0.00
     1     7      578.00      392.00        0.00
     1     7      574.00      392.00        0.00
     1     7      570.00      392.00        0.00
     1     7      566.00      392.00        0.00
     1     7      562.00      392.00        0.00
     1     7      559.00      390.00        0.00
     1     7      556.00      387.00        0.00
     1     7      553.00      384.00        0.00
     1     7      552.00      381.00        0.00
     1     7      551.00      378.00        0.00
     1     7      550.00      375.00        0.00
     1     7      551.00      372.00        0.00
     1     7      553.00      369.00        0.00
     1     7      556.00      367.00        0.00
     1     7      559.00      365.00        0.00
     1     7      563.00      363.00        0.00
     1     7      567.00      362.00        0.00
     1     7      571.00      362.00        0.00
     1     7      575.00      362.00        0.00
     1     8      644.00      384.00        0.00
     1     8      644.00      388.00        0.00
     1     8      643.00      391.00        0.00
     1     8      640.00      394.00        0.00
     1     8      639.00      397.00        0.00
     1     8      637.00      400.00        0.00
     1     8      635.00      403.00        0.00
     1     8      632.00      405.00        0.00
     1     8      629.00      406.00        0.00
     1     8      625.00      406.00        0.00
     1     8      622.00      405.00        0.00
     1     8      619.00      403.00        0.00
     1     8      616.00      400.00        0.00
     1     8      613.00      397.00        0.00
     1     8      611.00      393.00        0.00
     1     8      611.00      389.00        0.00
     1     8      610.00      386.00        0.00
     1     8      610.00      382.00        0.00
     1     8      610.00      378.00        0.00
     1     8      610.00      374.00        0.00
     1     8      613.00      372.00        0.00
     1     8      616.00      370.00        0.00
     1     8      619.00      369.00        0.00
     1     8      622.00      368.00        0.00
     1     8      626.00      368.00        0.00
     1     8      629.00      369.00        0.00
     1     8      632.00      370.00        0.00
     1     9      683.00      396.00        0.00
     1     9      692.00      401.00        0.00
     1     9      695.00      404.00        0.00
     1     9      696.00      407.00        0.00
     1     9      698.00      410.00        0.00
     1     9      699.00      413.00        0.00
     1     9      700.00      416.00        0.00
     1     9      701.00      419.00        0.00
     1     9      700.00      423.00        0.00
     1     9      697.00      424.00        0.00
     1     9      693.00      425.00        0.00
     1     9      689.00      425.00        0.00
     1     9      683.00      425.00        0.00
     1     9      678.00      425.00        0.00
     1     9      674.00      422.00        0.00
     1     9      671.00      420.00        0.00
     1     9      668.00      417.00        0.00
     1     9      666.00      414.00        0.00
     1     9      664.00      410.00        0.00
     1     9      663.00      407.00        0.00
     1     9      663.00      403.00        0.00
     1     9      664.00      399.00        0.00
     1     9      666.00      396.00        0.00
     1     9      667.00      393.00        0.00
     1     9      670.00      392.00        0.00
     1    10      721.00      402.00        0.00
     1    10      730.00      407.00        0.00
     1    10      733.00      409.00        0.00
     1    10      735.00      412.00        0.00
     1    10      737.00      415.00        0.00
     1    10      739.00      418.00        0.00
     1    10      741.00      421.00        0.00
     1    10      742.00      424.00        0.00
     1    10      743.00      427.00        0.00
     1    10      744.00      430.00        0.00
     1    10      743.00      433.00        0.00
     1    10      740.00      434.00        0.00
     1    10      736.00      434.00        0.00
     1    10      732.00      434.00        0.00
     1    10      729.00      435.00        0.00
     1    10      725.00      435.00        0.00
     1    10      722.00      433.00        0.00
     1    10      719.00      431.00        0.00
     1    10      716.00      429.00        0.00
     1    10      714.00      426.00        0.00
     1    10      713.00      423.00        0.00
     1    10      712.00      420.00        0.00
     1    10      711.00      417.00        0.00
     1    10      710.00      414.00        0.00
     1    10      709.00      411.00        0.00
     1    10      709.00      407.00        0.00
     1    11      774.00      397.00        0.00
     1    11      780.00      402.00        0.00
     1    11      782.00      405.00        0.00
     1    11      783.00      408.00        0.00
     1    11      783.00      412.00        0.00
     1    11      783.00      416.00        0.00
     1    11      783.00      420.00        0.00
     1    11      782.00      423.00        0.00
     1    11      781.00      426.00        0.00
     1    11      779.00      429.00        0.00
     1    11      776.00      430.00        0.00
     1    11      773.00      431.00        0.00
     1    11      769.00      431.00        0.00
     1    11      765.00      431.00        0.00
     1    11      762.00      430.00        0.00
     1    11      757.00      428.00        0.00
     1    11      755.00      425.00        0.00
     1    11      753.00      421.00        0.00
     1    11      752.00      417.00        0.00
     1    11      751.00      413.00        0.00
     1    11      751.00      409.00        0.00
     1    11      751.00      405.00        0.00
     1    11      752.00      402.00        0.00
     1    11      753.00      399.00        0.00
     1    11      755.00      396.00        0.00
     1    11      758.00      395.00        0.00
     1    11      761.00      394.00        0.00
