     0     0      524.00      541.33        0.00
     0     0      518.67      542.67        0.00
     0     0      514.67      545.33        0.00
     0     0      510.67      545.33        0.00
     0     0      506.67      546.67        0.00
     0     0      502.67      546.67        0.00
     0     0      498.67      548.00        0.00
     0     0      494.67      548.00        0.00
     0     0      490.67      549.33        0.00
     0     0      486.67      550.67        0.00
     0     0      482.67      550.67        0.00
     0     0      478.67      552.00        0.00
     0     0      474.67      552.00        0.00
     0     0      470.67      553.33        0.00
     0     0      466.67      554.67        0.00
     0     0      462.67      554.67        0.00
     0     0      458.67      556.00        0.00
     0     0      454.67      557.33        0.00
     0     0      450.67      560.00        0.00
     0     0      446.67      560.00        0.00
     0     0      444.00      562.67        0.00
     0     0      440.00      562.67        0.00
     0     0      436.00      564.00        0.00
     0     0      432.00      565.33        0.00
     0     0      428.00      565.33        0.00
     0     0      424.00      566.67        0.00
     0     0      420.00      566.67        0.00
     0     0      416.00      566.67        0.00
     0     0      412.00      566.67        0.00
     0     0      408.00      568.00        0.00
     0     0      404.00      568.00        0.00
     0     0      400.00      568.00        0.00
     0     0      396.00      569.33        0.00
     0     0      392.00      570.67        0.00
     0     0      388.00      572.00        0.00
     0     0      384.00      573.33        0.00
     0     0      380.00      573.33        0.00
     0     0      376.00      574.67        0.00
     0     0      372.00      576.00        0.00
     0     0      368.00      576.00        0.00
     0     0      364.00      576.00        0.00
     0     0      360.00      576.00        0.00
     0     0      356.00      576.00        0.00
     0     0      352.00      577.33        0.00
     0     0      348.00      577.33        0.00
     0     0      344.00      577.33        0.00
     0     0      340.00      577.33        0.00
     0     0      336.00      577.33        0.00
     0     0      332.00      577.33        0.00
     0     0      328.00      577.33        0.00
     0     0      324.00      577.33        0.00
     0     0      320.00      576.00        0.00
     0     0      316.00      574.67        0.00
     0     0      312.00      574.67        0.00
     0     0      308.00      573.33        0.00
     0     0      304.00      572.00        0.00
     0     0      300.00      570.67        0.00
     0     0      296.00      569.33        0.00
     0     0      292.00      566.67        0.00
     0     0      288.00      565.33        0.00
     0     0      285.33      562.67        0.00
     0     0      282.67      560.00        0.00
     0     0      280.00      557.33        0.00
     0     0      277.33      554.67        0.00
     0     0      274.67      552.00        0.00
     0     0      273.33      548.00        0.00
     0     0      270.67      545.33        0.00
     0     0      269.33      541.33        0.00
     0     0      266.67      538.67        0.00
     0     0      265.33      534.67        0.00
     0     0      265.33      530.67        0.00
     0     0      264.00      526.67        0.00
     0     0      262.67      522.67        0.00
     0     0      262.67      518.67        0.00
     0     0      262.67      514.67        0.00
     0     0      262.67      510.67        0.00
     0     0      262.67      506.67        0.00
     0     0      262.67      502.67        0.00
     0     0      262.67      498.67        0.00
     0     0      262.67      494.67        0.00
     0     0      262.67      490.67        0.00
     0     0      262.67      486.67        0.00
     0     0      262.67      481.33        0.00
     0     0      262.67      477.33        0.00
     0     0      264.00      473.33        0.00
     0     0      265.33      468.00        0.00
     0     0      265.33      464.00        0.00
     0     0      266.67      460.00        0.00
     0     0      268.00      456.00        0.00
     0     0      270.67      452.00        0.00
     0     0      272.00      448.00        0.00
     0     0      274.67      445.33        0.00
     0     0      277.33      441.33        0.00
     0     0      278.67      437.33        0.00
     0     0      281.33      434.67        0.00
     0     0      282.67      430.67        0.00
     0     0      285.33      428.00        0.00
     0     0      286.67      424.00        0.00
     0     0      289.33      421.33        0.00
     0     0      292.00      417.33        0.00
     0     0      294.67      414.67        0.00
     0     0      297.33      410.67        0.00
     0     0      300.00      408.00        0.00
     0     0      302.67      404.00        0.00
     0     0      306.67      400.00        0.00
     0     0      312.00      396.00        0.00
     0     0      316.00      392.00        0.00
     0     0      321.33      386.67        0.00
     0     0      326.67      381.33        0.00
     0     0      330.67      377.33        0.00
     0     0      334.67      373.33        0.00
     0     0      337.33      370.67        0.00
     0     0      340.00      368.00        0.00
     0     0      344.00      364.00        0.00
     0     0      348.00      360.00        0.00
     0     0      350.67      357.33        0.00
     0     0      353.33      354.67        0.00
     0     0      357.33      350.67        0.00
     0     0      360.00      348.00        0.00
     0     0      362.67      344.00        0.00
     0     0      366.67      342.67        0.00
     0     0      369.33      340.00        0.00
     0     0      373.33      337.33        0.00
     0     0      377.33      334.67        0.00
     0     0      380.00      332.00        0.00
     0     0      384.00      330.67        0.00
     0     0      389.33      328.00        0.00
     0     0      392.00      325.33        0.00
     0     0      396.00      322.67        0.00
     0     0      398.67      320.00        0.00
     0     0      402.67      318.67        0.00
     0     0      406.67      316.00        0.00
     0     0      410.67      314.67        0.00
     0     0      413.33      312.00        0.00
     0     0      418.67      310.67        0.00
     0     0      422.67      309.33        0.00
     0     0      426.67      306.67        0.00
     0     0      430.67      306.67        0.00
     0     0      434.67      304.00        0.00
     0     0      438.67      302.67        0.00
     0     0      445.33      301.33        0.00
     0     0      449.33      301.33        0.00
     0     0      453.33      300.00        0.00
     0     0      457.33      300.00        0.00
     0     0      461.33      298.67        0.00
     0     0      465.33      298.67        0.00
     0     0      469.33      298.67        0.00
     0     0      473.33      298.67        0.00
     0     0      477.33      298.67        0.00
     0     0      481.33      297.33        0.00
     0     0      485.33      296.00        0.00
     0     0      489.33      296.00        0.00
     0     0      493.33      296.00        0.00
     0     0      497.33      296.00        0.00
     0     0      501.33      294.67        0.00
     0     0      505.33      294.67        0.00
     0     0      509.33      294.67        0.00
     0     0      513.33      293.33        0.00
     0     0      518.67      293.33        0.00
     0     0      524.00      293.33        0.00
     0     0      529.33      293.33        0.00
     0     0      536.00      293.33        0.00
     0     0      542.67      294.67        0.00
     0     0      550.67      294.67        0.00
     0     0      557.33      296.00        0.00
     0     0      562.67      297.33        0.00
     0     0      568.00      297.33        0.00
     0     0      574.67      300.00        0.00
     0     0      578.67      301.33        0.00
     0     0      582.67      302.67        0.00
     0     0      588.00      304.00        0.00
     0     0      592.00      305.33        0.00
     0     0      596.00      306.67        0.00
     0     0      600.00      308.00        0.00
     0     0      606.67      309.33        0.00
     0     0      612.00      310.67        0.00
     0     0      614.67      313.33        0.00
     0     0      618.67      314.67        0.00
     0     0      622.67      317.33        0.00
     0     0      626.67      318.67        0.00
     0     0      629.33      321.33        0.00
     0     0      633.33      322.67        0.00
     0     0      636.00      325.33        0.00
     0     0      640.00      328.00        0.00
     0     0      642.67      332.00        0.00
     0     0      645.33      336.00        0.00
     0     0      650.67      340.00        0.00
     0     0      653.33      342.67        0.00
     0     0      656.00      348.00        0.00
     0     0      660.00      352.00        0.00
     0     0      661.33      356.00        0.00
     0     0      664.00      361.33        0.00
     0     0      666.67      366.67        0.00
     0     0      668.00      370.67        0.00
     0     0      669.33      376.00        0.00
     0     0      669.33      381.33        0.00
     0     0      669.33      385.33        0.00
     0     0      668.00      390.67        0.00
     0     0      668.00      396.00        0.00
     0     0      666.67      401.33        0.00
     0     0      665.33      405.33        0.00
     0     0      665.33      410.67        0.00
     0     0      664.00      414.67        0.00
     0     0      662.67      421.33        0.00
     0     0      661.33      425.33        0.00
     0     0      660.00      429.33        0.00
     0     0      658.67      433.33        0.00
     0     0      657.33      437.33        0.00
     0     0      654.67      441.33        0.00
     0     0      652.00      445.33        0.00
     0     0      649.33      449.33        0.00
     0     0      646.67      453.33        0.00
     0     0      644.00      456.00        0.00
     0     0      641.33      460.00        0.00
     0     0      638.67      462.67        0.00
     0     0      636.00      465.33        0.00
     0     0      633.33      468.00        0.00
     0     0      630.67      470.67        0.00
     0     0      628.00      473.33        0.00
     0     0      625.33      476.00        0.00
     0     0      622.67      478.67        0.00
     0     0      620.00      481.33        0.00
     0     0      618.67      485.33        0.00
     0     0      616.00      488.00        0.00
     0     0      613.33      490.67        0.00
     0     0      612.00      494.67        0.00
     0     0      609.33      497.33        0.00
     0     0      605.33      500.00        0.00
     0     0      601.33      502.67        0.00
     0     0      598.67      505.33        0.00
     0     0      594.67      508.00        0.00
     0     0      592.00      510.67        0.00
     0     0      589.33      513.33        0.00
     0     0      586.67      516.00        0.00
     0     0      582.67      518.67        0.00
     0     0      578.67      521.33        0.00
     0     0      576.00      524.00        0.00
     0     0      572.00      525.33        0.00
     0     0      568.00      526.67        0.00
     0     0      564.00      528.00        0.00
     0     0      560.00      530.67        0.00
     0     0      557.33      533.33        0.00
     0     1      698.67      839.67        0.00
     0     1      692.00      843.67        0.00
     0     1      689.33      846.33        0.00
     0     1      686.67      849.00        0.00
     0     1      684.00      851.67        0.00
     0     1      681.33      854.33        0.00
     0     1      678.67      857.00        0.00
     0     1      674.67      858.33        0.00
     0     1      670.67      859.67        0.00
     0     1      666.67      861.00        0.00
     0     1      662.67      862.33        0.00
     0     1      658.67      863.67        0.00
     0     1      654.67      863.67        0.00
     0     1      650.67      865.00        0.00
     0     1      646.67      865.00        0.00
     0     1      641.33      865.00        0.00
     0     1      634.67      865.00        0.00
     0     1      630.67      865.00        0.00
     0     1      626.67      866.33        0.00
     0     1      621.33      866.33        0.00
     0     1      617.33      866.33        0.00
     0     1      613.33      866.33        0.00
     0     1      609.33      866.33        0.00
     0     1      605.33      866.33        0.00
     0     1      601.33      866.33        0.00
     0     1      596.00      866.33        0.00
     0     1      590.67      865.00        0.00
     0     1      585.33      863.67        0.00
     0     1      580.00      862.33        0.00
     0     1      576.00      862.33        0.00
     0     1      572.00      861.00        0.00
     0     1      565.33      859.67        0.00
     0     1      560.00      858.33        0.00
     0     1      556.00      855.67        0.00
     0     1      549.33      854.33        0.00
     0     1      545.33      853.00        0.00
     0     1      540.00      850.33        0.00
     0     1      534.67      849.00        0.00
     0     1      530.67      847.67        0.00
     0     1      526.67      846.33        0.00
     0     1      521.33      845.00        0.00
     0     1      517.33      842.33        0.00
     0     1      513.33      841.00        0.00
     0     1      509.33      839.67        0.00
     0     1      505.33      838.33        0.00
     0     1      500.00      837.00        0.00
     0     1      494.67      834.33        0.00
     0     1      490.67      833.00        0.00
     0     1      486.67      831.67        0.00
     0     1      480.00      829.00        0.00
     0     1      476.00      827.67        0.00
     0     1      472.00      826.33        0.00
     0     1      468.00      825.00        0.00
     0     1      464.00      823.67        0.00
     0     1      460.00      822.33        0.00
     0     1      456.00      819.67        0.00
     0     1      452.00      818.33        0.00
     0     1      448.00      818.33        0.00
     0     1      444.00      817.00        0.00
     0     1      440.00      817.00        0.00
     0     1      436.00      817.00        0.00
     0     1      432.00      815.67        0.00
     0     1      428.00      815.67        0.00
     0     1      424.00      814.33        0.00
     0     1      420.00      814.33        0.00
     0     1      416.00      813.00        0.00
     0     1      412.00      813.00        0.00
     0     1      408.00      813.00        0.00
     0     1      404.00      811.67        0.00
     0     1      400.00      811.67        0.00
     0     1      396.00      811.67        0.00
     0     1      392.00      810.33        0.00
     0     1      388.00      809.00        0.00
     0     1      384.00      807.67        0.00
     0     1      380.00      805.00        0.00
     0     1      376.00      803.67        0.00
     0     1      372.00      801.00        0.00
     0     1      368.00      798.33        0.00
     0     1      365.33      795.67        0.00
     0     1      362.67      793.00        0.00
     0     1      358.67      790.33        0.00
     0     1      356.00      787.67        0.00
     0     1      352.00      786.33        0.00
     0     1      349.33      783.67        0.00
     0     1      345.33      782.33        0.00
     0     1      341.33      779.67        0.00
     0     1      338.67      777.00        0.00
     0     1      336.00      774.33        0.00
     0     1      333.33      771.67        0.00
     0     1      330.67      767.67        0.00
     0     1      328.00      763.67        0.00
     0     1      326.67      759.67        0.00
     0     1      325.33      755.67        0.00
     0     1      324.00      751.67        0.00
     0     1      324.00      747.67        0.00
     0     1      324.00      743.67        0.00
     0     1      325.33      739.67        0.00
     0     1      326.67      735.67        0.00
     0     1      326.67      731.67        0.00
     0     1      326.67      727.67        0.00
     0     1      328.00      723.67        0.00
     0     1      329.33      719.67        0.00
     0     1      330.67      715.67        0.00
     0     1      332.00      711.67        0.00
     0     1      334.67      707.67        0.00
     0     1      336.00      703.67        0.00
     0     1      338.67      698.33        0.00
     0     1      341.33      694.33        0.00
     0     1      344.00      690.33        0.00
     0     1      345.33      686.33        0.00
     0     1      348.00      683.67        0.00
     0     1      350.67      679.67        0.00
     0     1      352.00      675.67        0.00
     0     1      354.67      670.33        0.00
     0     1      356.00      666.33        0.00
     0     1      358.67      662.33        0.00
     0     1      361.33      658.33        0.00
     0     1      364.00      654.33        0.00
     0     1      368.00      650.33        0.00
     0     1      373.33      645.00        0.00
     0     1      380.00      641.00        0.00
     0     1      389.33      634.33        0.00
     0     1      397.33      629.00        0.00
     0     1      404.00      623.67        0.00
     0     1      413.33      619.67        0.00
     0     1      421.33      615.67        0.00
     0     1      430.67      613.00        0.00
     0     1      436.00      610.33        0.00
     0     1      442.67      607.67        0.00
     0     1      446.67      606.33        0.00
     0     1      450.67      603.67        0.00
     0     1      457.33      601.00        0.00
     0     1      465.33      597.00        0.00
     0     1      473.33      595.67        0.00
     0     1      481.33      594.33        0.00
     0     1      493.33      590.33        0.00
     0     1      502.67      587.67        0.00
     0     1      510.67      587.67        0.00
     0     1      517.33      589.00        0.00
     0     1      526.67      589.00        0.00
     0     1      534.67      590.33        0.00
     0     1      544.00      591.67        0.00
     0     1      553.33      594.33        0.00
     0     1      561.33      597.00        0.00
     0     1      570.67      599.67        0.00
     0     1      577.33      601.00        0.00
     0     1      585.33      605.00        0.00
     0     1      593.33      609.00        0.00
     0     1      602.67      613.00        0.00
     0     1      612.00      617.00        0.00
     0     1      621.33      621.00        0.00
     0     1      626.67      625.00        0.00
     0     1      633.33      629.00        0.00
     0     1      641.33      631.67        0.00
     0     1      648.00      634.33        0.00
     0     1      657.33      638.33        0.00
     0     1      662.67      639.67        0.00
     0     1      668.00      643.67        0.00
     0     1      674.67      646.33        0.00
     0     1      680.00      649.00        0.00
     0     1      686.67      651.67        0.00
     0     1      690.67      654.33        0.00
     0     1      696.00      659.67        0.00
     0     1      698.67      662.33        0.00
     0     1      705.33      666.33        0.00
     0     1      709.33      671.67        0.00
     0     1      716.00      675.67        0.00
     0     1      720.00      679.67        0.00
     0     1      724.00      683.67        0.00
     0     1      730.67      687.67        0.00
     0     1      734.67      690.33        0.00
     0     1      738.67      694.33        0.00
     0     1      741.33      697.00        0.00
     0     1      745.33      699.67        0.00
     0     1      748.00      702.33        0.00
     0     1      750.67      705.00        0.00
     0     1      753.33      709.00        0.00
     0     1      756.00      713.00        0.00
     0     1      760.00      718.33        0.00
     0     1      761.33      722.33        0.00
     0     1      762.67      729.00        0.00
     0     1      764.00      734.33        0.00
     0     1      765.33      738.33        0.00
     0     1      765.33      745.00        0.00
     0     1      765.33      750.33        0.00
     0     1      765.33      754.33        0.00
     0     1      764.00      759.67        0.00
     0     1      764.00      765.00        0.00
     0     1      762.67      769.00        0.00
     0     1      762.67      775.67        0.00
     0     1      761.33      779.67        0.00
     0     1      761.33      783.67        0.00
     0     1      758.67      786.33        0.00
     0     1      757.33      790.33        0.00
     0     1      754.67      793.00        0.00
     0     1      752.00      795.67        0.00
     0     1      749.33      798.33        0.00
     0     1      746.67      801.00        0.00
     0     1      742.67      802.33        0.00
     0     1      740.00      806.33        0.00
     0     1      737.33      809.00        0.00
     0     1      734.67      811.67        0.00
     0     1      730.67      811.67        0.00
     0     2      612.00     1033.00        0.00
     0     2      602.67     1022.33        0.00
     0     2      601.33     1015.67        0.00
     0     2      600.00     1011.67        0.00
     0     2      600.00     1007.67        0.00
     0     2      600.00     1003.67        0.00
     0     2      600.00      999.67        0.00
     0     2      601.33      995.67        0.00
     0     2      602.67      991.67        0.00
     0     2      604.00      987.67        0.00
     0     2      605.33      983.67        0.00
     0     2      606.67      979.67        0.00
     0     2      608.00      974.33        0.00
     0     2      609.33      969.00        0.00
     0     2      612.00      965.00        0.00
     0     2      613.33      961.00        0.00
     0     2      614.67      957.00        0.00
     0     2      618.67      950.33        0.00
     0     2      620.00      946.33        0.00
     0     2      624.00      941.00        0.00
     0     2      626.67      937.00        0.00
     0     2      629.33      933.00        0.00
     0     2      633.33      929.00        0.00
     0     2      637.33      926.33        0.00
     0     2      640.00      921.00        0.00
     0     2      644.00      917.00        0.00
     0     2      648.00      913.00        0.00
     0     2      650.67      910.33        0.00
     0     2      653.33      907.67        0.00
     0     2      658.67      903.67        0.00
     0     2      662.67      901.00        0.00
     0     2      665.33      898.33        0.00
     0     2      668.00      894.33        0.00
     0     2      670.67      891.67        0.00
     0     2      674.67      889.00        0.00
     0     2      677.33      886.33        0.00
     0     2      680.00      883.67        0.00
     0     2      682.67      881.00        0.00
     0     2      688.00      878.33        0.00
     0     2      692.00      877.00        0.00
     0     2      697.33      874.33        0.00
     0     2      701.33      873.00        0.00
     0     2      706.67      871.67        0.00
     0     2      714.67      871.67        0.00
     0     2      720.00      870.33        0.00
     0     2      726.67      870.33        0.00
     0     2      732.00      871.67        0.00
     0     2      736.00      871.67        0.00
     0     2      741.33      873.00        0.00
     0     2      746.67      873.00        0.00
     0     2      750.67      874.33        0.00
     0     2      756.00      875.67        0.00
     0     2      761.33      877.00        0.00
     0     2      765.33      878.33        0.00
     0     2      769.33      881.00        0.00
     0     2      774.67      883.67        0.00
     0     2      778.67      886.33        0.00
     0     2      782.67      890.33        0.00
     0     2      785.33      894.33        0.00
     0     2      788.00      898.33        0.00
     0     2      790.67      902.33        0.00
     0     2      793.33      906.33        0.00
     0     2      793.33      910.33        0.00
     0     2      794.67      914.33        0.00
     0     2      797.33      919.67        0.00
     0     2      800.00      923.67        0.00
     0     2      801.33      927.67        0.00
     0     2      801.33      933.00        0.00
     0     2      801.33      937.00        0.00
     0     2      802.67      941.00        0.00
     0     2      802.67      946.33        0.00
     0     2      802.67      951.67        0.00
     0     2      802.67      955.67        0.00
     0     2      804.00      959.67        0.00
     0     2      804.00      963.67        0.00
     0     2      804.00      969.00        0.00
     0     2      804.00      975.67        0.00
     0     2      804.00      979.67        0.00
     0     2      804.00      983.67        0.00
     0     2      802.67      987.67        0.00
     0     2      802.67      991.67        0.00
     0     2      801.33      995.67        0.00
     0     2      798.67      999.67        0.00
     0     2      797.33     1003.67        0.00
     0     2      796.00     1007.67        0.00
     0     2      794.67     1011.67        0.00
     0     2      792.00     1015.67        0.00
     0     2      790.67     1019.67        0.00
     0     2      789.33     1023.67        0.00
     0     2      786.67     1026.33        0.00
     0     2      784.00     1029.00        0.00
     0     2      781.33     1031.67        0.00
     0     3        0.00      998.00        0.00
     0     3        4.00      999.33        0.00
     0     3        8.00     1000.67        0.00
     0     3       12.00     1000.67        0.00
     0     3       16.00     1000.67        0.00
     0     3       20.00     1000.67        0.00
     0     3       24.00     1000.67        0.00
     0     3       28.00      999.33        0.00
     0     3       32.00      998.00        0.00
     0     3       36.00      998.00        0.00
     0     3       40.00      995.33        0.00
     0     3       44.00      994.00        0.00
     0     3       48.00      992.67        0.00
     0     3       52.00      991.33        0.00
     0     3       54.67      988.67        0.00
     0     3       60.00      987.33        0.00
     0     3       64.00      984.67        0.00
     0     3       69.33      980.67        0.00
     0     3       73.33      978.00        0.00
     0     3       76.00      975.33        0.00
     0     3       80.00      972.67        0.00
     0     3       85.33      970.00        0.00
     0     3       92.00      966.00        0.00
     0     3       96.00      963.33        0.00
     0     3       98.67      960.67        0.00
     0     3      100.00      956.67        0.00
     0     3      104.00      952.67        0.00
     0     3      106.67      950.00        0.00
     0     3      108.00      946.00        0.00
     0     3      110.67      943.33        0.00
     0     3      113.33      939.33        0.00
     0     3      114.67      935.33        0.00
     0     3      117.33      931.33        0.00
     0     3      120.00      927.33        0.00
     0     3      122.67      923.33        0.00
     0     3      126.67      916.67        0.00
     0     3      129.33      910.00        0.00
     0     3      132.00      904.67        0.00
     0     3      134.67      900.67        0.00
     0     3      137.33      898.00        0.00
     0     3      140.00      892.67        0.00
     0     3      142.67      890.00        0.00
     0     3      145.33      886.00        0.00
     0     3      149.33      882.00        0.00
     0     3      154.67      878.00        0.00
     0     3      157.33      875.33        0.00
     0     3      160.00      871.33        0.00
     0     3      162.67      868.67        0.00
     0     3      166.67      864.67        0.00
     0     3      169.33      859.33        0.00
     0     3      172.00      854.00        0.00
     0     3      173.33      850.00        0.00
     0     3      177.33      843.33        0.00
     0     3      180.00      836.67        0.00
     0     3      181.33      832.67        0.00
     0     3      182.67      828.67        0.00
     0     3      185.33      822.00        0.00
     0     3      186.67      818.00        0.00
     0     3      188.00      812.67        0.00
     0     3      189.33      808.67        0.00
     0     3      189.33      803.33        0.00
     0     3      189.33      798.00        0.00
     0     3      186.67      791.33        0.00
     0     3      184.00      786.00        0.00
     0     3      182.67      782.00        0.00
     0     3      180.00      778.00        0.00
     0     3      178.67      774.00        0.00
     0     3      176.00      770.00        0.00
     0     3      173.33      767.33        0.00
     0     3      170.67      763.33        0.00
     0     3      168.00      760.67        0.00
     0     3      165.33      756.67        0.00
     0     3      162.67      754.00        0.00
     0     3      160.00      751.33        0.00
     0     3      157.33      748.67        0.00
     0     3      153.33      747.33        0.00
     0     3      149.33      744.67        0.00
     0     3      145.33      743.33        0.00
     0     3      141.33      742.00        0.00
     0     3      137.33      742.00        0.00
     0     3      130.67      740.67        0.00
     0     3      126.67      738.00        0.00
     0     3      122.67      736.67        0.00
     0     3      118.67      735.33        0.00
     0     3      114.67      734.00        0.00
     0     3      110.67      732.67        0.00
     0     3      106.67      731.33        0.00
     0     3      102.67      731.33        0.00
     0     3       98.67      730.00        0.00
     0     3       93.33      728.67        0.00
     0     3       86.67      727.33        0.00
     0     3       80.00      726.00        0.00
     0     3       74.67      726.00        0.00
     0     3       69.33      726.00        0.00
     0     3       62.67      724.67        0.00
     0     3       58.67      724.67        0.00
     0     3       54.67      723.33        0.00
     0     3       50.67      723.33        0.00
     0     3       46.67      724.67        0.00
     0     3       42.67      724.67        0.00
     0     3       38.67      724.67        0.00
     0     3       34.67      724.67        0.00
     0     3       30.67      726.00        0.00
     0     3       26.67      726.00        0.00
     0     3       22.67      726.00        0.00
     0     3       18.67      726.00        0.00
     0     3       14.67      726.00        0.00
     0     3       10.67      726.00        0.00
     0     3        6.67      726.00        0.00
     0     4      228.00      660.67        0.00
     0     4      225.33      663.33        0.00
     0     4      224.00      667.33        0.00
     0     4      221.33      670.00        0.00
     0     4      218.67      672.67        0.00
     0     4      216.00      675.33        0.00
     0     4      212.00      678.00        0.00
     0     4      208.00      682.00        0.00
     0     4      205.33      684.67        0.00
     0     4      201.33      687.33        0.00
     0     4      196.00      690.00        0.00
     0     4      190.67      692.67        0.00
     0     4      186.67      695.33        0.00
     0     4      181.33      696.67        0.00
     0     4      176.00      698.00        0.00
     0     4      172.00      699.33        0.00
     0     4      168.00      700.67        0.00
     0     4      164.00      702.00        0.00
     0     4      158.67      703.33        0.00
     0     4      154.67      703.33        0.00
     0     4      150.67      703.33        0.00
     0     4      146.67      703.33        0.00
     0     4      142.67      702.00        0.00
     0     4      138.67      700.67        0.00
     0     4      134.67      700.67        0.00
     0     4      128.00      698.00        0.00
     0     4      124.00      698.00        0.00
     0     4      120.00      696.67        0.00
     0     4      116.00      695.33        0.00
     0     4      112.00      694.00        0.00
     0     4      108.00      692.67        0.00
     0     4      102.67      691.33        0.00
     0     4       98.67      690.00        0.00
     0     4       93.33      688.67        0.00
     0     4       88.00      686.00        0.00
     0     4       82.67      684.67        0.00
     0     4       74.67      679.33        0.00
     0     4       66.67      676.67        0.00
     0     4       64.00      674.00        0.00
     0     4       60.00      672.67        0.00
     0     4       53.33      668.67        0.00
     0     4       48.00      664.67        0.00
     0     4       44.00      662.00        0.00
     0     4       40.00      660.67        0.00
     0     4       37.33      658.00        0.00
     0     4       33.33      655.33        0.00
     0     4       30.67      652.67        0.00
     0     4       26.67      650.00        0.00
     0     4       24.00      647.33        0.00
     0     4       21.33      644.67        0.00
     0     4       18.67      642.00        0.00
     0     4       16.00      639.33        0.00
     0     4       14.67      635.33        0.00
     0     4       13.33      631.33        0.00
     0     4       10.67      628.67        0.00
     0     4        9.33      624.67        0.00
     0     4        8.00      620.67        0.00
     0     4        8.00      616.67        0.00
     0     4        8.00      612.67        0.00
     0     4        6.67      608.67        0.00
     0     4        6.67      604.67        0.00
     0     4        6.67      600.67        0.00
     0     4        6.67      596.67        0.00
     0     4        6.67      592.67        0.00
     0     4        5.33      588.67        0.00
     0     4        5.33      584.67        0.00
     0     4        5.33      580.67        0.00
     0     4        5.33      576.67        0.00
     0     4        5.33      572.67        0.00
     0     4        5.33      568.67        0.00
     0     4        5.33      564.67        0.00
     0     4        5.33      560.67        0.00
     0     4        4.00      556.67        0.00
     0     4        4.00      552.67        0.00
     0     4        4.00      548.67        0.00
     0     4        4.00      544.67        0.00
     0     4        4.00      540.67        0.00
     0     4        2.67      536.67        0.00
     0     4        2.67      532.67        0.00
     0     4        2.67      528.67        0.00
     0     4        2.67      524.67        0.00
     0     4        2.67      520.67        0.00
     0     4        2.67      516.67        0.00
     0     4        2.67      512.67        0.00
     0     4        2.67      508.67        0.00
     0     4        4.00      504.67        0.00
     0     4        4.00      500.67        0.00
     0     4        4.00      496.67        0.00
     0     4        6.67      492.67        0.00
     0     4        6.67      488.67        0.00
     0     4        8.00      484.67        0.00
     0     4        8.00      480.67        0.00
     0     4        4.00        2.67        0.00
     0     4       48.00        5.33        0.00
     0     4       49.33       14.67        0.00
     0     4       49.33       18.67        0.00
     0     4       49.33       22.67        0.00
     0     4       49.33       26.67        0.00
     0     4       50.67       30.67        0.00
     0     4       52.00       37.33        0.00
     0     4       52.00       44.00        0.00
     0     4       52.00       48.00        0.00
     0     4       54.67       54.67        0.00
     0     4       56.00       58.67        0.00
     0     4       58.67       65.33        0.00
     0     4       61.33       74.67        0.00
     0     4       61.33       78.67        0.00
     0     4       62.67       84.00        0.00
     0     4       64.00       90.67        0.00
     0     4       66.67       94.67        0.00
     0     4       69.33      100.00        0.00
     0     4       74.67      108.00        0.00
     0     4       76.00      112.00        0.00
     0     4       80.00      117.33        0.00
     0     4       82.67      121.33        0.00
     0     4       85.33      125.33        0.00
     0     4       89.33      129.33        0.00
     0     4       92.00      133.33        0.00
     0     4       94.67      136.00        0.00
     0     4       97.33      140.00        0.00
     0     4      100.00      144.00        0.00
     0     4      102.67      146.67        0.00
     0     4      105.33      150.67        0.00
     0     4      109.33      154.67        0.00
     0     4      112.00      158.67        0.00
     0     4      114.67      161.33        0.00
     0     4      117.33      165.33        0.00
     0     4      120.00      168.00        0.00
     0     4      122.67      172.00        0.00
     0     4      126.67      174.67        0.00
     0     4      129.33      177.33        0.00
     0     4      133.33      180.00        0.00
     0     4      137.33      182.67        0.00
     0     4      141.33      184.00        0.00
     0     4      145.33      185.33        0.00
     0     4      149.33      186.67        0.00
     0     4      153.33      186.67        0.00
     0     4      157.33      186.67        0.00
     0     4      161.33      188.00        0.00
     0     4      168.00      188.00        0.00
     0     4      172.00      188.00        0.00
     0     4      176.00      188.00        0.00
     0     4      180.00      186.67        0.00
     0     4      184.00      186.67        0.00
     0     4      188.00      185.33        0.00
     0     4      192.00      185.33        0.00
     0     4      196.00      185.33        0.00
     0     4      200.00      184.00        0.00
     0     4      204.00      182.67        0.00
     0     4      208.00      181.33        0.00
     0     4      212.00      180.00        0.00
     0     4      216.00      177.33        0.00
     0     4      220.00      176.00        0.00
     0     4      226.67      173.33        0.00
     0     4      234.67      170.67        0.00
     0     4      240.00      168.00        0.00
     0     4      246.67      165.33        0.00
     0     4      250.67      164.00        0.00
     0     4      257.33      161.33        0.00
     0     4      266.67      157.33        0.00
     0     4      274.67      156.00        0.00
     0     4      282.67      152.00        0.00
     0     4      290.67      149.33        0.00
     0     4      301.33      145.33        0.00
     0     4      309.33      144.00        0.00
     0     4      316.00      140.00        0.00
     0     4      320.00      138.67        0.00
     0     4      324.00      137.33        0.00
     0     4      329.33      134.67        0.00
     0     4      333.33      133.33        0.00
     0     4      340.00      130.67        0.00
     0     4      344.00      129.33        0.00
     0     4      349.33      126.67        0.00
     0     4      353.33      125.33        0.00
     0     4      358.67      122.67        0.00
     0     4      364.00      121.33        0.00
     0     4      368.00      120.00        0.00
     0     4      376.00      116.00        0.00
     0     4      382.67      114.67        0.00
     0     4      390.67      112.00        0.00
     0     4      396.00      110.67        0.00
     0     4      402.67      108.00        0.00
     0     4      406.67      106.67        0.00
     0     4      414.67      105.33        0.00
     0     4      420.00      102.67        0.00
     0     4      425.33      101.33        0.00
     0     4      429.33       98.67        0.00
     0     4      432.00       96.00        0.00
     0     4      436.00       94.67        0.00
     0     4      440.00       93.33        0.00
     0     4      446.67       92.00        0.00
     0     4      450.67       90.67        0.00
     0     4      457.33       89.33        0.00
     0     4      461.33       89.33        0.00
     0     4      465.33       89.33        0.00
     0     4      469.33       88.00        0.00
     0     4      473.33       88.00        0.00
     0     4      477.33       88.00        0.00
     0     4      481.33       88.00        0.00
     0     4      485.33       88.00        0.00
     0     4      489.33       88.00        0.00
     0     4      493.33       88.00        0.00
     0     4      497.33       89.33        0.00
     0     4      501.33       90.67        0.00
     0     4      505.33       92.00        0.00
     0     4      509.33       93.33        0.00
     0     4      513.33       93.33        0.00
     0     4      517.33       94.67        0.00
     0     4      521.33       96.00        0.00
     0     4      525.33       97.33        0.00
     0     4      529.33       97.33        0.00
     0     4      533.33       98.67        0.00
     0     4      537.33       98.67        0.00
     0     4      541.33      100.00        0.00
     0     4      545.33      100.00        0.00
     0     4      549.33      101.33        0.00
     0     4      553.33      102.67        0.00
     0     4      557.33      104.00        0.00
     0     4      561.33      105.33        0.00
     0     4      565.33      105.33        0.00
     0     4      569.33      106.67        0.00
     0     4      580.00      109.33        0.00
     0     4      585.33      110.67        0.00
     0     4      592.00      112.00        0.00
     0     4      598.67      114.67        0.00
     0     4      602.67      116.00        0.00
     0     4      606.67      117.33        0.00
     0     4      612.00      120.00        0.00
     0     4      616.00      121.33        0.00
     0     4      620.00      124.00        0.00
     0     4      626.67      128.00        0.00
     0     4      632.00      130.67        0.00
     0     4      640.00      132.00        0.00
     0     4      649.33      136.00        0.00
     0     4      656.00      138.67        0.00
     0     4      661.33      141.33        0.00
     0     4      666.67      144.00        0.00
     0     4      672.00      146.67        0.00
     0     4      676.00      148.00        0.00
     0     4      682.67      152.00        0.00
     0     4      686.67      154.67        0.00
     0     4      690.67      158.67        0.00
     0     4      694.67      164.00        0.00
     0     4      698.67      166.67        0.00
     0     4      702.67      169.33        0.00
     0     4      706.67      170.67        0.00
     0     4      710.67      173.33        0.00
     0     4      714.67      176.00        0.00
     0     4      720.00      177.33        0.00
     0     4      724.00      180.00        0.00
     0     4      729.33      182.67        0.00
     0     4      734.67      186.67        0.00
     0     4      738.67      188.00        0.00
     0     4      741.33      190.67        0.00
     0     4      746.67      193.33        0.00
     0     4      750.67      197.33        0.00
     0     4      756.00      201.33        0.00
     0     4      764.00      206.67        0.00
     0     4      768.00      210.67        0.00
     0     4      773.33      213.33        0.00
     0     4      776.00      216.00        0.00
     0     4      777.33      220.00        0.00
     0     4      780.00      222.67        0.00
     0     4      782.67      225.33        0.00
     0     4      785.33      229.33        0.00
     0     4      788.00      233.33        0.00
     0     4      789.33      237.33        0.00
     0     4      790.67      241.33        0.00
     0     4      793.33      244.00        0.00
     0     4      794.67      248.00        0.00
     0     4      797.33      253.33        0.00
     0     4      798.67      257.33        0.00
     0     4      801.33      261.33        0.00
     0     4      804.00      266.67        0.00
     0     4      805.33      270.67        0.00
     0     4      808.00      276.00        0.00
     0     4      809.33      280.00        0.00
     0     4      810.67      284.00        0.00
     0     4      813.33      288.00        0.00
     0     4      814.67      292.00        0.00
     0     4      816.00      296.00        0.00
     0     4      817.33      300.00        0.00
     0     4      818.67      304.00        0.00
     0     4      820.00      308.00        0.00
     0     4      821.33      312.00        0.00
     0     4      822.67      316.00        0.00
     0     4      822.67      320.00        0.00
     0     4      822.67      324.00        0.00
     0     4      822.67      328.00        0.00
     0     4      821.33      332.00        0.00
     0     4      821.33      336.00        0.00
     0     4      820.00      340.00        0.00
     0     4      818.67      344.00        0.00
     0     4      816.00      346.67        0.00
     0     4      813.33      349.33        0.00
     0     4      810.67      352.00        0.00
     0     4      808.00      354.67        0.00
     0     4      804.00      357.33        0.00
     0     4      801.33      360.00        0.00
     0     4      797.33      362.67        0.00
     0     4      793.33      364.00        0.00
     0     4      789.33      365.33        0.00
     0     4      785.33      365.33        0.00
     0     4      781.33      365.33        0.00
     0     4      777.33      365.33        0.00
     0     4      773.33      364.00        0.00
     0     4      769.33      364.00        0.00
     0     4      765.33      362.67        0.00
     0     4      761.33      362.67        0.00
     0     4      756.00      361.33        0.00
     0     4      749.33      358.67        0.00
     0     4      742.67      354.67        0.00
     0     4      738.67      353.33        0.00
     0     4      732.00      350.67        0.00
     0     4      725.33      346.67        0.00
     0     4      717.33      344.00        0.00
     0     4      712.00      340.00        0.00
     0     4      709.33      337.33        0.00
     0     4      706.67      334.67        0.00
     0     4      701.33      329.33        0.00
     0     4      697.33      324.00        0.00
     0     4      694.67      320.00        0.00
     0     4      690.67      316.00        0.00
     0     4      688.00      312.00        0.00
     0     4      682.67      308.00        0.00
     0     4      676.00      304.00        0.00
     0     4      672.00      300.00        0.00
     0     4      668.00      296.00        0.00
     0     4      662.67      293.33        0.00
     0     4      658.67      290.67        0.00
     0     4      653.33      288.00        0.00
     0     4      648.00      284.00        0.00
     0     4      642.67      281.33        0.00
     0     4      638.67      277.33        0.00
     0     4      634.67      276.00        0.00
     0     4      629.33      273.33        0.00
     0     4      625.33      270.67        0.00
     0     4      621.33      269.33        0.00
     0     4      617.33      268.00        0.00
     0     4      613.33      266.67        0.00
     0     4      609.33      266.67        0.00
     0     4      604.00      265.33        0.00
     0     4      598.67      264.00        0.00
     0     4      594.67      262.67        0.00
     0     4      588.00      260.00        0.00
     0     4      584.00      258.67        0.00
     0     4      580.00      257.33        0.00
     0     4      576.00      254.67        0.00
     0     4      572.00      253.33        0.00
     0     4      565.33      252.00        0.00
     0     4      561.33      250.67        0.00
     0     4      558.67      248.00        0.00
     0     4      553.33      246.67        0.00
     0     4      548.00      244.00        0.00
     0     4      544.00      244.00        0.00
     0     4      540.00      242.67        0.00
     0     4      536.00      241.33        0.00
     0     4      530.67      240.00        0.00
     0     4      521.33      240.00        0.00
     0     4      517.33      240.00        0.00
     0     4      513.33      240.00        0.00
     0     4      509.33      240.00        0.00
     0     4      505.33      240.00        0.00
     0     4      501.33      241.33        0.00
     0     4      494.67      242.67        0.00
     0     4      484.00      242.67        0.00
     0     4      476.00      244.00        0.00
     0     4      472.00      246.67        0.00
     0     4      468.00      248.00        0.00
     0     4      464.00      249.33        0.00
     0     4      460.00      249.33        0.00
     0     4      456.00      252.00        0.00
     0     4      452.00      253.33        0.00
     0     4      448.00      254.67        0.00
     0     4      445.33      257.33        0.00
     0     4      441.33      258.67        0.00
     0     4      437.33      260.00        0.00
     0     4      433.33      261.33        0.00
     0     4      429.33      264.00        0.00
     0     4      425.33      265.33        0.00
     0     4      421.33      266.67        0.00
     0     4      417.33      268.00        0.00
     0     4      393.33      276.00        0.00
     0     4      381.33      282.67        0.00
     0     4      377.33      285.33        0.00
     0     4      373.33      288.00        0.00
     0     4      369.33      290.67        0.00
     0     4      365.33      293.33        0.00
     0     4      361.33      297.33        0.00
     0     4      357.33      300.00        0.00
     0     4      353.33      304.00        0.00
     0     4      348.00      308.00        0.00
     0     4      342.67      310.67        0.00
     0     4      337.33      314.67        0.00
     0     4      333.33      316.00        0.00
     0     4      330.67      318.67        0.00
     0     4      326.67      321.33        0.00
     0     4      324.00      324.00        0.00
     0     4      321.33      326.67        0.00
     0     4      318.67      329.33        0.00
     0     4      314.67      332.00        0.00
     0     4      309.33      334.67        0.00
     0     4      305.33      337.33        0.00
     0     4      301.33      340.00        0.00
     0     4      297.33      341.33        0.00
     0     4      294.67      344.00        0.00
     0     4      292.00      346.67        0.00
     0     4      289.33      349.33        0.00
     0     4      284.00      352.00        0.00
     0     4      281.33      354.67        0.00
     0     4      278.67      357.33        0.00
     0     4      277.33      361.33        0.00
     0     4      273.33      366.67        0.00
     0     4      270.67      370.67        0.00
     0     4      265.33      376.00        0.00
     0     4      261.33      381.33        0.00
     0     4      257.33      386.67        0.00
     0     4      253.33      393.33        0.00
     0     4      250.67      397.33        0.00
     0     4      245.33      405.33        0.00
     0     4      242.67      410.67        0.00
     0     4      240.00      418.67        0.00
     0     4      237.33      422.67        0.00
     0     4      234.67      430.67        0.00
     0     4      232.00      436.00        0.00
     0     4      230.67      440.00        0.00
     0     4      229.33      444.00        0.00
     0     4      228.00      448.00        0.00
     0     4      225.33      452.00        0.00
     0     4      225.33      456.00        0.00
     0     4      224.00      460.00        0.00
     0     4      222.67      464.00        0.00
     0     4      221.33      468.00        0.00
     0     4      220.00      472.00        0.00
     0     4      220.00      476.00        0.00
     0     4      221.33      480.00        0.00
     0     4      221.33      484.00        0.00
     0     4      222.67      488.00        0.00
     0     4      224.00      492.00        0.00
     0     4      225.33      496.00        0.00
     0     4      225.33      502.67        0.00
     0     4      225.33      508.00        0.00
     0     4      225.33      513.33        0.00
     0     4      225.33      520.00        0.00
     0     4      225.33      525.33        0.00
     0     4      225.33      533.33        0.00
     0     4      225.33      538.67        0.00
     0     4      226.67      544.00        0.00
     0     4      228.00      549.33        0.00
     0     4      228.00      557.33        0.00
     0     4      228.00      561.33        0.00
     0     4      229.33      565.33        0.00
     0     4      229.33      572.00        0.00
     0     4      229.33      576.00        0.00
     0     4      229.33      582.67        0.00
     0     4      229.33      586.67        0.00
     0     4      229.33      590.67        0.00
     0     4      229.33      594.67        0.00
     0     4      229.33      598.67        0.00
     0     4      229.33      602.67        0.00
     0     4      230.67      606.67        0.00
     0     4      230.67      610.67        0.00
     0     4      230.67      614.67        0.00
     0     4      230.67      618.67        0.00
     0     4      232.00      622.67        0.00
     0     5       72.00        2.67        0.00
     0     5       66.67        5.33        0.00
     0     5       64.00        9.33        0.00
     0     5       62.67       13.33        0.00
     0     5       61.33       17.33        0.00
     0     5       60.00       21.33        0.00
     0     5       60.00       25.33        0.00
     0     5       58.67       29.33        0.00
     0     5       58.67       33.33        0.00
     0     5       58.67       37.33        0.00
     0     5       58.67       41.33        0.00
     0     5       58.67       45.33        0.00
     0     5       60.00       49.33        0.00
     0     5       61.33       53.33        0.00
     0     5       62.67       57.33        0.00
     0     5       62.67       62.67        0.00
     0     5       64.00       68.00        0.00
     0     5       64.00       73.33        0.00
     0     5       66.67       78.67        0.00
     0     5       69.33       84.00        0.00
     0     5       72.00       90.67        0.00
     0     5       72.00       94.67        0.00
     0     5       76.00      100.00        0.00
     0     5       78.67      104.00        0.00
     0     5       80.00      108.00        0.00
     0     5       82.67      112.00        0.00
     0     5       85.33      114.67        0.00
     0     5       88.00      117.33        0.00
     0     5       90.67      120.00        0.00
     0     5       93.33      124.00        0.00
     0     5       96.00      128.00        0.00
     0     5       98.67      130.67        0.00
     0     5      100.00      134.67        0.00
     0     5      101.33      138.67        0.00
     0     5      104.00      141.33        0.00
     0     5      106.67      144.00        0.00
     0     5      109.33      146.67        0.00
     0     5      112.00      149.33        0.00
     0     5      116.00      152.00        0.00
     0     5      118.67      154.67        0.00
     0     5      122.67      156.00        0.00
     0     5      125.33      158.67        0.00
     0     5      129.33      162.67        0.00
     0     5      132.00      165.33        0.00
     0     5      134.67      168.00        0.00
     0     5      137.33      170.67        0.00
     0     5      140.00      173.33        0.00
     0     5      144.00      174.67        0.00
     0     5      148.00      177.33        0.00
     0     5      152.00      178.67        0.00
     0     5      156.00      180.00        0.00
     0     5      160.00      181.33        0.00
     0     5      166.67      182.67        0.00
     0     5      172.00      182.67        0.00
     0     5      177.33      182.67        0.00
     0     5      185.33      182.67        0.00
     0     5      190.67      182.67        0.00
     0     5      198.67      181.33        0.00
     0     5      204.00      181.33        0.00
     0     5      208.00      180.00        0.00
     0     5      214.67      176.00        0.00
     0     5      218.67      173.33        0.00
     0     5      225.33      169.33        0.00
     0     5      229.33      168.00        0.00
     0     5      233.33      165.33        0.00
     0     5      237.33      164.00        0.00
     0     5      241.33      161.33        0.00
     0     5      245.33      158.67        0.00
     0     5      250.67      156.00        0.00
     0     5      254.67      153.33        0.00
     0     5      258.67      150.67        0.00
     0     5      264.00      146.67        0.00
     0     5      268.00      144.00        0.00
     0     5      270.67      141.33        0.00
     0     5      273.33      137.33        0.00
     0     5      276.00      133.33        0.00
     0     5      278.67      129.33        0.00
     0     5      281.33      125.33        0.00
     0     5      282.67      121.33        0.00
     0     5      286.67      113.33        0.00
     0     5      288.00      108.00        0.00
     0     5      290.67      104.00        0.00
     0     5      292.00       97.33        0.00
     0     5      292.00       92.00        0.00
     0     5      294.67       85.33        0.00
     0     5      296.00       81.33        0.00
     0     5      297.33       77.33        0.00
     0     5      298.67       73.33        0.00
     0     5      300.00       69.33        0.00
     0     5      300.00       65.33        0.00
     0     5      300.00       61.33        0.00
     0     5      300.00       57.33        0.00
     0     5      300.00       53.33        0.00
     0     5      300.00       49.33        0.00
     0     5      298.67       45.33        0.00
     0     5      297.33       41.33        0.00
     0     5      297.33       37.33        0.00
     0     5      296.00       33.33        0.00
     0     5      294.67       29.33        0.00
     0     5      293.33       25.33        0.00
     0     5      292.00       21.33        0.00
     0     5      292.00       17.33        0.00
     0     5      290.67       13.33        0.00
     0     5      289.33        9.33        0.00
     0     5      288.00        5.33        0.00
     0     6      846.67      600.00        0.00
     0     6      841.33      609.33        0.00
     0     6      838.67      613.33        0.00
     0     6      836.00      616.00        0.00
     0     6      832.00      617.33        0.00
     0     6      828.00      618.67        0.00
     0     6      824.00      621.33        0.00
     0     6      818.67      624.00        0.00
     0     6      816.00      626.67        0.00
     0     6      812.00      628.00        0.00
     0     6      808.00      630.67        0.00
     0     6      805.33      633.33        0.00
     0     6      801.33      634.67        0.00
     0     6      797.33      634.67        0.00
     0     6      793.33      636.00        0.00
     0     6      788.00      636.00        0.00
     0     6      782.67      636.00        0.00
     0     6      777.33      637.33        0.00
     0     6      772.00      637.33        0.00
     0     6      762.67      637.33        0.00
     0     6      757.33      636.00        0.00
     0     6      753.33      634.67        0.00
     0     6      746.67      632.00        0.00
     0     6      740.00      629.33        0.00
     0     6      736.00      626.67        0.00
     0     6      732.00      624.00        0.00
     0     6      728.00      621.33        0.00
     0     6      724.00      618.67        0.00
     0     6      720.00      614.67        0.00
     0     6      714.67      609.33        0.00
     0     6      713.33      604.00        0.00
     0     6      710.67      598.67        0.00
     0     6      706.67      590.67        0.00
     0     6      704.00      582.67        0.00
     0     6      700.00      573.33        0.00
     0     6      698.67      565.33        0.00
     0     6      696.00      558.67        0.00
     0     6      694.67      553.33        0.00
     0     6      692.00      545.33        0.00
     0     6      690.67      540.00        0.00
     0     6      690.67      533.33        0.00
     0     6      689.33      526.67        0.00
     0     6      688.00      522.67        0.00
     0     6      686.67      514.67        0.00
     0     6      686.67      510.67        0.00
     0     6      686.67      504.00        0.00
     0     6      688.00      498.67        0.00
     0     6      690.67      492.00        0.00
     0     6      693.33      485.33        0.00
     0     6      697.33      480.00        0.00
     0     6      700.00      474.67        0.00
     0     6      702.67      469.33        0.00
     0     6      705.33      464.00        0.00
     0     6      708.00      458.67        0.00
     0     6      710.67      453.33        0.00
     0     6      714.67      449.33        0.00
     0     6      718.67      445.33        0.00
     0     6      724.00      442.67        0.00
     0     6      733.33      438.67        0.00
     0     6      740.00      437.33        0.00
     0     6      746.67      436.00        0.00
     0     6      757.33      436.00        0.00
     0     6      764.00      436.00        0.00
     0     6      773.33      436.00        0.00
     0     6      777.33      434.67        0.00
     0     6      782.67      434.67        0.00
     0     6      786.67      436.00        0.00
     0     6      790.67      436.00        0.00
     0     6      794.67      437.33        0.00
     0     6      798.67      438.67        0.00
     0     6      802.67      441.33        0.00
     0     6      806.67      444.00        0.00
     0     6      813.33      448.00        0.00
     0     6      817.33      450.67        0.00
     0     6      821.33      453.33        0.00
     0     6      824.00      456.00        0.00
     0     6      826.67      458.67        0.00
     0     6      830.67      461.33        0.00
     0     6      834.67      464.00        0.00
     0     6      838.67      466.67        0.00
     0     6      841.33      469.33        0.00
     0     6      846.67      473.33        0.00
     0     6      849.33      477.33        0.00
     0     6      852.00      481.33        0.00
     0     6      854.67      484.00        0.00
     0     6      857.33      488.00        0.00
     0     6      860.00      492.00        0.00
     0     6      861.33      496.00        0.00
     0     6      862.67      502.67        0.00
     0     6      864.00      506.67        0.00
     0     6      865.33      510.67        0.00
     0     6      866.67      516.00        0.00
     0     6      866.67      522.67        0.00
     0     6      866.67      529.33        0.00
     0     6      866.67      536.00        0.00
     0     6      866.67      541.33        0.00
     0     6      865.33      548.00        0.00
     0     6      864.00      552.00        0.00
     0     6      864.00      557.33        0.00
     0     6      862.67      562.67        0.00
     1     0      215.33      873.00        0.00
     1     0      213.33      875.67        0.00
     1     0      210.00      877.00        0.00
     1     0      206.67      878.33        0.00
     1     0      203.33      878.33        0.00
     1     0      200.00      878.33        0.00
     1     0      196.00      877.00        0.00
     1     0      193.33      875.00        0.00
     1     0      191.33      872.33        0.00
     1     0      190.00      869.00        0.00
     1     0      189.33      865.67        0.00
     1     0      189.33      862.33        0.00
     1     0      190.00      859.00        0.00
     1     0      192.00      855.67        0.00
     1     0      194.67      853.00        0.00
     1     0      198.67      850.33        0.00
     1     0      204.00      847.67        0.00
     1     0      207.33      846.33        0.00
     1     0      210.67      846.33        0.00
     1     0      215.33      847.67        0.00
     1     0      218.67      848.33        0.00
     1     0      222.00      850.33        0.00
     1     0      224.00      853.00        0.00
     1     0      226.67      855.67        0.00
     1     0      227.33      859.00        0.00
     1     0      228.00      862.33        0.00
     1     0      227.33      865.67        0.00
     1     0      224.67      867.67        0.00
     1     1       95.33      710.33        0.00
     1     1       92.00      714.33        0.00
     1     1       88.67      715.67        0.00
     1     1       85.33      717.00        0.00
     1     1       82.00      717.00        0.00
     1     1       78.00      717.00        0.00
     1     1       74.67      717.00        0.00
     1     1       71.33      715.67        0.00
     1     1       68.00      713.67        0.00
     1     1       65.33      711.00        0.00
     1     1       63.33      707.67        0.00
     1     1       62.00      704.33        0.00
     1     1       62.00      701.00        0.00
     1     1       62.00      697.00        0.00
     1     1       62.00      693.67        0.00
     1     1       63.33      690.33        0.00
     1     1       65.33      687.00        0.00
     1     1       67.33      684.33        0.00
     1     1       70.00      681.67        0.00
     1     1       73.33      680.33        0.00
     1     1       76.67      679.67        0.00
     1     1       81.33      679.67        0.00
     1     1       84.67      679.67        0.00
     1     1       88.00      680.33        0.00
     1     1       91.33      681.67        0.00
     1     1       94.67      683.00        0.00
     1     1       97.33      685.00        0.00
     1     1       99.33      688.33        0.00
     1     1      100.00      691.67        0.00
     1     1      100.00      695.00        0.00
     1     1      100.67      698.33        0.00
     1     1      101.33      701.67        0.00
     1     2      128.67      706.33        0.00
     1     2      131.33      712.33        0.00
     1     2      131.33      715.67        0.00
     1     2      130.00      719.00        0.00
     1     2      127.33      721.00        0.00
     1     2      124.00      721.67        0.00
     1     2      120.67      722.33        0.00
     1     2      117.33      722.33        0.00
     1     2      114.00      721.67        0.00
     1     2      111.33      719.67        0.00
     1     2      109.33      717.00        0.00
     1     2      108.00      713.67        0.00
     1     2      107.33      710.33        0.00
     1     2      107.33      707.00        0.00
     1     2      108.67      703.67        0.00
     1     2      110.67      701.00        0.00
     1     2      113.33      699.00        0.00
     1     2      116.00      697.00        0.00
     1     2      119.33      697.00        0.00
     1     2      122.67      698.33        0.00
     1     2      125.33      700.33        0.00
     1     3      280.00      643.67        0.00
     1     3      278.67      648.33        0.00
     1     3      277.33      651.67        0.00
     1     3      275.33      655.00        0.00
     1     3      273.33      657.67        0.00
     1     3      270.67      659.67        0.00
     1     3      267.33      661.00        0.00
     1     3      264.67      663.00        0.00
     1     3      261.33      663.67        0.00
     1     3      258.00      661.67        0.00
     1     3      254.67      660.33        0.00
     1     3      252.00      657.67        0.00
     1     3      249.33      655.67        0.00
     1     3      247.33      653.00        0.00
     1     3      246.67      649.67        0.00
     1     3      246.00      646.33        0.00
     1     3      245.33      643.00        0.00
     1     3      245.33      639.67        0.00
     1     3      245.33      636.33        0.00
     1     3      246.00      633.00        0.00
     1     3      246.00      629.67        0.00
     1     3      246.00      626.33        0.00
     1     3      247.33      623.00        0.00
     1     3      250.00      620.33        0.00
     1     3      252.67      618.33        0.00
     1     3      256.00      617.00        0.00
     1     3      259.33      616.33        0.00
     1     3      262.67      615.67        0.00
     1     3      266.00      615.67        0.00
     1     3      269.33      617.00        0.00
     1     3      272.00      619.00        0.00
     1     3      274.67      621.00        0.00
     1     3      277.33      623.00        0.00
     1     3      279.33      625.67        0.00
     1     3      281.33      629.00        0.00
     1     3      282.00      632.33        0.00
     1     3      282.00      635.67        0.00
     1     4      264.00      560.33        0.00
     1     4      266.00      566.33        0.00
     1     4      266.00      569.67        0.00
     1     4      265.33      573.00        0.00
     1     4      263.33      575.67        0.00
     1     4      261.33      578.33        0.00
     1     4      258.67      581.00        0.00
     1     4      255.33      581.67        0.00
     1     4      252.00      582.33        0.00
     1     4      248.67      582.33        0.00
     1     4      245.33      581.00        0.00
     1     4      242.67      578.33        0.00
     1     4      242.00      575.00        0.00
     1     4      242.00      571.67        0.00
     1     4      242.00      568.33        0.00
     1     4      242.00      565.00        0.00
     1     4      242.67      561.67        0.00
     1     4      244.00      558.33        0.00
     1     4      246.67      555.67        0.00
     1     4      250.00      555.00        0.00
     1     4      253.33      555.00        0.00
     1     5      254.00      483.33        0.00
     1     5      256.00      490.00        0.00
     1     5      255.33      493.33        0.00
     1     5      253.33      496.00        0.00
     1     5      250.00      497.33        0.00
     1     5      246.67      497.33        0.00
     1     5      243.33      498.00        0.00
     1     5      240.00      498.00        0.00
     1     5      236.67      496.00        0.00
     1     5      233.33      494.67        0.00
     1     5      230.00      492.67        0.00
     1     5      226.67      490.67        0.00
     1     5      224.00      488.00        0.00
     1     5      221.33      485.33        0.00
     1     5      218.67      482.67        0.00
     1     5      217.33      479.33        0.00
     1     5      216.67      476.00        0.00
     1     5      216.67      472.00        0.00
     1     5      216.67      468.00        0.00
     1     5      217.33      464.67        0.00
     1     5      218.00      460.67        0.00
     1     5      219.33      457.33        0.00
     1     5      221.33      454.00        0.00
     1     5      223.33      451.33        0.00
     1     5      226.67      450.00        0.00
     1     5      230.00      448.67        0.00
     1     5      233.33      448.00        0.00
     1     5      236.67      447.33        0.00
     1     5      240.00      448.67        0.00
     1     5      242.00      451.33        0.00
     1     5      244.67      453.33        0.00
     1     5      246.00      456.67        0.00
     1     5      248.00      459.33        0.00
     1     5      249.33      462.67        0.00
     1     5      249.33      466.00        0.00
     1     6      282.00      460.00        0.00
     1     6      276.67      464.67        0.00
     1     6      274.00      467.33        0.00
     1     6      270.67      468.67        0.00
     1     6      267.33      469.33        0.00
     1     6      264.00      469.33        0.00
     1     6      260.67      468.00        0.00
     1     6      258.00      465.33        0.00
     1     6      257.33      462.00        0.00
     1     6      256.67      458.67        0.00
     1     6      256.67      455.33        0.00
     1     6      257.33      452.00        0.00
     1     6      258.67      448.67        0.00
     1     6      260.67      445.33        0.00
     1     6      262.67      442.67        0.00
     1     6      266.00      440.67        0.00
     1     6      269.33      438.67        0.00
     1     6      272.67      438.67        0.00
     1     6      276.00      438.00        0.00
     1     6      279.33      438.00        0.00
     1     6      282.67      438.67        0.00
     1     6      286.00      440.00        0.00
     1     6      288.67      442.00        0.00
     1     6      289.33      445.33        0.00
     1     6      289.33      448.67        0.00
     1     6      288.00      452.00        0.00
     1     7      293.00      407.67        0.00
     1     7      295.00      414.33        0.00
     1     7      295.67      417.67        0.00
     1     7      295.67      421.00        0.00
     1     7      296.33      424.33        0.00
     1     7      293.67      426.33        0.00
     1     7      290.33      426.33        0.00
     1     7      287.00      427.00        0.00
     1     7      283.67      427.00        0.00
     1     7      280.33      426.33        0.00
     1     7      277.00      425.00        0.00
     1     7      275.00      421.67        0.00
     1     7      274.33      418.33        0.00
     1     7      274.33      415.00        0.00
     1     7      274.33      411.67        0.00
     1     7      275.00      407.67        0.00
     1     7      275.67      404.33        0.00
     1     7      277.67      401.67        0.00
     1     7      281.67      401.00        0.00
     1     7      285.67      401.00        0.00
     1     7      289.00      402.33        0.00
     1     8      463.00      278.00        0.00
     1     8      461.67      281.33        0.00
     1     8      459.00      283.33        0.00
     1     8      455.67      285.33        0.00
     1     8      452.33      286.67        0.00
     1     8      449.00      286.67        0.00
     1     8      445.67      286.67        0.00
     1     8      442.33      286.67        0.00
     1     8      439.00      286.67        0.00
     1     8      436.33      284.00        0.00
     1     8      434.33      281.33        0.00
     1     8      433.00      278.00        0.00
     1     8      433.67      274.67        0.00
     1     8      435.00      271.33        0.00
     1     8      437.00      268.67        0.00
     1     8      439.00      265.33        0.00
     1     8      441.67      263.33        0.00
     1     8      445.00      262.00        0.00
     1     8      448.33      260.00        0.00
     1     8      451.67      260.00        0.00
     1     8      455.00      259.33        0.00
     1     8      458.33      259.33        0.00
     1     8      461.00      261.33        0.00
     1     8      463.00      264.00        0.00
     1     8      464.33      267.33        0.00
     1     9      503.67      268.00        0.00
     1     9      505.00      274.67        0.00
     1     9      504.33      278.00        0.00
     1     9      503.00      281.33        0.00
     1     9      500.33      283.33        0.00
     1     9      497.00      284.67        0.00
     1     9      493.67      286.00        0.00
     1     9      490.33      286.67        0.00
     1     9      487.00      287.33        0.00
     1     9      483.67      287.33        0.00
     1     9      480.33      286.67        0.00
     1     9      477.00      284.67        0.00
     1     9      476.33      281.33        0.00
     1     9      475.00      278.00        0.00
     1     9      475.00      274.67        0.00
     1     9      475.67      271.33        0.00
     1     9      477.67      268.67        0.00
     1     9      480.33      266.67        0.00
     1     9      483.00      264.67        0.00
     1     9      485.67      262.67        0.00
     1     9      488.33      260.67        0.00
     1     9      491.67      260.00        0.00
     1     9      495.00      260.00        0.00
     1     9      498.33      261.33        0.00
     1     9      500.33      264.00        0.00
     1    10      572.33      288.67        0.00
     1    10      571.00      292.67        0.00
     1    10      569.00      295.33        0.00
     1    10      565.67      296.67        0.00
     1    10      562.33      296.67        0.00
     1    10      559.00      297.33        0.00
     1    10      555.67      297.33        0.00
     1    10      552.33      297.33        0.00
     1    10      549.00      296.00        0.00
     1    10      546.33      294.00        0.00
     1    10      545.00      290.67        0.00
     1    10      544.33      287.33        0.00
     1    10      543.67      284.00        0.00
     1    10      544.33      280.67        0.00
     1    10      546.33      278.00        0.00
     1    10      549.00      276.00        0.00
     1    10      552.33      274.67        0.00
     1    10      555.67      273.33        0.00
     1    10      559.00      273.33        0.00
     1    10      562.33      274.00        0.00
     1    10      565.67      275.33        0.00
     1    10      567.67      278.00        0.00
     1    11      615.67      308.00        0.00
     1    11      613.67      310.67        0.00
     1    11      610.33      312.67        0.00
     1    11      607.00      313.33        0.00
     1    11      603.67      314.00        0.00
     1    11      600.33      313.33        0.00
     1    11      597.67      311.33        0.00
     1    11      595.00      309.33        0.00
     1    11      592.33      307.33        0.00
     1    11      590.33      304.67        0.00
     1    11      589.67      301.33        0.00
     1    11      589.00      298.00        0.00
     1    11      589.00      294.67        0.00
     1    11      591.00      291.33        0.00
     1    11      593.67      288.67        0.00
     1    11      597.00      287.33        0.00
     1    11      600.33      286.67        0.00
     1    11      603.67      286.67        0.00
     1    11      607.00      287.33        0.00
     1    11      610.33      288.67        0.00
     1    11      613.67      290.67        0.00
     1    11      616.33      292.67        0.00
     1    11      618.33      295.33        0.00
     1    12      410.67      605.67        0.00
     1    12      406.00      608.33        0.00
     1    12      402.67      608.33        0.00
     1    12      399.33      607.00        0.00
     1    12      397.33      604.33        0.00
     1    12      395.33      601.67        0.00
     1    12      394.00      598.33        0.00
     1    12      393.33      595.00        0.00
     1    12      393.33      591.67        0.00
     1    12      393.33      588.33        0.00
     1    12      393.33      585.00        0.00
     1    12      394.00      581.67        0.00
     1    12      396.00      579.00        0.00
     1    12      399.33      577.67        0.00
     1    12      402.67      577.00        0.00
     1    12      406.00      577.67        0.00
     1    12      409.33      578.33        0.00
     1    12      412.00      581.00        0.00
     1    12      414.00      583.67        0.00
     1    12      415.33      587.00        0.00
     1    12      415.33      591.00        0.00
     1    12      416.00      594.33        0.00
     1    12      415.33      597.67        0.00
     1    13      629.00      523.33        0.00
     1    13      635.00      528.00        0.00
     1    13      636.33      531.33        0.00
     1    13      635.67      534.67        0.00
     1    13      633.67      538.00        0.00
     1    13      631.00      540.67        0.00
     1    13      627.67      542.00        0.00
     1    13      624.33      543.33        0.00
     1    13      621.00      545.33        0.00
     1    13      617.67      546.00        0.00
     1    13      614.33      546.00        0.00
     1    13      611.00      544.67        0.00
     1    13      608.33      542.67        0.00
     1    13      605.00      541.33        0.00
     1    13      602.33      538.67        0.00
     1    13      600.33      536.00        0.00
     1    13      599.67      532.67        0.00
     1    13      599.67      529.33        0.00
     1    13      601.00      526.00        0.00
     1    13      602.33      522.67        0.00
     1    13      604.33      520.00        0.00
     1    13      607.00      518.00        0.00
     1    13      610.33      516.67        0.00
     1    13      613.67      516.00        0.00
     1    13      617.00      516.67        0.00
     1    13      619.67      518.67        0.00
     1    14      581.67      537.33        0.00
     1    14      586.33      542.67        0.00
     1    14      588.33      546.00        0.00
     1    14      589.00      549.33        0.00
     1    14      588.33      552.67        0.00
     1    14      586.33      555.33        0.00
     1    14      583.00      557.33        0.00
     1    14      579.67      558.67        0.00
     1    14      576.33      559.33        0.00
     1    14      573.00      560.00        0.00
     1    14      569.67      559.33        0.00
     1    14      566.33      558.67        0.00
     1    14      563.00      557.33        0.00
     1    14      561.00      554.67        0.00
     1    14      560.33      551.33        0.00
     1    14      559.67      548.00        0.00
     1    14      559.67      544.67        0.00
     1    14      559.67      541.33        0.00
     1    14      561.00      538.00        0.00
     1    14      563.67      535.33        0.00
     1    14      567.00      534.67        0.00
     1    14      571.00      534.00        0.00
     1    15      641.67      566.00        0.00
     1    15      643.67      572.67        0.00
     1    15      644.33      576.00        0.00
     1    15      645.00      579.33        0.00
     1    15      645.00      582.67        0.00
     1    15      643.00      586.00        0.00
     1    15      641.00      588.67        0.00
     1    15      639.00      591.33        0.00
     1    15      635.67      592.67        0.00
     1    15      632.33      594.67        0.00
     1    15      629.00      594.67        0.00
     1    15      625.67      595.33        0.00
     1    15      622.33      595.33        0.00
     1    15      619.00      593.33        0.00
     1    15      617.67      590.00        0.00
     1    15      616.33      586.67        0.00
     1    15      615.67      583.33        0.00
     1    15      615.67      579.33        0.00
     1    15      615.67      576.00        0.00
     1    15      615.67      572.67        0.00
     1    15      617.00      569.33        0.00
     1    15      618.33      566.00        0.00
     1    15      619.67      562.67        0.00
     1    15      621.67      560.00        0.00
     1    15      624.33      558.00        0.00
     1    15      627.67      556.67        0.00
     1    15      631.00      556.00        0.00
     1    15      634.33      556.00        0.00
     1    15      637.67      556.67        0.00
     1    16      664.33      590.00        0.00
     1    16      668.33      596.00        0.00
     1    16      669.67      600.00        0.00
     1    16      670.33      603.33        0.00
     1    16      670.33      606.67        0.00
     1    16      669.67      610.00        0.00
     1    16      668.33      613.33        0.00
     1    16      665.67      616.00        0.00
     1    16      662.33      616.67        0.00
     1    16      659.00      616.67        0.00
     1    16      655.67      616.00        0.00
     1    16      653.00      614.00        0.00
     1    16      651.67      610.67        0.00
     1    16      651.00      606.67        0.00
     1    16      650.33      603.33        0.00
     1    16      650.33      600.00        0.00
     1    16      650.33      596.67        0.00
     1    16      651.00      593.33        0.00
     1    16      653.00      590.67        0.00
     1    16      656.33      590.00        0.00
     1    17      683.00      618.00        0.00
     1    17      690.33      618.00        0.00
     1    17      693.67      618.67        0.00
     1    17      695.67      621.33        0.00
     1    17      696.33      624.67        0.00
     1    17      697.00      628.00        0.00
     1    17      696.33      631.33        0.00
     1    17      695.00      634.67        0.00
     1    17      694.33      638.00        0.00
     1    17      691.67      640.00        0.00
     1    17      688.33      641.33        0.00
     1    17      685.00      642.00        0.00
     1    17      681.67      642.00        0.00
     1    17      678.33      642.67        0.00
     1    17      675.00      642.67        0.00
     1    17      671.67      642.67        0.00
     1    17      669.00      640.67        0.00
     1    17      667.67      637.33        0.00
     1    17      666.33      634.00        0.00
     1    17      666.33      630.67        0.00
     1    17      666.33      627.33        0.00
     1    17      667.00      624.00        0.00
     1    17      669.67      622.00        0.00
     1    17      672.33      620.00        0.00
     1    18      780.67      397.67        0.00
     1    18      774.00      400.33        0.00
     1    18      771.33      402.33        0.00
     1    18      768.67      404.33        0.00
     1    18      765.33      405.67        0.00
     1    18      762.00      406.33        0.00
     1    18      758.67      407.00        0.00
     1    18      755.33      407.67        0.00
     1    18      751.33      407.67        0.00
     1    18      747.33      407.67        0.00
     1    18      744.00      407.00        0.00
     1    18      740.67      405.00        0.00
     1    18      738.00      402.33        0.00
     1    18      736.67      399.00        0.00
     1    18      736.00      395.67        0.00
     1    18      736.00      392.33        0.00
     1    18      737.33      389.00        0.00
     1    18      738.67      385.67        0.00
     1    18      740.67      383.00        0.00
     1    18      743.33      381.00        0.00
     1    18      746.67      379.00        0.00
     1    18      750.00      377.67        0.00
     1    18      754.00      377.00        0.00
     1    18      757.33      376.33        0.00
     1    18      760.67      375.67        0.00
     1    18      764.00      375.00        0.00
     1    18      767.33      375.00        0.00
     1    18      770.67      375.00        0.00
     1    18      774.00      375.67        0.00
     1    18      777.33      377.00        0.00
     1    18      780.67      378.33        0.00
     1    18      782.67      381.00        0.00
     1    18      784.67      383.67        0.00
     1    18      787.33      385.67        0.00
     1    18      788.00      389.00        0.00
     1    19      942.33      593.00        0.00
     1    19      937.67      599.00        0.00
     1    19      934.33      599.67        0.00
     1    19      931.00      600.33        0.00
     1    19      927.67      601.00        0.00
     1    19      924.33      601.00        0.00
     1    19      921.00      601.00        0.00
     1    19      917.67      601.00        0.00
     1    19      914.33      601.00        0.00
     1    19      911.00      600.33        0.00
     1    19      908.33      598.33        0.00
     1    19      905.67      595.67        0.00
     1    19      904.33      592.33        0.00
     1    19      903.00      589.00        0.00
     1    19      902.33      585.67        0.00
     1    19      902.33      582.33        0.00
     1    19      902.33      579.00        0.00
     1    19      903.00      575.67        0.00
     1    19      905.00      572.33        0.00
     1    19      907.00      569.00        0.00
     1    19      909.67      566.33        0.00
     1    19      912.33      564.33        0.00
     1    19      915.67      563.00        0.00
     1    19      919.00      561.67        0.00
     1    19      922.33      561.67        0.00
     1    19      925.67      561.67        0.00
     1    19      929.67      561.67        0.00
     1    19      933.00      563.00        0.00
     1    19      936.33      563.67        0.00
     1    19      939.00      565.67        0.00
     1    19      941.67      567.67        0.00
     1    19      944.33      569.67        0.00
     1    19      945.67      573.00        0.00
     1    19      947.67      575.67        0.00
     1    19      948.33      579.00        0.00
     1    19      949.00      582.33        0.00
     1    19      947.67      585.67        0.00
     1    20      741.67      861.00        0.00
     1    20      737.67      864.33        0.00
     1    20      734.33      864.33        0.00
     1    20      731.00      864.33        0.00
     1    20      727.67      863.67        0.00
     1    20      724.33      862.33        0.00
     1    20      722.33      859.67        0.00
     1    20      721.67      856.33        0.00
     1    20      721.00      853.00        0.00
     1    20      721.67      849.67        0.00
     1    20      723.00      845.67        0.00
     1    20      725.67      843.67        0.00
     1    20      728.33      841.67        0.00
     1    20      731.67      841.00        0.00
     1    20      735.67      841.00        0.00
     1    20      739.00      841.67        0.00
     1    20      741.67      843.67        0.00
     1    20      743.67      846.33        0.00
     1    20      744.33      849.67        0.00
     1    21      774.00      187.33        0.00
     1    21      770.00      190.67        0.00
     1    21      766.67      192.67        0.00
     1    21      763.33      193.33        0.00
     1    21      760.00      194.67        0.00
     1    21      756.67      194.67        0.00
     1    21      753.33      194.00        0.00
     1    21      750.00      192.00        0.00
     1    21      746.67      190.00        0.00
     1    21      744.67      186.67        0.00
     1    21      742.67      183.33        0.00
     1    21      742.00      180.00        0.00
     1    21      742.00      176.67        0.00
     1    21      742.00      173.33        0.00
     1    21      742.00      170.00        0.00
     1    21      742.00      166.67        0.00
     1    21      742.67      163.33        0.00
     1    21      745.33      160.67        0.00
     1    21      748.67      159.33        0.00
     1    21      752.00      158.00        0.00
     1    21      755.33      158.00        0.00
     1    21      758.67      158.00        0.00
     1    21      762.00      158.67        0.00
     1    21      765.33      160.67        0.00
     1    21      768.00      162.67        0.00
     1    21      770.67      165.33        0.00
     1    21      773.33      168.00        0.00
     1    21      775.33      170.67        0.00
     1    21      776.67      174.00        0.00
     1    21      778.00      177.33        0.00
     1    21      776.00      180.67        0.00
